,class,class_class_logit_0_resnet,class_class_logit_1_resnet,class_class_logit_2_resnet,class_class_logit_3_resnet,class_class_logit_4_resnet,class_class_logit_5_resnet,class_class_logit_6_resnet,class_class_logit_7_resnet,class_class_prob_0_resnet,class_class_prob_1_resnet,class_class_prob_2_resnet,class_class_prob_3_resnet,class_class_prob_4_resnet,class_class_prob_5_resnet,class_class_prob_6_resnet,class_class_prob_7_resnet,class_pred_label_resnet,crossentropy_loss_resnet,incorrect_class_prob_resnet,correct_resnet,entropy_resnet,class_class_logit_0_resnet_mc,class_class_logit_1_resnet_mc,class_class_logit_2_resnet_mc,class_class_logit_3_resnet_mc,class_class_logit_4_resnet_mc,class_class_logit_5_resnet_mc,class_class_logit_6_resnet_mc,class_class_logit_7_resnet_mc,class_class_prob_0_resnet_mc,class_class_prob_1_resnet_mc,class_class_prob_2_resnet_mc,class_class_prob_3_resnet_mc,class_class_prob_4_resnet_mc,class_class_prob_5_resnet_mc,class_class_prob_6_resnet_mc,class_class_prob_7_resnet_mc,class_pred_label_resnet_mc,crossentropy_loss_resnet_mc,incorrect_class_prob_resnet_mc,correct_resnet_mc,pred_std_mc,split
0,0,-3.5244355,-0.65524423,4.2004533,-2.561981,-0.5394449,1.8041333,-6.4839625,-7.3596263,0.00039820894,0.0070175403,0.9015454,0.0010425571,0.007879089,0.0820879,2.0644518e-05,8.6002065e-06,2,,,,0.55142856,-3.45552,-0.6660882,4.1280875,-2.5263906,-0.41378918,1.7906129,-6.313825,-7.432971,0.00085672876,0.010344284,0.88515633,0.0016043946,0.0103826765,0.091588,5.688559e-05,1.0716069e-05,2,,,,0.011434839,Test
1,0,-1.4404182,0.83288157,4.341879,-3.0233989,-1.2508972,0.4768569,-8.16123,-12.219211,0.002911778,0.028277418,0.94488287,0.00059796876,0.0035193793,0.01980707,3.5103203e-06,6.067204e-08,2,,,,0.3944955,-1.1820269,0.8216203,4.139606,-2.9465814,-0.8411762,0.546719,-7.797292,-11.953825,0.010044992,0.06621236,0.8837608,0.001259939,0.0070440597,0.031657662,1.9971345e-05,2.8820844e-07,2,,,,0.033503156,Test
2,0,-2.9164858,0.5519152,6.06192,-3.2463677,-0.6412103,0.753375,-9.485578,-12.718045,0.00012480088,0.0040042857,0.98966867,8.973294e-05,0.0012143871,0.0048979907,1.7510453e-07,6.909632e-09,2,,,,0.09889492,-2.741549,0.5419397,6.372187,-3.2996535,-0.35203025,0.8946926,-9.539045,-12.936945,0.00050721265,0.008703663,0.9829467,0.0002533734,0.0016252559,0.005959472,4.2250263e-06,1.08223276e-07,2,,,,0.005861155,Test
3,0,7.2510962,0.40817064,-2.7760112,-0.22619301,-4.0232034,-5.9014506,-2.6798115,-11.349752,0.9982628,0.0010651238,4.4109034e-05,0.00056480616,1.2672981e-05,1.937164e-06,4.8563084e-05,8.336788e-09,0,,,,0.02069353,7.691926,0.64351594,-2.9217339,-0.20857024,-4.473769,-6.2669516,-2.8306487,-12.17347,0.99798644,0.0014961432,4.642717e-05,0.00041807574,9.744458e-06,1.2691202e-06,4.190641e-05,6.1987917e-09,0,,,,0.00047622062,Test
4,0,-4.4745383,-0.14903083,9.235546,-3.8450282,0.50682986,0.5776302,-12.443131,-15.652232,1.1107138e-06,8.3974315e-05,0.99957734,2.0844684e-06,0.00016180177,0.00017367257,3.8449155e-10,1.5530705e-11,2,,,,0.0060149087,-3.5169933,0.06382403,8.690481,-3.730349,0.02307852,0.029803425,-11.275436,-15.880162,2.96975e-05,0.0005946252,0.99846554,2.0653613e-05,0.0004397396,0.00044974062,9.258371e-08,2.2933078e-09,2,,,,0.0005846184,Test
5,0,3.7459128,4.6198936,0.5603473,-3.5975263,-3.3287494,-2.7693582,-8.040263,-15.845853,0.2906328,0.69648165,0.0120190745,0.00018798781,0.00024595633,0.00043032685,2.2114325e-06,9.0105057e-10,1,,,,0.96836704,3.740209,4.33031,0.73386323,-3.7471874,-3.5949492,-2.6371706,-8.645316,-16.479769,0.35824543,0.57227266,0.06787711,0.0002370505,0.00051825785,0.0008470242,2.4346143e-06,9.655492e-10,1,,,,0.07941275,Test
6,1,-1.1023854,1.6205502,3.4984555,-3.3096747,-1.0479822,-0.1590687,-7.73071,-10.354449,0.008366185,0.12737477,0.83300453,0.00092026725,0.008833942,0.021488436,1.10632445e-05,8.0242984e-07,2,,,,0.8447896,-0.3858305,1.8714924,3.3537498,-3.4027588,-1.2733706,-0.55514157,-7.7448845,-11.602026,0.029428417,0.22303137,0.72022057,0.0010348819,0.008421489,0.017845554,1.713527e-05,6.2632927e-07,2,,,,0.060488477,Test
7,0,-4.0252404,-1.063297,3.8248038,-1.935135,-0.6638356,1.5898948,-5.1347895,-5.71493,0.0003450461,0.0066716447,0.8853358,0.002789963,0.0099475635,0.09473258,0.00011376438,6.3687505e-05,2,,,,0.62205434,-4.2292705,-0.953194,3.8716934,-1.8111742,-0.53059685,1.5581602,-5.108012,-5.511611,0.00042454238,0.01166621,0.86352694,0.004073956,0.011396121,0.10854421,0.00024842023,0.00011960481,2,,,,0.021769838,Test
8,0,10.840949,-3.594724,-3.476944,3.2680721,-6.031919,-8.682233,-2.8090367,-13.855537,0.9994837,5.375795e-07,6.047749e-07,0.0005139455,4.698751e-08,3.318681e-09,1.1794024e-06,1.8803016e-11,0,,,,0.006408236,10.298029,-3.512402,-3.5429218,3.094833,-5.912273,-8.220046,-3.019114,-14.049391,0.9981679,1.2398594e-05,1.5010091e-05,0.0017891492,1.5313675e-06,1.834127e-07,1.38663845e-05,2.081918e-09,0,,,,0.00061549514,Test
9,0,-2.6643856,0.5743831,4.758708,-3.0467246,-0.6062956,1.1122661,-8.153863,-10.546584,0.0005704849,0.014548683,0.9551087,0.00038922133,0.004467467,0.024912836,2.3561042e-06,2.153024e-07,2,,,,0.33026788,-2.447151,0.75015634,4.6050634,-2.9291496,-0.78367454,1.0327117,-7.6144385,-10.356458,0.0022921916,0.045904227,0.91078556,0.0010842737,0.005941744,0.033971705,1.8764971e-05,1.4900502e-06,2,,,,0.023037165,Test
10,0,-3.783267,-0.3979047,6.230108,-3.022236,0.1456166,0.44877672,-8.39923,-9.627553,4.4493045e-05,0.0013138206,0.9932198,9.5236486e-05,0.002262478,0.0030636927,4.4015425e-07,1.2886976e-07,2,,,,0.06971802,-3.4935963,-0.06752162,5.603142,-2.521299,0.3043869,0.3483842,-7.4443345,-7.7579255,0.00015118817,0.004455577,0.9828025,0.00043952634,0.005870152,0.006268032,6.670964e-06,6.2893314e-06,2,,,,0.0023906028,Test
11,0,-4.8272986,-0.756004,7.084338,-3.24519,0.0043109823,1.9865209,-9.858127,-12.076177,6.662646e-06,0.0003906496,0.99266946,3.2415126e-05,0.0008355799,0.0060652774,4.35297e-08,4.73695e-09,2,,,,0.068774864,-4.56829,-0.9498825,7.3340273,-3.2558987,-0.0038942962,1.7068903,-9.995011,-11.670415,1.7930159e-05,0.00047698477,0.99338806,5.154874e-05,0.0009198738,0.0051454925,1.1175033e-07,2.4358684e-08,2,,,,0.0012552714,Test
12,0,0.56525,3.0991523,1.5085227,-3.3771098,-2.0576913,-0.346881,-6.818768,-11.334687,0.060005102,0.75621974,0.15411551,0.0011642417,0.0043557133,0.024102096,3.7269197e-05,4.0748444e-07,1,,,,1.1397939,0.52995217,3.2808194,1.3934994,-3.0580132,-2.4561512,-0.2606649,-6.461329,-11.257669,0.062919185,0.7355654,0.15451296,0.002271472,0.0043853517,0.040258177,8.6384025e-05,1.0599542e-06,1,,,,0.04915458,Test
13,0,-3.7030106,0.00010695867,5.928179,-3.2845743,-0.14240557,1.0939333,-8.767384,-10.554964,6.480056e-05,0.0026291914,0.98707724,9.8469834e-05,0.0022799738,0.007849914,4.0940157e-07,6.8519334e-08,2,,,,0.11818667,-4.229951,-0.15073118,5.8521333,-3.4235635,-0.42491943,1.1605253,-8.658813,-10.596401,8.182596e-05,0.004645354,0.97993934,0.00014855801,0.002295126,0.01288785,1.3388488e-06,6.6855665e-07,2,,,,0.004273056,Test
14,0,-2.9850435,1.0051917,6.7153287,-3.9456494,0.035712317,-0.47872713,-10.563891,-12.742496,6.0931372e-05,0.0032944153,0.9946248,2.3316063e-05,0.0012495071,0.0007469997,3.1145056e-08,3.525603e-09,2,,,,0.05592121,-2.8727481,1.3914269,6.884469,-3.662931,0.09395289,-0.5820568,-10.677559,-13.388193,0.0005772953,0.016691396,0.97923005,6.911673e-05,0.0025712862,0.00086077314,8.4534506e-08,8.049819e-09,2,,,,0.010065559,Test
15,0,-2.6850107,-0.47803032,2.463334,-2.186245,-1.1485634,1.6526608,-4.9147673,-6.5428085,0.0037709218,0.03427102,0.64915043,0.006209532,0.01752743,0.28858545,0.0004055801,7.9620935e-05,2,,,,1.2726667,-2.6787705,-0.45351687,2.6952481,-2.0714276,-0.9511717,1.7254881,-5.0131917,-6.8794785,0.0048685307,0.03488598,0.66845787,0.0072312355,0.019860806,0.26406392,0.00055420084,7.746255e-05,2,,,,0.027699614,Test
16,0,-0.8498595,2.1397405,3.480098,-3.3414664,-0.9414129,-0.36923212,-7.7517986,-10.776699,0.010057103,0.19991237,0.76374704,0.00083249505,0.009177235,0.016263224,1.0115769e-05,4.912486e-07,2,,,,0.995458,-0.66773427,2.2741208,3.6975608,-3.3609085,-0.75451505,-0.39930692,-8.164157,-10.703947,0.012443665,0.23717043,0.7250177,0.00089671864,0.010139112,0.014322141,8.886365e-06,1.3045877e-06,2,,,,0.049938127,Test
17,0,-5.7940464,-1.9346381,8.473974,-3.0534585,0.9270497,1.234302,-9.9368105,-10.527761,6.352128e-07,3.0132767e-05,0.99871576,9.84332e-06,0.0005270529,0.0007166254,1.0086471e-08,5.5858975e-09,2,,,,0.015707042,-5.7589912,-2.1905406,8.746606,-3.1071067,1.0408051,1.1744093,-10.356936,-10.52506,8.987334e-07,3.502214e-05,0.9984434,1.439465e-05,0.0005398413,0.0009664288,1.3650519e-08,1.2609249e-08,2,,,,0.00033694942,Test
18,0,-1.5073155,1.004896,3.5782602,-3.0331528,-0.98746073,0.60341066,-7.5645576,-10.510718,0.0054007038,0.0666024,0.87314785,0.001174323,0.009082812,0.044578668,1.2642228e-05,6.642354e-07,2,,,,0.74516207,-1.149883,1.2044618,3.492847,-2.9018059,-1.1976445,0.42816305,-7.686849,-10.161074,0.0130466,0.10380648,0.8261439,0.001532501,0.010455323,0.044992127,2.0109617e-05,2.8943302e-06,2,,,,0.028182127,Test
19,0,5.1659927,0.23875654,-1.1833317,-1.2328992,-2.4187813,-5.168733,-3.4363382,-9.417189,0.9887456,0.0071649496,0.0017282561,0.0016446789,0.0005024109,3.2119588e-05,0.00018160994,4.588697e-07,0,,,,0.10651511,4.8374147,0.32322326,-1.2115449,-1.2598426,-2.2340395,-4.6594696,-3.3977504,-9.694747,0.97523814,0.013012265,0.0049596,0.0035973259,0.0020661072,0.0005144538,0.0006100993,2.1247429e-06,0,,,,0.006691789,Test
20,0,-2.4030821,0.46844667,2.5025892,-2.5796568,-1.1045594,1.8346918,-5.4392676,-7.480556,0.004395077,0.07763463,0.5935706,0.003683673,0.016103031,0.30437446,0.00021104145,2.7406128e-05,2,,,,1.4183534,-2.4787822,0.49225736,2.6192288,-2.3471825,-1.2556146,1.8891668,-5.395011,-7.442647,0.0067403717,0.10607173,0.57805526,0.005087058,0.013616087,0.2898371,0.00053229777,6.009978e-05,2,,,,0.049718257,Test
21,1,-3.4903958,-0.5230674,3.6905737,-2.3326719,-0.92513424,1.8485628,-5.803509,-7.4873466,0.00064134586,0.012467706,0.84284484,0.0020411983,0.008340099,0.13358955,6.346285e-05,1.1782529e-05,2,,,,0.7584393,-3.6271293,-0.57404387,3.6420856,-2.2553039,-1.1644748,1.7096695,-5.6204367,-8.098658,0.0015386455,0.020983603,0.8247057,0.0037169294,0.008414902,0.14019182,0.00041113218,3.7289792e-05,2,,,,0.030649565,Test
22,0,11.04704,5.6868253,-2.9018347,-2.3777685,-6.843584,-8.048579,-8.616968,-23.158545,0.9953198,0.0046779006,8.710507e-07,1.4711006e-06,1.6910752e-08,5.0680464e-09,2.8707277e-09,1.3888829e-15,0,,,,0.042989586,10.393381,4.5772014,-2.750094,-1.8083346,-6.5775466,-7.1868057,-8.549997,-22.753536,0.9946305,0.005341867,7.540856e-06,1.9531642e-05,1.7683513e-07,2.3570621e-07,1.3648226e-07,9.552442e-13,0,,,,0.001260051,Test
23,1,5.3374915,3.9316702,-1.322378,-3.129472,-3.4886642,-4.408478,-6.1691375,-13.589342,0.80200654,0.19662443,0.0010276217,0.00016866394,0.00011776797,4.6941506e-05,8.070723e-06,4.834575e-09,0,,,,0.7313296,5.116424,3.923605,-0.79409426,-3.079396,-3.3329544,-4.15369,-5.8752136,-12.959829,0.72844714,0.26648083,0.004313325,0.00026572542,0.0003029918,0.0001702338,1.965683e-05,5.962861e-08,0,,,,0.044686656,Test
24,1,3.5456,1.13276,-0.37139314,-1.9896781,-2.0575871,-3.3454132,-4.082873,-9.264923,0.8939757,0.08006499,0.01779087,0.0035268327,0.003295281,0.00090906874,0.00043483256,2.4422284e-06,0,,,,0.60960543,3.2567368,0.7334151,-0.08978224,-1.9634918,-1.6009922,-3.0561883,-4.090554,-9.045777,0.8596527,0.07334746,0.042607285,0.00680051,0.013938437,0.0027753408,0.0008633471,1.4892107e-05,0,,,,0.025851859,Test
25,0,0.2739664,0.3843744,0.8151798,-2.3118865,-1.2100755,-1.6689193,-4.1693587,-4.482709,0.23253022,0.2596743,0.39950794,0.01751692,0.052719135,0.033319224,0.0027338068,0.0019983961,2,,,,2.0540628,0.2419645,0.35293537,0.9186897,-2.4517016,-1.0283506,-1.8347728,-4.2319293,-4.49328,0.23277107,0.23286784,0.42572165,0.014434082,0.058355432,0.030691594,0.002740608,0.0024177409,2,,,,0.057837628,Test
26,0,-0.5288097,-1.1103011,1.3284132,-1.948765,-0.030715054,-2.302507,-2.6535778,-0.641292,0.090620145,0.050662454,0.58050567,0.02190514,0.14912297,0.015378638,0.010825544,0.08097936,2,,,,1.9745076,-0.55866325,-1.2176011,1.377838,-2.0878332,0.041737713,-2.3138957,-2.6604488,-0.48054224,0.0973109,0.045051955,0.5711404,0.019389834,0.15010142,0.014747545,0.011360339,0.09089761,2,,,,0.028204005,Test
27,0,-2.129992,1.2256523,5.458556,-3.8143861,-0.58724624,0.07482703,-9.671002,-12.621448,0.00049528497,0.01419688,0.97840744,9.190349e-05,0.0023166533,0.004491547,2.6292744e-07,1.3755421e-08,2,,,,0.17994066,-2.086245,1.2963876,5.2586393,-3.779435,-0.64773905,0.2605459,-9.588274,-13.489187,0.00096521265,0.03417197,0.9473993,0.00015399966,0.003317567,0.013991381,4.6886217e-07,2.1384356e-08,2,,,,0.013007383,Test
28,0,-6.2240114,-2.08466,9.208016,-3.547911,0.9704716,1.7502887,-11.299299,-11.972063,1.9841906e-07,1.2453191e-05,0.9991436,2.8826983e-06,0.00026430632,0.00057647174,1.2399766e-09,6.327554e-10,2,,,,0.010839768,-5.597129,-2.1079173,9.339794,-3.612741,0.8121134,1.4499224,-11.202408,-12.768714,8.0184356e-07,1.6396018e-05,0.9990352,7.652741e-06,0.00028047332,0.0006594212,4.7081947e-09,1.3607546e-09,2,,,,0.0002577619,Test
29,0,-0.2528315,-1.9563106,1.4695295,-1.702724,-0.22812153,-3.7918031,-2.3162055,0.52035064,0.09650545,0.017568724,0.5402113,0.022639742,0.0989198,0.002802825,0.01225857,0.20909351,2,,,,1.9354784,-0.29211077,-1.9191787,1.6003377,-1.9435946,-0.054715384,-3.7018669,-2.6733847,0.4893008,0.08922468,0.017879821,0.5604494,0.016694915,0.10972524,0.0029465475,0.008567364,0.194512,2,,,,0.024617856,Test
30,0,0.21065088,2.553943,2.5448215,-3.3211608,-1.5360419,-0.8577363,-7.2136455,-11.143515,0.04487497,0.4673938,0.46314988,0.0013126765,0.007823932,0.01541734,2.6771524e-05,5.259601e-07,1,,,,1.3886551,0.22234139,2.8938177,2.455647,-3.3929925,-1.4254497,-0.8478832,-7.280908,-11.563945,0.043757852,0.55319417,0.37238303,0.0014272556,0.010832663,0.018357906,4.595264e-05,1.1721153e-06,1,,,,0.061549004,Test
31,0,6.9404564,2.9172983,-2.3197312,-1.9622508,-4.40126,-6.364706,-4.6544657,-13.479175,0.9821732,0.017577324,9.344152e-05,0.00013359541,1.1655827e-05,1.6361739e-06,9.048517e-06,1.3306217e-09,0,,,,0.13131043,7.2284713,2.6875412,-2.5450897,-2.091638,-4.554462,-6.3994164,-5.094379,-14.204416,0.9865262,0.0132372305,8.458658e-05,0.00011085668,2.5736797e-05,5.1984002e-06,1.0062598e-05,1.6509449e-09,0,,,,0.0025587634,Test
32,0,-3.0919578,0.32084104,5.6414247,-3.306983,-0.21437114,0.7711579,-8.924297,-11.010497,0.00015862366,0.0048142374,0.9845271,0.00012793324,0.002818953,0.00755262,4.6495958e-07,5.772843e-08,2,,,,0.13999443,-2.1101959,0.74497354,5.349434,-2.9704413,-0.51393646,0.3600833,-8.081482,-11.420731,0.0011315302,0.02099362,0.9649736,0.0003441726,0.003471395,0.009081373,3.7019486e-06,5.692138e-07,2,,,,0.009257365,Test
33,1,2.8486712,1.8760872,0.069510765,-2.7433734,-1.6223392,-3.1253927,-4.691608,-8.984789,0.6856637,0.2592527,0.042573277,0.0025557417,0.007841084,0.0017442479,0.00036425827,4.9762803e-06,0,,,,1.1691691,2.978755,1.4815367,0.012346203,-2.8018274,-1.5740864,-3.404714,-4.5102587,-8.800234,0.7361599,0.18396719,0.06400232,0.0028885757,0.010683997,0.0017345792,0.00055422203,9.173398e-06,0,,,,0.03648771,Test
34,0,10.163779,-1.5568576,-2.8105292,1.2693204,-5.223079,-8.719823,-3.768254,-14.632714,0.9998512,8.12321e-06,2.3188093e-06,0.00013712638,2.0773413e-07,6.2934844e-09,8.8987724e-07,1.7019823e-11,0,,,,0.0021776,10.47077,-1.3264713,-2.7148404,1.5999076,-5.8857026,-9.258102,-3.4104838,-13.867996,0.99967945,4.581707e-05,4.877306e-06,0.0002670715,1.6807101e-07,5.1051938e-08,2.5798945e-06,1.4983756e-10,0,,,,9.380905e-05,Test
35,1,0.12301266,1.3468292,0.9846899,-2.733671,-1.6712848,0.25588846,-5.2415557,-8.423854,0.12288104,0.4178127,0.2908751,0.007060622,0.020428259,0.14034344,0.00057501945,2.3857658e-05,1,,,,1.9852014,0.21929386,1.3193731,1.2486652,-2.6438675,-1.8565791,0.22435808,-4.991159,-8.676481,0.13163356,0.36993414,0.3484866,0.007387978,0.01791038,0.1236492,0.0009655646,3.2550448e-05,1,,,,0.046072885,Test
36,1,0.13505705,1.8334616,2.5924714,-3.0828044,-1.1697608,-2.240994,-6.2104416,-7.910123,0.0539198,0.29468367,0.6294914,0.002158981,0.014624232,0.005010053,9.46092e-05,1.7289052e-05,2,,,,1.3150412,-0.024423912,1.9283588,2.610527,-3.0659847,-1.3598149,-2.1995788,-6.0124693,-7.762923,0.047527663,0.3230398,0.6071016,0.002517232,0.01275297,0.0068863407,0.0001281813,4.616174e-05,2,,,,0.033089545,Test
37,0,10.538299,-0.250143,-3.4965942,0.4079691,-5.3337035,-9.245017,-3.5342708,-15.029403,0.9999379,2.0635374e-05,8.029647e-07,3.9849878e-05,1.2789404e-07,2.559695e-09,7.732751e-07,7.871571e-12,0,,,,0.0010283203,11.028886,0.54894984,-3.7498615,0.1910111,-5.6091146,-9.844801,-3.97615,-15.072968,0.99990666,5.297985e-05,1.3509755e-06,3.714749e-05,3.1908905e-07,4.9634434e-09,1.5386704e-06,1.036075e-10,0,,,,2.3802497e-05,Test
38,0,-3.3288522,0.27051368,5.1382527,-3.0017562,-0.16053708,1.2490795,-8.236592,-9.91345,0.00020342659,0.0074403333,0.9674414,0.00028213937,0.0048349216,0.019796032,1.5031525e-06,2.8103042e-07,2,,,,0.2538723,-3.3866086,0.6258606,5.0895286,-2.7992516,0.17931557,1.0885886,-8.1102085,-9.535391,0.00026078598,0.014714921,0.955966,0.0004978195,0.007904621,0.020651633,3.3306915e-06,8.866631e-07,2,,,,0.0051830118,Test
39,0,-1.6345907,1.294668,4.717323,-3.1693635,-0.9832494,0.37884414,-9.000574,-12.696032,0.0016585778,0.03103821,0.9513423,0.00035743118,0.003181338,0.012421084,1.0488893e-06,2.6050309e-08,2,,,,0.34842154,-1.7130629,1.4985583,4.969053,-3.1544576,-1.1760771,0.500183,-9.313395,-12.659233,0.0032870949,0.058081828,0.91621697,0.00057272945,0.0021100168,0.019729955,1.3627514e-06,3.84681e-08,2,,,,0.021404484,Test
40,0,6.6762114,-1.3279712,-2.3854632,0.8145465,-3.819394,-4.6270037,-2.514273,-9.82099,0.9965731,0.00033291758,0.00011563095,0.0028367462,2.7562945e-05,1.2290943e-05,0.00010165591,6.8212856e-08,0,,,,0.03626495,6.834609,-1.7991083,-2.5007124,1.0346302,-3.8021507,-4.812744,-2.2556596,-9.809286,0.9943476,0.00023157129,0.00010564787,0.0050581177,3.3180222e-05,1.397134e-05,0.00020981087,1.2437359e-07,0,,,,0.0015154986,Test
41,0,-3.9558568,-1.8488239,1.335926,-1.1777946,-1.6817988,1.8805909,-2.1811354,-2.5519006,0.0017057338,0.01402762,0.33892483,0.027441535,0.016577616,0.58431673,0.010061504,0.006944513,5,,,,1.4409841,-3.9363925,-1.8225095,1.2854018,-1.2382419,-1.7414045,1.9206852,-2.1043975,-2.545542,0.00207661,0.014940403,0.32390076,0.028368171,0.016422812,0.5935821,0.012935756,0.0077733644,5,,,,0.03196062,Test
42,0,-4.325663,-1.9448651,1.1839905,-1.1549733,-1.6478499,2.1442862,-2.7751637,-2.962081,0.0010511586,0.011366732,0.25970507,0.025042713,0.015297756,0.6784714,0.004954977,0.0041102143,5,,,,1.2646456,-4.289096,-1.850984,0.944365,-1.2083075,-1.789437,2.1596832,-2.5877829,-2.9986272,0.0014476746,0.013958015,0.22032478,0.028566662,0.01549934,0.7078713,0.007293803,0.005038363,5,,,,0.02639587,Test
43,0,-2.5751202,0.89330643,5.4115906,-3.9300895,-0.5161992,0.374835,-9.671047,-11.315006,0.0003331232,0.01068866,0.9799168,8.593081e-05,0.0026108555,0.00636435,2.7598333e-07,5.3323728e-08,2,,,,0.17252143,-2.990186,0.61066085,5.594496,-4.0090895,-0.87425995,0.9078208,-10.641883,-11.925583,0.00059073785,0.015631344,0.96887475,8.988417e-05,0.0020901912,0.012722785,2.7265426e-07,1.3925366e-07,2,,,,0.007826717,Test
44,0,-6.62517,-2.0608258,10.052296,-3.0494163,1.0308684,1.9107912,-11.329775,-14.043114,5.7132944e-08,5.484742e-06,0.99958056,2.0408754e-06,0.00012074295,0.00029107666,5.1725246e-10,3.4301607e-11,2,,,,0.0057313703,-7.259646,-2.22874,10.538378,-3.5530543,1.2675655,2.352851,-11.890002,-13.885538,1.2688949e-07,1.1320133e-05,0.9991188,3.5668158e-06,0.00016048588,0.00070565596,1.2094002e-09,3.6986939e-10,2,,,,0.0002824001,Test
45,0,7.2704735,1.8966366,-1.3570188,-2.0941148,-3.8961294,-6.462225,-6.9616666,-15.792221,0.99510705,0.0046136226,0.0001782369,8.5286636e-05,1.4069405e-05,1.0810222e-06,6.560397e-07,9.591109e-11,0,,,,0.04647716,7.482404,1.1365317,-1.1760495,-2.3753574,-3.7919095,-7.1498704,-6.5880327,-14.872098,0.9964094,0.002976141,0.00045402147,0.00010976469,4.515582e-05,2.2095119e-06,3.2674027e-06,2.3242035e-09,0,,,,0.0009119554,Test
46,0,-3.272618,-1.1463784,2.6623828,-2.321826,-0.40827668,1.2899357,-4.454209,-3.5835369,0.0019824894,0.016619774,0.74946094,0.0051302025,0.0347679,0.18997777,0.00060820865,0.0014527154,2,,,,1.110781,-2.9590402,-1.0339752,2.8394933,-2.3391392,-0.2511457,1.2678548,-4.386609,-3.5583603,0.0035314292,0.018118622,0.76169264,0.0052365395,0.035981797,0.17314455,0.0008487071,0.0014457542,2,,,,0.024843909,Test
47,0,-3.6014938,-1.3765016,3.2425513,-2.352203,-0.18563907,1.2573016,-4.906082,-4.0232854,0.0008990726,0.008319489,0.8435791,0.0031358474,0.027370429,0.11586248,0.00024390407,0.00058967544,2,,,,0.81129426,-3.6194367,-1.3593628,3.1358085,-2.3674467,-0.22791617,1.1492522,-4.7213793,-3.837061,0.0016265435,0.010851685,0.82266885,0.004587073,0.029640254,0.1286803,0.0007554471,0.0011898591,2,,,,0.02121751,Test
48,0,-4.203955,-2.6472406,1.521693,-0.63510084,-1.637268,-0.87699246,-1.5561284,1.3338784,0.0015221225,0.0072197462,0.46673128,0.053998694,0.019822009,0.0423966,0.02149741,0.38681212,2,,,,1.7606746,-4.505049,-2.7268074,1.502358,-0.67824656,-1.6854216,-0.9557581,-1.7258823,1.4410055,0.0012296,0.0065827444,0.4425344,0.05079797,0.019301241,0.04279978,0.018094089,0.41866016,2,,,,0.029056478,Test
49,0,-3.3962207,-1.519002,1.1635424,-1.4786618,-1.7206225,1.5913371,-2.4668293,-2.9719255,0.003761067,0.024579713,0.35941076,0.025591543,0.020091582,0.5512898,0.009526659,0.0057488405,5,,,,1.521266,-3.29013,-1.4858334,1.089469,-1.659302,-1.7997879,1.5330546,-2.508143,-3.0338616,0.0051943646,0.02781812,0.35723838,0.023218453,0.020781431,0.5479041,0.011148604,0.006696603,5,,,,0.03972646,Test
50,0,11.707379,-0.65464973,-3.8250754,1.3708403,-5.8975005,-9.499058,-3.3781571,-16.681301,0.9999628,4.2778233e-06,1.7960755e-07,3.242514e-05,2.2609028e-08,6.1680183e-10,2.8081377e-07,4.687453e-13,0,,,,0.0006242215,11.238225,-0.3770048,-3.1028128,1.3901244,-5.8781767,-9.708287,-3.1050758,-16.239334,0.99990857,2.0586509e-05,1.58694e-06,6.736244e-05,5.5729294e-07,1.8264501e-09,1.3790307e-06,2.2399554e-12,0,,,,1.956796e-05,Test
51,1,-3.1473625,-0.8843974,3.0075903,-2.3474932,-0.24627386,0.52971286,-4.7444434,-3.8819947,0.0018440377,0.017724056,0.8686242,0.004103446,0.033550322,0.07289596,0.00037339324,0.0008845517,2,,,,0.7818469,-3.2825248,-0.9657963,3.142234,-2.1904464,-0.21953876,0.3480546,-4.7800503,-3.910352,0.0019263607,0.018467877,0.87902033,0.005243945,0.033510983,0.060393084,0.00040587442,0.0010315606,2,,,,0.014660205,Test
52,0,-4.6686635,-2.45116,1.1839328,-0.6206449,-2.0305593,2.5442903,-2.365077,-2.9012847,0.0005548307,0.005095773,0.19315709,0.031782832,0.007760228,0.7528465,0.005553863,0.0032488029,5,,,,1.092357,-4.781687,-2.371067,1.1345918,-0.75262517,-2.3326573,2.6409202,-2.4825358,-2.8412073,0.0006237878,0.0065264455,0.17807797,0.027355898,0.00636478,0.77029353,0.006542346,0.0042151897,5,,,,0.018010145,Test
53,0,-4.1953344,-0.009192264,8.053964,-3.7780094,0.2766379,0.69309247,-11.356403,-13.830011,4.78187e-06,0.00031449672,0.99862015,7.25838e-06,0.00041855325,0.0006347673,3.7118075e-09,3.1283137e-10,2,,,,0.017296234,-4.9076815,0.16451423,8.342756,-3.7660034,0.32966673,0.8071861,-11.668021,-14.015149,6.467383e-06,0.0005081,0.99762595,1.5054966e-05,0.00045742892,0.0013869621,1.44541685e-08,2.3068971e-09,2,,,,0.00068284525,Test
54,1,-1.1506356,-1.2181437,1.5004157,-2.1258335,-0.29530647,-1.1077489,-3.3096597,-1.5652046,0.0484196,0.045258775,0.6860537,0.018259885,0.11389008,0.050541326,0.0055894484,0.03198719,2,,,,1.6673185,-1.1100595,-1.2623341,1.5512078,-2.2240393,-0.29737815,-1.1071919,-3.464777,-1.5466025,0.057598747,0.04338044,0.6829804,0.016416522,0.10783793,0.053592555,0.0052036354,0.032989733,2,,,,0.023178237,Test
55,0,3.5540004,2.3586783,-0.103971004,-2.1129227,-2.8660374,-2.624105,-5.44628,-11.69293,0.7486844,0.22655676,0.019304654,0.002589318,0.0012193035,0.0015530367,9.23691e-05,1.7891253e-07,0,,,,0.9576497,3.4340606,2.051179,-0.31614068,-1.9482056,-2.8273606,-2.4088333,-5.4292936,-11.732707,0.7440578,0.22115228,0.025366072,0.004216314,0.0020773003,0.002980819,0.00014922583,3.4254458e-07,0,,,,0.040708654,Test
56,0,-3.9288068,-1.7522714,3.5425696,-2.0441296,-0.3318377,1.3010789,-4.546287,-4.2249427,0.00050050917,0.0044123447,0.87940633,0.0032954658,0.018262316,0.09348081,0.0002699254,0.00037222184,2,,,,0.66275644,-3.9602787,-1.8103157,3.5666893,-1.9259014,-0.119546756,1.4637291,-4.5280952,-4.4688306,0.00067052594,0.0050598113,0.8494156,0.0041222186,0.024149062,0.115881525,0.0003511976,0.0003500993,2,,,,0.016884407,Test
57,0,-3.2937832,-1.5850862,1.6389465,-1.6189764,-1.0018086,0.048005875,-2.5873873,-1.0136365,0.004985388,0.02752812,0.6917613,0.026610825,0.0493277,0.1409352,0.010103757,0.048747692,2,,,,1.5798154,-3.3563447,-1.5366702,1.7309215,-1.5858601,-0.87554044,-0.050207566,-2.576531,-0.86129206,0.004951438,0.028047223,0.6945659,0.027856845,0.05260033,0.121643506,0.012139133,0.05819564,2,,,,0.024610173,Test
58,0,-3.5042562,-0.068008974,5.307279,-2.9398372,-0.46144435,1.5359057,-8.078686,-10.025291,0.00014449799,0.0044895704,0.9697566,0.00025408893,0.0030292699,0.022324212,1.4900878e-06,2.1272167e-07,2,,,,0.23069091,-3.9126053,-0.32786137,5.741568,-2.672789,-0.5612417,1.9084761,-8.22788,-11.020711,0.0003793703,0.007966931,0.96408427,0.00043560364,0.0034699782,0.02364985,1.3235081e-05,7.788717e-07,2,,,,0.008542269,Test
59,0,-2.6523638,0.8544397,6.0689864,-3.4493036,-0.6943887,0.36973393,-9.959017,-13.757717,0.00016142406,0.0053821215,0.98992515,7.275481e-05,0.0011436833,0.0033147319,1.08325025e-07,2.426466e-09,2,,,,0.09654523,-2.6827683,1.2189237,5.758259,-3.4776707,-0.8190638,0.014526194,-9.842842,-13.789006,0.0007532652,0.020455483,0.9720235,0.00019748512,0.002152976,0.004416854,3.723264e-07,6.9373827e-09,2,,,,0.0077484115,Test
60,0,-2.8877378,0.70451534,5.20975,-3.3520331,-0.9725728,1.4014095,-9.040613,-12.436514,0.00029378562,0.0106690675,0.9654395,0.00018466731,0.001994235,0.02141824,6.249869e-07,2.0943553e-08,2,,,,0.26127905,-2.744142,0.652826,5.264345,-3.2289085,-0.7739502,1.2643155,-9.358926,-12.697165,0.0011670144,0.020147173,0.9432312,0.0003501508,0.002598951,0.032501467,3.882763e-06,1.4675499e-07,2,,,,0.013752194,Test
61,0,-3.0345106,0.604077,5.780225,-3.560082,-0.5030516,0.88228244,-9.539111,-11.822622,0.00014630218,0.005565053,0.98501253,8.6496366e-05,0.0018392866,0.007350085,2.1894684e-07,2.231629e-08,2,,,,0.13498542,-3.0478976,0.7767316,6.1179614,-4.0014534,-0.3276752,0.61305845,-9.713079,-11.893782,0.00021657578,0.006939078,0.9857832,6.796355e-05,0.0022480641,0.004744768,2.9037068e-07,5.0231783e-08,2,,,,0.0024968854,Test
62,0,3.0742097,3.7252598,-0.15849936,-3.2598484,-2.6761994,-2.9176347,-5.5227494,-10.774874,0.33730856,0.6468072,0.013306987,0.0005986608,0.0010731401,0.00084295095,6.228962e-05,3.2617214e-07,1,,,,1.0448356,3.072521,3.5053627,-0.2802409,-3.1435697,-2.609549,-2.8921368,-5.2994943,-10.852809,0.38667512,0.5702292,0.036294445,0.0011358005,0.0027715708,0.0027099552,0.00018251473,1.4220346e-06,1,,,,0.04538526,Test
63,1,-2.1433342,-1.8938241,2.8101034,-2.4872146,0.7138555,-2.0612314,-4.3476906,0.025229536,0.0058136936,0.007461276,0.8235744,0.0041219895,0.1012311,0.0063111563,0.0006413756,0.050844908,2,,,,0.9651178,-2.2045531,-1.8017725,2.733039,-2.424008,0.7243968,-2.0855067,-4.2810435,-0.081826046,0.0065902704,0.010840813,0.80559385,0.0052689402,0.10990306,0.0073329424,0.0009816173,0.05348848,2,,,,0.012678172,Test
64,0,-2.8064027,-0.11001196,4.2475896,-2.726586,-0.5018319,0.5741934,-6.4963455,-8.128667,0.0008238469,0.012214455,0.9535785,0.0008922992,0.008254844,0.02421145,2.0574293e-05,4.0217615e-06,2,,,,0.3479903,-2.8768268,0.038456313,4.5994544,-2.83838,-0.31948856,0.5708249,-6.4835906,-8.418522,0.0007983406,0.012542847,0.95429975,0.0008043656,0.008563561,0.022965834,2.217825e-05,3.0508531e-06,2,,,,0.006872648,Test
65,1,-2.1833003,-0.8865568,2.2768164,-2.7423007,-0.23999403,-0.23769544,-4.6696367,-2.9429448,0.009411108,0.034419864,0.81403804,0.005381083,0.065706424,0.06585763,0.00078313827,0.004402824,2,,,,1.0719314,-1.9699322,-0.69065523,2.1074033,-2.6982298,-0.09769432,-0.44998425,-4.4550905,-3.0195336,0.023596644,0.055779804,0.759514,0.007103212,0.086382896,0.060780615,0.0014554264,0.0053874906,2,,,,0.02290569,Test
66,0,-3.8474307,-0.3579428,6.167161,-3.0362234,-0.45173228,1.7700247,-9.043374,-11.54318,4.4069828e-05,0.0014441309,0.9849701,9.9184545e-05,0.0013148442,0.0121274935,2.4410215e-07,2.0040986e-08,2,,,,0.12689154,-4.5522413,-0.7383078,6.115007,-3.2268364,-0.7852828,2.335984,-9.739631,-11.641882,0.0002164997,0.0028819782,0.96857536,0.0002583212,0.0024170398,0.025649238,1.160818e-06,4.0811082e-07,2,,,,0.005045462,Test
67,0,-1.3695518,1.5583016,4.315622,-3.4661088,-0.84749603,-0.75479656,-8.2792225,-11.23986,0.0031464845,0.058799833,0.926542,0.00038663612,0.0053033647,0.0058184913,3.1404616e-06,1.6263184e-07,2,,,,0.45625114,-0.6056116,1.8156894,4.088744,-3.2436442,-0.97572213,-0.91275346,-8.121368,-11.4949665,0.013902081,0.120444156,0.8508029,0.00088372204,0.006548495,0.0074116425,6.600537e-06,3.974122e-07,2,,,,0.03740093,Test
68,0,0.6445619,2.0890453,2.6325982,-3.1307065,-2.0089893,-0.82555044,-7.8253136,-13.067475,0.07773459,0.32956833,0.56755435,0.0017825267,0.005472575,0.017871156,1.6300248e-05,8.620894e-08,2,,,,1.4394392,0.80802345,2.1174188,2.3554463,-3.0208166,-2.3808472,-1.1305676,-7.054574,-12.8402,0.11570762,0.3889319,0.47207898,0.0030277309,0.0049998043,0.015171232,8.240461e-05,3.7284386e-07,2,,,,0.059684824,Test
69,0,-2.668938,0.7014753,6.414516,-3.2929528,-0.7380553,0.27286035,-9.8795185,-14.21593,0.00011280556,0.0032815754,0.9936295,6.0439976e-05,0.0007778615,0.0021376542,8.3332615e-08,1.0902745e-09,2,,,,0.065561526,-2.6444745,0.9958021,6.637816,-3.7999177,-0.39071697,0.0011114866,-10.870818,-15.2134495,0.0006717763,0.0145931365,0.9805827,5.4424694e-05,0.0016408786,0.0024568327,2.9358753e-07,6.281784e-09,2,,,,0.009020579,Test
70,0,-2.0641844,0.05963537,1.7211294,-2.5474987,-0.9655385,1.5335656,-4.6267195,-5.748801,0.010678336,0.089303166,0.4703753,0.006585714,0.032036085,0.38992995,0.000823396,0.00026809878,2,,,,1.6411672,-2.2466924,0.04989183,1.7748575,-2.5331123,-0.867643,1.3937992,-4.822328,-6.1383333,0.012970987,0.10128634,0.49204955,0.008576582,0.03699545,0.3464193,0.0013454319,0.00035637338,2,,,,0.04571575,Test
71,0,2.3297913,1.6521975,0.8410555,-2.421541,-1.4404368,-2.7907343,-5.143037,-9.499885,0.56441987,0.28663355,0.12736571,0.004876687,0.013008074,0.0033712145,0.00032077046,4.1118706e-06,0,,,,1.5115321,2.1496265,1.5305557,0.8523803,-2.3849483,-1.1148137,-2.7063231,-4.9573536,-9.548891,0.5140212,0.28674394,0.16557321,0.006586629,0.021340568,0.00523135,0.0004954709,7.6219667e-06,0,,,,0.0532209,Test
72,1,-4.1811323,-0.69552463,6.7152495,-3.219955,-0.0723615,1.5545378,-9.6956415,-11.731967,1.8386567e-05,0.0006001787,0.99251926,4.8076676e-05,0.0011192239,0.0056946934,7.405932e-08,9.665288e-09,2,,,,0.07158871,-3.7927837,-0.45113403,6.320724,-3.1089334,-0.19436586,1.073503,-8.858045,-11.290426,0.00021376039,0.0029367893,0.9870024,0.00025397728,0.0028058514,0.006784281,2.692883e-06,2.8705975e-07,2,,,,0.0027807015,Test
73,0,-4.522801,-2.5959485,1.3373677,-0.81853384,-1.7423202,0.28598395,-1.8740185,-0.28441358,0.0016092344,0.011051992,0.5644924,0.06536752,0.025951752,0.19726406,0.022749446,0.1115135,2,,,,1.8854393,-4.601126,-2.5398102,1.4685748,-1.0724217,-1.7392614,0.22649722,-2.2580907,-0.41060057,0.0014305497,0.011935316,0.60228676,0.050497495,0.024990175,0.19240856,0.015504601,0.100946486,2,,,,0.031733245,Test
74,0,1.059247,0.8544179,1.0567372,-2.1810727,-1.2760942,-1.1698917,-4.6131406,-7.888458,0.32686153,0.26632237,0.3260422,0.012797078,0.031632826,0.035177186,0.0011242869,4.2503547e-05,0,,,,1.9824073,0.8023012,0.6082449,1.2423866,-2.2893543,-1.12434,-1.1105874,-4.6604815,-7.8336363,0.2724406,0.22712338,0.40167028,0.012213742,0.040915675,0.044297986,0.0012712519,6.709456e-05,2,,,,0.045311324,Test
75,0,0.029356198,1.7321001,1.5377895,-2.8826368,-1.6759281,-0.23572674,-5.420533,-8.45385,0.083219826,0.45679265,0.376124,0.0045244345,0.015122768,0.063841455,0.00035757734,1.7219365e-05,1,,,,1.7299248,-0.031051502,1.499364,1.5028492,-2.7565706,-1.8426826,-0.21898663,-5.2794394,-8.176363,0.08431878,0.41339022,0.40517807,0.005541855,0.013279404,0.07770164,0.0005616647,2.8405044e-05,1,,,,0.06544569,Test
76,0,-2.368043,-0.3353361,4.109999,-2.341145,-0.4754244,-0.031557392,-6.0448904,-8.234126,0.0014763038,0.011271172,0.9606246,0.0015165522,0.009797823,0.015272088,3.7354333e-05,4.183772e-06,2,,,,0.31484115,-2.4009926,-0.38881713,3.5684497,-2.247081,-0.42015877,0.15924439,-5.59039,-7.127806,0.003510087,0.022973994,0.91200894,0.0038579155,0.018274505,0.03921728,0.00012429101,3.2977532e-05,2,,,,0.013296865,Test
77,1,10.066467,2.5613763,-3.076712,-0.87529385,-6.1675816,-7.5842004,-6.4972315,-20.271936,0.9994301,0.00054996234,1.957683e-06,1.7693184e-05,8.900095e-08,2.1585647e-08,6.400735e-08,6.6673175e-14,0,,,,0.007097643,10.374483,3.3693957,-4.0393715,-1.164392,-7.332319,-8.22513,-6.8015823,-20.536068,0.99775183,0.002199618,1.2018765e-05,3.588241e-05,2.1056744e-07,3.4383538e-07,1.8138887e-07,4.2487567e-12,0,,,,0.0006907154,Test
78,0,-1.9394665,-1.0855554,2.3374927,-2.3603067,0.089704186,-1.4654981,-3.9198942,-1.3837141,0.011478179,0.02696013,0.8266713,0.0075353663,0.08732342,0.018438047,0.0015841057,0.020009367,2,,,,1.035712,-1.9360775,-1.0351694,2.2609062,-2.3328166,0.031813107,-1.4309361,-3.930938,-1.361235,0.013705839,0.034142796,0.80521363,0.009254305,0.08886941,0.021807685,0.002004765,0.02500155,2,,,,0.017472524,Test
79,1,9.74952,-2.1003537,-2.7775517,1.4496903,-4.8634562,-8.642617,-3.2774372,-13.005858,0.99973804,7.137582e-06,3.6261686e-06,0.0002484941,4.5035122e-07,1.028685e-08,2.199634e-06,1.3102398e-10,0,,,,0.003592149,8.895878,-2.3874812,-2.1582513,1.4273789,-4.2163234,-7.919459,-3.1088245,-11.425542,0.9988098,6.9932656e-05,0.00011521073,0.0009808934,1.2899067e-05,7.816733e-07,1.0437282e-05,9.7668575e-09,0,,,,0.00048784804,Test
80,0,0.9198092,-0.67507076,0.78953564,-2.0153878,-0.53283644,-2.8700864,-3.0618763,-3.3252804,0.41263568,0.08373735,0.36223438,0.021919314,0.09653633,0.009324726,0.007697375,0.0059149056,0,,,,1.9643723,0.82243747,-0.8174243,1.0553532,-2.12557,-0.2746922,-2.8441193,-3.3642151,-3.1069226,0.342488,0.06735659,0.4345456,0.018483441,0.114472486,0.009394217,0.0058732256,0.0073864437,2,,,,0.028344778,Test
81,0,-2.585966,-2.028724,3.089692,-2.2969463,0.49811614,-2.9935346,-3.4731333,1.4027264,0.0026833394,0.004684712,0.7826771,0.0035825742,0.058624,0.0017851341,0.001105055,0.14485808,2,,,,1.0357857,-2.6607172,-2.2380898,3.193567,-2.3500328,0.5971365,-3.014122,-3.5982463,1.3808248,0.0028228047,0.0037100464,0.7900332,0.0034471664,0.061959565,0.0017917547,0.0010436012,0.13519177,2,,,,0.015947586,Test
82,0,-4.2548256,-3.1069045,3.99571,-2.261591,0.7612463,-2.7202537,-4.0995035,2.7981727,0.00019401975,0.00061147957,0.7430331,0.0014239572,0.029261623,0.000900124,0.0002266219,0.22434913,2,,,,0.985448,-4.253445,-3.1804678,3.928234,-2.2101254,0.65682685,-2.8459074,-4.2150564,2.672582,0.00027937818,0.0008683906,0.73764086,0.0019409179,0.029405188,0.0010395744,0.0002557213,0.22856995,2,,,,0.032907702,Test
83,0,-4.153225,-1.627901,0.90884036,-0.6717466,-2.2392125,2.0924244,-1.854435,-3.5081987,0.0013544052,0.016923213,0.2138827,0.04402865,0.009183192,0.69855344,0.013492747,0.0025815463,5,,,,1.3164649,-4.0489626,-1.7049919,1.097955,-0.64330995,-2.132939,1.989939,-2.0084538,-3.6142755,0.0017197026,0.016759925,0.271597,0.046324026,0.011503573,0.636125,0.012997551,0.0029732313,5,,,,0.029889511,Test
84,0,-5.187233,-1.3830494,8.244588,-3.3346267,0.47181565,1.5510441,-10.859437,-12.828945,1.4651455e-06,6.576834e-05,0.9982664,9.342382e-06,0.00042031446,0.0012367368,5.0405027e-09,7.0327916e-10,2,,,,0.020257497,-4.8300705,-1.0213234,7.303145,-3.5298991,0.43244705,1.1711733,-10.113301,-12.740347,9.004256e-06,0.00053083233,0.99503577,4.5177905e-05,0.0011527557,0.003226318,9.24205e-08,7.292658e-09,2,,,,0.00087149645,Test
85,0,2.168644,1.2499676,1.7162274,-2.6469884,-1.5543613,-3.7974062,-6.21387,-9.414723,0.48304468,0.19275749,0.30725947,0.003913675,0.011670962,0.0012386957,0.00011053702,4.5018887e-06,0,,,,1.607745,2.088178,1.2631285,1.5899037,-2.5842426,-1.8455976,-3.564455,-6.1030188,-9.291293,0.4433876,0.2287505,0.30999708,0.005100847,0.010337292,0.0022165482,0.00019335255,1.6752889e-05,0,,,,0.06741194,Test
86,0,-2.7770658,0.44088343,3.723082,-2.5757263,-0.85527015,1.4221431,-6.4948435,-8.909512,0.001305597,0.032609694,0.86853534,0.0015967977,0.00892143,0.086996615,3.1710173e-05,2.834797e-06,2,,,,0.7327479,-2.9787028,0.41982302,4.1635847,-2.6452482,-0.67962605,1.7906554,-7.1675262,-9.908287,0.0012458727,0.031409413,0.8676349,0.0011225957,0.008593745,0.08997221,2.0190064e-05,1.161218e-06,2,,,,0.01776123,Test
87,0,6.455117,-0.42758682,-2.2798085,-0.005427258,-3.3404388,-5.761429,-2.0855665,-9.144736,0.99700266,0.001022294,0.00016038585,0.0015592561,5.5531622e-05,4.9330756e-06,0.00019477108,1.6740407e-07,0,,,,0.03431148,6.306958,-0.25877586,-2.1260767,-0.16210148,-2.8469043,-5.5557504,-2.29851,-8.909353,0.9941527,0.0027474347,0.00046193055,0.0019786856,0.0003213725,3.454218e-05,0.0003013155,1.9408267e-06,0,,,,0.0017632553,Test
88,0,-2.4288874,-0.52976686,2.5115557,-1.9601086,-0.9264079,0.28403217,-3.9956672,-3.948638,0.005913529,0.039502475,0.8269017,0.009450062,0.026568394,0.0891359,0.001234249,0.0012936817,2,,,,0.99252325,-2.3795602,-0.5374371,2.585936,-1.8954452,-0.82813627,0.32615006,-3.9135356,-4.0368705,0.0059370473,0.037469845,0.81800413,0.009492138,0.027553475,0.09894685,0.0013785574,0.0012179578,2,,,,0.015099403,Test
89,0,15.416549,-5.257626,-5.4004545,5.4973617,-8.381273,-10.859716,-3.0090616,-19.404856,0.99995077,1.0502638e-09,9.1047697e-10,4.9218706e-05,4.6207902e-11,3.875628e-12,9.950343e-09,7.537637e-16,0,,,,0.000775693,15.892065,-5.601106,-5.729366,5.488995,-9.08107,-10.724387,-3.2610707,-19.803741,0.9998878,1.511421e-09,2.5815479e-09,0.000112076465,1.8822115e-10,9.1964485e-11,1.3967973e-07,2.3159594e-13,0,,,,6.063684e-05,Test
90,0,-3.3992836,-2.882208,3.3576596,-2.086637,0.6982278,-3.0837648,-3.4302924,3.236493,0.0005914347,0.0009919045,0.50863934,0.002197768,0.03559864,0.00081083947,0.0005733765,0.45059672,2,,,,1.2357424,-3.39128,-2.8772912,3.2683861,-2.142372,0.76827264,-2.8566449,-3.6162071,3.0822747,0.0009401906,0.0015408893,0.51551116,0.0029277757,0.045259275,0.001693425,0.0008243903,0.43130285,2,,,,0.021329895,Test
91,0,-3.8175316,-1.0044618,3.9473202,-2.504188,-0.16361003,1.1833347,-5.771508,-5.2404943,0.00038982736,0.0064949053,0.9185536,0.0014496059,0.0150574045,0.05790563,5.524221e-05,9.394794e-05,2,,,,0.50904906,-4.156096,-1.0390491,4.082513,-2.6217878,-0.22598484,1.4261667,-5.9888616,-5.249913,0.00052394613,0.006139201,0.8960351,0.0017238965,0.014163034,0.08119967,0.00010883885,0.00010625799,2,,,,0.016153228,Test
92,0,-2.515991,-1.4525075,2.765545,-2.2166994,0.26224735,-1.9510392,-3.7684112,-0.45489007,0.004387744,0.012708854,0.86294526,0.0059186406,0.070601664,0.0077196346,0.0012540711,0.034464035,2,,,,0.8454239,-2.5294287,-1.5004079,2.9230332,-2.1982486,0.50994486,-2.0801694,-3.8413193,-0.22960909,0.004627311,0.012909019,0.84740955,0.0064995578,0.0790875,0.0067431442,0.0013240504,0.041399967,2,,,,0.015196776,Test
93,1,-1.5359668,0.127463,2.7605941,-2.8028185,-0.5450775,0.2550581,-5.89965,-7.374356,0.011272594,0.05948976,0.8279355,0.0031756826,0.03036418,0.067585886,0.00014351601,3.2843072e-05,2,,,,0.98515,-1.8269892,-0.1270934,3.0536883,-2.872716,-0.4524564,0.34716356,-6.205264,-7.372031,0.008406041,0.04471753,0.8480727,0.0028834085,0.028041681,0.06769644,0.00013451625,4.7717174e-05,2,,,,0.021193996,Test
94,0,-0.9962777,1.2110037,3.374217,-3.0368192,-1.1183726,-0.0939967,-7.2445087,-10.005307,0.0107926065,0.098115265,0.85350907,0.0014025888,0.009552155,0.026606148,2.0871523e-05,1.3199412e-06,2,,,,0.8111314,-1.1990124,1.2504238,3.70991,-3.0292382,-1.1731107,-0.21959455,-7.150154,-10.272438,0.01002354,0.091615275,0.86992705,0.0013509864,0.008401018,0.018647043,3.3835957e-05,1.254191e-06,2,,,,0.021891443,Test
95,0,6.159559,0.70945203,-1.9059293,-0.7761427,-3.4440875,-4.9525704,-3.3314903,-11.245035,0.9942924,0.0042713275,0.00031240447,0.0009668905,6.709707e-05,1.4844915e-05,7.509378e-05,2.746596e-08,0,,,,0.057349395,6.2305903,0.9437424,-1.985445,-0.9121413,-3.3343525,-5.1312304,-3.2453113,-11.581572,0.9907692,0.0071282284,0.00046906015,0.0012989659,0.00012638977,5.5704837e-05,0.0001524218,5.232956e-08,0,,,,0.0018420196,Test
96,0,3.778811,0.8382229,-1.1729159,-1.5578895,-2.3596828,-3.0169697,-3.0318701,-7.9986186,0.9353628,0.04941957,0.0066141253,0.004500705,0.0020186743,0.0010461888,0.0010307154,7.179719e-06,0,,,,0.42634434,4.0788484,0.8776434,-1.1809305,-1.6872009,-2.3846135,-3.2089944,-3.1694398,-8.329621,0.93931806,0.04619785,0.007105225,0.0036202576,0.0018651538,0.0010429646,0.0008440275,6.4567953e-06,0,,,,0.010217709,Test
97,0,-2.8646543,-0.4624618,2.4845824,-2.5022538,-0.7183153,2.1113365,-5.0032477,-5.8895044,0.0026486989,0.029261157,0.5574122,0.0038055805,0.022655604,0.383776,0.0003120708,0.00012863435,2,,,,1.3316808,-2.4408717,-0.41799372,2.2605312,-2.3505852,-0.71744955,1.9026009,-4.6973143,-5.677781,0.0060535404,0.04313101,0.5313361,0.0062301056,0.03291463,0.37934762,0.0006799895,0.0003069974,2,,,,0.029656997,Test
98,0,-2.3430502,0.017281422,1.5341539,-2.326168,-1.2996818,2.0806408,-4.338162,-5.41258,0.0067877034,0.07191207,0.32777143,0.006903265,0.019268679,0.5661185,0.0009231169,0.00031524114,5,,,,1.4864447,-2.4029963,-0.06549864,1.6873766,-2.4124515,-1.4309013,2.0989237,-4.3388586,-5.723633,0.0072796107,0.068820715,0.35866266,0.0066775903,0.017747581,0.5393769,0.0011472411,0.00028763822,5,,,,0.043503646,Test
99,0,-2.2625616,-0.46337363,1.1223205,-1.8017665,-1.2857119,1.5522411,-3.2936974,-4.0174475,0.011534292,0.06972176,0.34042904,0.018285703,0.03063595,0.5232855,0.0041131475,0.0019945898,5,,,,1.6704011,-2.0316093,-0.34611753,0.8370843,-1.6778462,-1.2297375,1.3746945,-2.967363,-3.5651772,0.02246686,0.09970216,0.29340917,0.028719246,0.039951026,0.50220096,0.008825486,0.004725046,5,,,,0.03500845,Test
100,1,-2.362884,1.3263057,6.5168705,-4.212589,-1.0165684,0.47518945,-11.585959,-15.343121,0.00013798573,0.0055211456,0.9914316,2.170289e-05,0.00053031254,0.0023571863,1.362398e-08,3.1811873e-10,2,,,,0.08217289,-2.4191966,1.733758,6.3472457,-4.320195,-0.5822705,0.36496878,-11.370713,-15.477521,0.0007435045,0.020399537,0.97197235,8.200775e-05,0.0033004724,0.003501638,3.6335547e-07,1.5875958e-08,2,,,,0.008474901,Test
101,0,0.91628766,2.7980452,2.4658413,-3.3438349,-1.6651814,-1.4762273,-7.5764704,-11.611014,0.08028394,0.52706665,0.37808654,0.001133655,0.0060745063,0.007337914,1.6453969e-05,2.9113235e-07,1,,,,1.4177636,0.7400261,2.607434,2.238752,-3.3893101,-1.8532846,-1.2484934,-7.565623,-11.494743,0.09539533,0.4965005,0.3863824,0.0012207107,0.00636416,0.014101299,3.5027722e-05,5.5223245e-07,1,,,,0.06824065,Test
102,0,4.59488,1.4288446,-1.7153605,-1.7408279,-2.668101,-4.140786,-3.0637903,-8.643231,0.9550228,0.040273737,0.0017358452,0.001692196,0.0006694852,0.00015351898,0.00045070818,1.7012768e-06,0,,,,0.29558066,4.5743384,1.5796349,-1.5474921,-1.6251771,-2.6181154,-3.7951934,-2.9083028,-8.448724,0.9364031,0.05629336,0.0027668697,0.0025042302,0.00093494216,0.0003708221,0.0007219075,4.837194e-06,0,,,,0.009836189,Test
103,0,-1.9013511,0.14804222,4.0041137,-2.7673352,0.011129694,-1.4635433,-6.3178477,-5.943409,0.0026003043,0.020186653,0.95440984,0.0010937849,0.017603701,0.004028669,3.1402487e-05,4.566469e-05,2,,,,0.3467703,-1.5889163,0.21064253,3.7987812,-2.6297636,0.11963178,-1.7806801,-6.079422,-6.0835495,0.008477749,0.03315968,0.926579,0.0021162673,0.025580186,0.0039058817,8.176755e-05,9.945033e-05,2,,,,0.011732608,Test
104,0,-3.8418868,-1.7144539,0.60557866,-0.84978247,-2.35089,2.0718966,-1.5337614,-3.1194513,0.0019944506,0.016740004,0.17034638,0.03974455,0.00885839,0.73815346,0.020055303,0.0041074553,5,,,,1.2659636,-4.0705366,-1.7323256,0.71586716,-0.8428917,-2.2636204,2.1772056,-1.7790991,-3.3087952,0.0015358133,0.016370025,0.1820111,0.03890629,0.009959245,0.7323216,0.014957637,0.003938276,5,,,,0.025878223,Test
105,1,8.725705,0.8952169,-2.4024103,-0.7589375,-4.338997,-8.68756,-4.5686216,-13.963315,0.99950826,0.00039723597,1.4686123e-05,7.597283e-05,2.1176704e-06,2.7371675e-08,1.6831918e-06,1.3998135e-10,0,,,,0.006545418,9.553427,1.0290908,-2.8663793,-1.033994,-4.879985,-9.385876,-4.579652,-15.112305,0.99908894,0.0008056963,1.6202554e-05,8.5828266e-05,1.0684629e-06,1.7573731e-08,2.145042e-06,2.354789e-10,0,,,,0.000513778,Test
106,0,0.6901636,-1.1744463,0.9563875,-1.8103433,-0.6138149,-3.8919232,-2.6892955,-1.7028935,0.33908346,0.05254323,0.44251314,0.027819559,0.0920441,0.0034700176,0.011551174,0.030975271,2,,,,1.9913849,0.9460449,-1.2054276,0.898389,-1.862241,-0.72413814,-3.97115,-2.7070153,-1.9611334,0.41860786,0.04870049,0.39155024,0.024730947,0.07379148,0.0031660714,0.011326544,0.028126394,0,,,,0.05285994,Test
107,0,11.709952,0.6787004,-4.2061377,0.67365116,-6.0503807,-9.745594,-3.7331755,-16.92921,0.99996734,1.6187283e-05,1.223815e-07,1.6105749e-05,1.9354001e-08,4.8079507e-10,1.963906e-07,3.648841e-13,0,,,,0.0005688728,11.752939,1.376693,-4.290062,0.50929844,-6.114072,-10.532676,-3.609794,-17.059666,0.9999259,5.0959097e-05,3.6220527e-07,2.1821004e-05,2.4708459e-07,9.385641e-10,6.8823624e-07,6.0959167e-12,0,,,,1.3926919e-05,Test
108,0,-5.7611394,-1.8529702,9.107417,-3.700475,0.7414175,1.4196907,-11.787502,-12.708955,3.4862526e-07,1.7364226e-05,0.99928904,2.7371232e-06,0.00023247905,0.00045809327,8.4167134e-10,3.3493547e-10,2,,,,0.00924539,-6.7643714,-2.7563388,9.442442,-4.1630607,0.577855,1.5910504,-12.148438,-11.655662,4.7021572e-07,1.7023693e-05,0.99918765,3.6880888e-06,0.00020309954,0.0005881097,4.889899e-09,5.3721285e-09,2,,,,0.0001729178,Test
109,0,-1.2498759,1.481501,3.7075577,-3.6660078,-0.77423775,-0.69592035,-8.15338,-9.65568,0.0061720014,0.09476501,0.8778334,0.0005509513,0.009931004,0.010740039,6.1982937e-06,1.3798499e-06,2,,,,0.67489946,-1.0612471,1.3651756,3.6306903,-3.5934596,-0.9188615,-0.9225675,-7.6593757,-9.692834,0.012874964,0.1268863,0.8375535,0.0008486529,0.01049817,0.0113165695,1.8865907e-05,2.8744973e-06,2,,,,0.03674021,Test
110,1,7.231051,-1.274413,-2.5431657,0.72720057,-3.7931433,-5.9671745,-2.2973926,-9.765308,0.9981554,0.00020198646,5.679496e-05,0.0014948988,1.6272386e-05,1.8504692e-06,7.261859e-05,4.147375e-08,0,,,,0.021262934,7.3073893,-1.074276,-2.5006208,0.58614254,-3.560524,-6.057273,-2.4699357,-9.922666,0.9976409,0.0005248439,0.00010778796,0.0015954941,2.6564254e-05,3.3028518e-06,0.00010099504,1.03787784e-07,0,,,,0.0006136363,Test
111,1,0.8958545,1.779327,2.2769144,-2.6427433,-1.752596,-1.5013361,-6.804759,-10.627713,0.13175832,0.3187611,0.52428174,0.003828111,0.009323319,0.011986473,5.9627142e-05,1.3036353e-06,2,,,,1.5704476,0.89847916,2.361085,2.2516775,-2.7254357,-2.3239663,-1.392044,-6.961194,-11.416194,0.12010691,0.44365627,0.4156785,0.002796559,0.0047718426,0.01292187,6.6552384e-05,1.4916537e-06,1,,,,0.057520475,Test
112,0,-0.41336057,1.6943864,2.768906,-3.3354414,-1.2528409,-0.8403626,-7.220577,-9.816101,0.02901039,0.2387462,0.69918877,0.0015613853,0.0125306,0.018928185,3.207873e-05,2.3932907e-06,2,,,,1.2050607,-0.0028544783,2.2219062,2.3833432,-3.235478,-1.5051416,-1.3408247,-6.900889,-9.940133,0.051904358,0.4229619,0.4932336,0.0023347083,0.010464666,0.01899354,0.000103496364,3.70724e-06,2,,,,0.051777232,Test
113,0,5.23777,0.0015015882,-1.8987939,-0.2549749,-3.2219985,-3.9372854,-2.6928453,-8.922344,0.98920995,0.0052626673,0.00078689714,0.0040721116,0.00020953557,0.00010247372,0.00035568533,7.008563e-07,0,,,,0.103775635,4.9446926,-0.5042306,-1.8371464,-0.40226865,-2.7403495,-3.6529682,-2.2339084,-8.709591,0.9859686,0.0050468533,0.0013042828,0.005561481,0.0007199263,0.0003567418,0.0010402466,1.8055637e-06,0,,,,0.0021513135,Test
114,0,1.2287239,-1.0936542,0.7328818,-1.7197295,-0.96391594,-4.08637,-2.9464037,-2.8905535,0.5241951,0.051392168,0.3192651,0.027478682,0.058511544,0.002577371,0.008058572,0.00852145,0,,,,1.7533212,1.2643619,-1.0608947,0.68068177,-1.8953321,-0.9244375,-4.218892,-2.9258084,-2.918754,0.53427064,0.053013228,0.30418667,0.024026845,0.063127115,0.0030141536,0.008901955,0.0094593605,0,,,,0.042310677,Test
115,0,-2.024072,-1.0940827,1.4572163,-1.9253098,-0.5434474,-0.35265788,-2.8183265,-0.96148735,0.01991993,0.050486695,0.6474289,0.021987695,0.08756183,0.105967745,0.009002174,0.057645105,2,,,,1.8064845,-1.8763077,-1.0236735,1.4166272,-1.8364351,-0.4284336,-0.4063216,-2.8745213,-0.8375168,0.025907297,0.062023222,0.60817146,0.02521422,0.09885211,0.10176392,0.010079293,0.06798845,2,,,,0.030467004,Test
116,0,-3.5132754,-1.6014817,1.905708,-2.0468657,-0.57159823,1.4846817,-3.7125242,-2.0389056,0.00243906,0.016500762,0.550373,0.010570029,0.04621434,0.36124992,0.0019984343,0.010654505,2,,,,1.4857808,-3.4167874,-1.641256,1.8624866,-2.0492127,-0.53713536,1.3401123,-3.4762826,-2.0151937,0.003283463,0.018903686,0.5559152,0.011646099,0.05279975,0.34007627,0.003022841,0.01435264,2,,,,0.035295192,Test
117,0,-2.2377238,0.75288373,5.376912,-3.3180535,-0.5017297,0.18010439,-8.9914465,-11.610494,0.0004840761,0.009632035,0.98154,0.00016433593,0.002746921,0.005432041,5.646888e-07,4.115015e-08,2,,,,0.16255207,-2.4080358,0.25605458,5.3196125,-2.9483356,-0.16496088,-0.058666598,-8.615476,-10.779846,0.0013789153,0.013989647,0.97202075,0.00096460135,0.005385417,0.0062568793,3.3735837e-06,4.900491e-07,2,,,,0.008350464,Test
118,1,5.3322563,0.2602326,-2.03979,-0.62882745,-3.160873,-4.0794797,-2.692668,-9.050455,0.9900109,0.0062070894,0.00062230154,0.002551374,0.00020282458,8.0942234e-05,0.0003239363,5.6144575e-07,0,,,,0.095809974,5.4048996,0.36455148,-1.8434913,-0.6547834,-3.04551,-4.02122,-2.620806,-8.764162,0.9877757,0.0074567185,0.0009100855,0.002874142,0.00034199728,0.00018036333,0.0004592937,1.686167e-06,0,,,,0.0020022597,Test
119,0,-3.056566,-1.4476731,2.702498,-2.3022819,0.048926175,0.08572726,-4.0472493,-1.6288327,0.0026652995,0.01331923,0.84503675,0.0056666625,0.059490003,0.06172008,0.0009896865,0.011112264,2,,,,0.9255489,-2.9686437,-1.2925799,2.496496,-2.3630848,-0.05271224,0.3268155,-3.7786477,-1.6101015,0.004321622,0.020579996,0.78320605,0.007511263,0.06466572,0.10177229,0.0020579868,0.015885072,2,,,,0.02561584,Test
120,1,-3.453039,-0.053848922,5.983188,-3.301996,-0.16972917,0.3962909,-8.580403,-10.081628,7.911349e-05,0.0023686448,0.99163485,9.201267e-05,0.0021094717,0.0037152932,4.6931515e-07,1.04590214e-07,2,,,,0.083742246,-3.6434798,-0.2658357,6.087684,-3.1127477,-0.47405452,0.106263384,-8.307367,-10.139906,0.00025852086,0.007747715,0.9861808,0.00034115303,0.0021632495,0.0033055092,2.8425497e-06,2.9531782e-07,2,,,,0.0057098186,Test
121,0,-3.4176826,-0.24642077,4.8027325,-2.9383774,0.016570406,1.2908167,-7.7312465,-8.658641,0.00025743936,0.006136722,0.95665616,0.00041575223,0.007982744,0.02854633,3.4460197e-06,1.3631878e-06,2,,,,0.31616896,-3.4291997,-0.23579057,4.696777,-2.7467818,-0.33139902,1.4189022,-7.415563,-8.303653,0.00060309435,0.0089862365,0.934316,0.0012532372,0.0068053342,0.048011936,2.0413721e-05,3.7614832e-06,2,,,,0.011167993,Test
122,0,-0.73474246,2.2265568,3.066331,-3.2708097,-1.411047,0.086230844,-7.559838,-11.273316,0.014720225,0.28443977,0.6587181,0.0011655057,0.007485125,0.03345481,1.5988691e-05,3.9000477e-07,2,,,,1.2306927,-1.0335181,1.7481897,3.074868,-3.084868,-1.2092056,0.25939518,-7.5934258,-10.53159,0.01449811,0.22178388,0.6857275,0.0017396461,0.0131526785,0.06307326,2.2861055e-05,2.126142e-06,2,,,,0.044760536,Test
123,1,-3.5311372,-0.23873143,6.410556,-3.3485832,0.19221087,0.42964983,-9.430994,-10.69397,4.7842517e-05,0.0012873238,0.9941148,5.742438e-05,0.0019808132,0.002511667,1.3108074e-07,3.7071064e-08,2,,,,0.061805837,-3.5425613,0.09282217,6.218331,-3.252866,0.48509368,0.41995698,-9.279941,-10.501709,0.00013029957,0.0034832167,0.9883261,0.00011466122,0.0043384703,0.0036066144,5.793174e-07,9.949749e-08,2,,,,0.0017945868,Test
124,0,10.954903,-3.3413715,-4.011761,2.9979365,-5.614154,-8.248048,-1.93092,-13.425533,0.9996463,6.180924e-07,3.1616008e-07,0.00035009003,6.367899e-08,4.572054e-09,2.5328231e-06,2.579631e-11,0,,,,0.0045974376,11.531687,-3.8563113,-4.792719,3.1414351,-6.3308606,-8.759282,-1.771607,-14.026793,0.99969685,4.0447162e-07,2.1219114e-07,0.00029905996,4.7239446e-08,3.6247603e-09,3.476829e-06,9.0815556e-11,0,,,,5.8558784e-05,Test
125,0,5.9305935,-0.4943594,-1.7479751,-0.42491564,-3.0408003,-5.1168075,-3.1442444,-9.756078,0.99593866,0.0016140275,0.0004607576,0.0017300951,0.00012647535,1.5863796e-05,0.00011404615,1.5331966e-07,0,,,,0.045186132,5.3387303,-0.7855996,-1.4606808,-0.5222639,-2.9304197,-4.928441,-2.5994182,-8.627979,0.9913804,0.00263364,0.001665829,0.0036116973,0.00028281793,4.2348176e-05,0.0003822484,9.73642e-07,0,,,,0.0014239099,Test
126,0,-3.5750568,-0.8797123,6.4040027,-2.6316435,-0.1469294,0.8344123,-8.659503,-11.346815,4.607989e-05,0.0006824717,0.99394375,0.00011836694,0.0014201304,0.0037889543,2.853413e-07,1.9421348e-08,2,,,,0.06201541,-4.0321674,-1.3044012,6.391465,-2.7532063,-0.33276263,0.9095966,-8.877912,-11.064835,0.00021988968,0.002676507,0.9896695,0.00022568372,0.0014893772,0.005717478,1.5411488e-06,6.0243266e-08,2,,,,0.0030246105,Test
127,0,4.120074,-0.15772456,-0.46960038,-1.4382982,-2.029647,-5.3663387,-3.247525,-6.8273416,0.9701736,0.013459388,0.009853247,0.003740065,0.0020704248,7.361275e-05,0.0006125507,1.7078408e-05,0,,,,0.24814278,4.1674786,0.167027,-0.6097983,-1.3243549,-2.1039212,-4.9704957,-3.3933601,-7.02574,0.9497167,0.025912901,0.015144373,0.005244103,0.002983023,0.00018878763,0.00077410776,3.6123798e-05,0,,,,0.013768614,Test
128,0,3.3933163,0.10817139,-0.9048323,-1.0643865,-2.2110987,-2.611599,-2.908973,-7.336009,0.9340383,0.034965876,0.012697038,0.010824529,0.003438731,0.0023038974,0.0017112574,2.0449274e-05,0,,,,0.4761516,3.5243678,-0.095581874,-1.1903769,-1.0354474,-2.4932594,-2.8426623,-2.7855842,-7.428299,0.9424189,0.029245224,0.010074542,0.010761125,0.003257582,0.001997733,0.0022022664,4.263693e-05,0,,,,0.007834411,Test
129,0,2.875121,-1.0906126,0.5433268,-1.8487514,-1.6587343,-6.058018,-4.666194,-5.240694,0.87977296,0.016675327,0.08544472,0.007813017,0.009448051,0.00011607997,0.00046689485,0.00026285538,0,,,,0.69234335,3.2132201,-0.9707283,0.42424378,-1.7821448,-1.7089045,-6.28936,-4.51142,-5.556285,0.8867523,0.0155845005,0.07896819,0.008351846,0.009307364,0.00014133003,0.0006357588,0.0002586146,0,,,,0.01868201,Test
130,0,-5.790325,-2.504057,5.2085395,-2.769662,0.8279389,2.8823416,-7.6321974,-6.5258684,1.5050083e-05,0.00040248275,0.9000887,0.0003086004,0.011267167,0.08790841,2.385747e-06,7.2126845e-06,2,,,,0.52652353,-5.710898,-2.6582046,5.12055,-2.549858,0.6598465,2.5738297,-7.167939,-6.4017572,2.7986385e-05,0.0005292572,0.9010126,0.0005522994,0.012335021,0.08552195,7.5622984e-06,1.3337463e-05,2,,,,0.016554613,Test
131,0,7.002109,0.361954,-2.6514692,-0.03734477,-4.0355506,-5.250673,-2.53424,-11.387352,0.9976648,0.0013037731,6.404557e-05,0.000874558,1.6046857e-05,4.7606813e-06,7.201132e-05,1.0293023e-08,0,,,,0.026967175,6.6215606,0.3183569,-2.7978046,-0.20858076,-3.6088562,-4.9514613,-2.3473048,-10.802556,0.99488103,0.0028332227,0.00021870097,0.001670507,7.191483e-05,2.266931e-05,0.00030174744,1.732953e-07,0,,,,0.0013061479,Test
132,0,-5.0932584,-1.0721389,7.914472,-3.2123206,0.06297663,1.752359,-10.436173,-12.7650585,2.23702e-06,0.00012474401,0.99736804,1.4674073e-05,0.00038814533,0.0021022467,1.0697236e-08,1.0419556e-09,2,,,,0.028783167,-5.6580825,-1.0782869,8.314039,-3.2455764,-0.28317785,2.1504948,-10.74941,-13.181829,3.8132796e-06,0.00017868761,0.99353856,4.146936e-05,0.00035369015,0.0058838245,3.8302023e-08,3.9857717e-09,2,,,,0.0024143416,Test
133,0,7.957021,-1.5178856,-2.7935102,1.2627704,-4.614406,-5.5015345,-2.597641,-11.803542,0.99863464,7.664906e-05,2.1404754e-05,0.0012363184,3.4650147e-06,1.427021e-06,2.6036036e-05,2.6151896e-09,0,,,,0.015777946,7.883561,-1.7487854,-3.0625515,1.2603647,-4.493836,-5.089513,-2.8039975,-11.547544,0.99727154,0.0001409581,4.514713e-05,0.0024117872,2.6119687e-05,1.4607914e-05,8.958654e-05,1.6589078e-07,0,,,,0.0007378544,Test
134,1,-2.9983664,-0.53574187,3.6604903,-2.2937813,-0.5105473,0.671863,-5.363241,-5.725361,0.001182211,0.013873915,0.9217212,0.0023916212,0.014227904,0.046414673,0.0001110818,7.733505e-05,2,,,,0.5217256,-2.98828,-0.5708884,3.5106208,-2.3371465,-0.43918872,0.73088944,-5.2155995,-5.761903,0.0018122584,0.018500587,0.89288425,0.003120917,0.018363304,0.0649824,0.00022854943,0.00010762117,2,,,,0.014789369,Test
135,0,-4.692646,-2.0004435,6.1811323,-2.925679,1.212358,0.6016441,-7.990417,-6.608845,1.8739893e-05,0.00027667874,0.98898345,0.000109685956,0.00687508,0.0037329146,6.927293e-07,2.7578596e-06,2,,,,0.10037922,-5.0889397,-1.893975,6.681245,-3.022717,1.4242828,0.62331235,-8.505716,-6.629683,1.7330178e-05,0.00032688468,0.9904996,0.00012928658,0.0060212417,0.0030006648,1.7615797e-06,3.215809e-06,2,,,,0.0014143997,Test
136,0,10.978534,-2.5804877,-3.5413423,2.503406,-5.831506,-8.872196,-2.8892603,-14.495965,0.9997887,1.2921122e-06,4.943175e-07,0.00020854837,5.0049625e-08,2.3924636e-09,9.488592e-07,8.639209e-12,0,,,,0.0029106948,10.919772,-2.6094475,-3.4989483,2.6241677,-6.111468,-9.208168,-2.7557304,-14.641869,0.999493,3.7787463e-06,1.9580605e-06,0.0004945169,3.8292347e-07,1.412707e-08,6.3693697e-06,6.610129e-10,0,,,,0.0001965443,Test
137,1,1.8091441,2.679582,0.8543895,-3.269034,-1.9967859,-2.844757,-6.122444,-9.459804,0.26238257,0.6265581,0.10099276,0.0016349717,0.005834997,0.0024990293,9.4251816e-05,3.348832e-06,1,,,,1.3444777,1.9675028,2.4486327,0.9858543,-3.2919166,-1.8723214,-2.646989,-6.0848236,-9.2966175,0.32476592,0.5179897,0.14225046,0.001801599,0.008361027,0.0047014635,0.00012268362,7.204354e-06,1,,,,0.04932317,Test
138,0,-0.399205,2.4632711,2.1878135,-3.315572,-1.466667,0.2429002,-7.07163,-10.504387,0.029330073,0.51341754,0.38979924,0.0015876367,0.010086028,0.05574114,3.711214e-05,1.1986389e-06,1,,,,1.4873365,-0.4495204,2.3880188,2.4660704,-3.3858044,-1.4042666,0.42688322,-7.096667,-10.7199955,0.030147085,0.4454259,0.45270404,0.0017195018,0.009407661,0.060524195,7.00479e-05,1.5827636e-06,2,,,,0.059132576,Test
139,0,2.394118,0.69330686,0.17831963,-2.2550435,-1.215583,-3.2209632,-3.5582578,-7.0265017,0.7493137,0.13677628,0.08172495,0.0071706506,0.020276377,0.0027293852,0.0019479584,6.0721206e-05,0,,,,1.2065779,2.467739,1.0201005,0.31321344,-2.359979,-1.3338027,-3.480425,-3.764771,-7.225071,0.68055993,0.16948839,0.11975022,0.005821235,0.019877005,0.002809808,0.001602663,9.078369e-05,0,,,,0.057227902,Test
140,0,-3.8525152,-0.8965446,4.768104,-3.4174716,0.25785562,1.7474462,-8.0307,-7.521406,0.00016954876,0.003258789,0.9401168,0.00026195793,0.010337267,0.045848668,2.5985564e-06,4.324293e-06,2,,,,0.38811398,-4.30593,-0.78977555,5.121684,-3.739223,0.12909664,1.9581724,-8.804781,-7.8712754,0.00010005983,0.0042259907,0.9388372,0.00020048072,0.008950286,0.047679484,1.6980055e-06,4.8195934e-06,2,,,,0.009842861,Test
141,0,-3.504754,-1.1094166,3.8007505,-2.296169,0.14034124,-0.55621326,-5.604649,-4.102415,0.000640275,0.0070250346,0.95303094,0.0021441171,0.024513846,0.0122152325,7.8414065e-05,0.00035221325,2,,,,0.35609362,-3.4149158,-1.1906484,3.8404498,-2.4211044,0.169434,-0.7496509,-5.5958633,-4.0960345,0.0012697455,0.008015193,0.94888914,0.0030213948,0.027351057,0.0107024405,0.00016956807,0.00058144535,2,,,,0.0071640075,Test
142,0,-3.1980054,0.5779635,5.798717,-3.4362254,-1.0127358,1.7375209,-9.856074,-13.010823,0.00012091846,0.0052768523,0.97660613,9.528727e-05,0.0010753332,0.016825357,1.5521374e-07,6.6197274e-09,2,,,,0.18588714,-3.773883,0.35310027,5.5994644,-3.7634385,-1.2387277,2.157453,-9.92436,-12.694394,0.0006537632,0.010953693,0.9424297,0.00056457764,0.0012927001,0.04410227,3.2855503e-06,3.9542275e-08,2,,,,0.013453389,Test
143,0,-2.26456,-0.6708115,1.3886809,-2.21353,-0.65289724,1.2674025,-3.703208,-3.4245157,0.011719624,0.057685927,0.45237234,0.0123331975,0.05872863,0.40070567,0.0027804608,0.0036741027,2,,,,1.7307042,-2.3147054,-0.6546411,1.1952727,-2.0914404,-0.7791889,1.2309939,-3.3910108,-3.3770084,0.013059284,0.06872928,0.40704402,0.015928792,0.05809329,0.42815447,0.0046031675,0.004387628,5,,,,0.03216653,Test
144,0,9.865488,2.1209035,-3.9680429,-0.9335208,-5.205454,-8.438987,-3.5998075,-15.192705,0.9995441,0.0004328841,9.816937e-07,2.0410413e-05,2.84823e-07,1.12271605e-08,1.4187253e-06,1.3096853e-11,0,,,,0.005866345,9.320408,2.2792544,-3.4431489,-0.6078628,-4.9208975,-7.7319155,-3.5390809,-14.417096,0.99603957,0.0037678196,1.0604256e-05,0.00017416017,2.4687909e-06,6.8425254e-07,4.736453e-06,8.4009655e-10,0,,,,0.0018238766,Test
145,0,-3.9844685,-0.053056143,6.857238,-3.443407,-0.03598456,1.125171,-9.835868,-12.213554,1.9462948e-05,0.0009922,0.99472225,3.3434022e-05,0.001009284,0.0032232702,5.5972944e-08,5.1923217e-09,2,,,,0.055021185,-4.1142406,0.40701932,6.7164903,-3.3443093,-0.19879696,1.297025,-10.2386055,-13.287663,6.5565604e-05,0.0027844994,0.99011767,9.030605e-05,0.0011529147,0.0057887537,2.7372886e-07,8.650286e-09,2,,,,0.0018030425,Test
146,0,8.405977,-3.1042664,-1.5525551,2.4364436,-4.6596684,-6.435203,-3.8340974,-12.816231,0.99738663,1.0000653e-05,4.7198468e-05,0.002548754,2.1111832e-06,3.5761903e-07,4.82022e-06,6.055858e-10,0,,,,0.026702238,8.312788,-2.7127352,-1.4928215,2.1629949,-4.02855,-6.604141,-3.935196,-11.915625,0.9972123,5.544592e-05,9.274304e-05,0.0025881534,3.9190036e-05,1.6246971e-06,1.0514332e-05,3.3151668e-08,0,,,,0.00049187714,Test
147,1,-3.2904894,-0.06641974,4.3801284,-2.6978543,-0.7265924,1.7185726,-6.997464,-8.806786,0.00042824273,0.010761823,0.91832644,0.0007745834,0.0055613006,0.06413545,1.0514088e-05,1.7218405e-06,2,,,,0.49205294,-3.8037682,-0.55402595,4.329669,-2.6924624,-0.94062185,1.7499306,-6.822112,-8.588901,0.0005735645,0.011073552,0.90350133,0.0010963628,0.0069145644,0.0768014,2.5615951e-05,1.3603545e-05,2,,,,0.015308783,Test
148,0,6.797807,0.9605649,-2.2027187,-1.0622003,-3.790618,-5.8637905,-4.033357,-11.618677,0.9965378,0.002906777,0.00012291782,0.00038453512,2.5118828e-05,3.159596e-06,1.970511e-05,1.00072794e-08,0,,,,0.03618891,6.825621,1.0963176,-2.3866622,-1.1109817,-3.6514733,-5.720121,-3.765757,-11.931062,0.9900212,0.009206207,0.00013907216,0.0005396726,4.8395337e-05,6.061452e-06,3.9296086e-05,3.1223106e-08,0,,,,0.0048497976,Test
149,0,-2.6381073,-0.45135853,3.4915502,-3.039687,-0.27540267,0.57363456,-6.293425,-6.0437727,0.0019788055,0.017623661,0.90882367,0.0013243397,0.021014195,0.04911849,5.1158637e-05,6.566612e-05,2,,,,0.5907569,-2.331127,-0.27727386,3.4296002,-2.9989572,-0.34665245,0.564901,-6.177038,-5.8463354,0.0034553572,0.028524667,0.88714445,0.0018324092,0.022072386,0.056613427,0.00013204591,0.00022525997,2,,,,0.011410709,Test
150,0,2.675283,5.0719166,1.2053763,-3.7232215,-3.1077178,-2.2663867,-8.143478,-15.6771345,0.08177963,0.8984417,0.018804973,0.00013608487,0.00025183725,0.0005841241,1.6372567e-06,8.7557206e-10,1,,,,0.55307794,2.768537,4.828507,1.0693696,-3.4204044,-3.0748582,-2.1087098,-8.176886,-15.282026,0.12584567,0.8065219,0.06440106,0.00045761242,0.0009895258,0.0017803863,3.7578116e-06,3.7811837e-08,1,,,,0.047369894,Test
151,0,-3.5532699,-1.3408464,0.87791103,-1.1790702,-1.8378662,1.1205386,-1.7248322,-2.2558231,0.004396402,0.040173594,0.36943224,0.047227968,0.024439244,0.47087607,0.027363889,0.016090566,5,,,,1.8398985,-3.481781,-1.3701451,0.82010174,-1.1524441,-1.6359946,0.896169,-1.7271954,-2.0041122,0.006138338,0.043672994,0.38122764,0.053106457,0.03528897,0.41775173,0.03574679,0.027067095,5,,,,0.040969886,Test
152,0,9.013937,-0.22435975,-3.131163,-0.04275772,-4.315289,-8.14873,-2.7121518,-12.509776,0.9997712,9.722085e-05,5.3131353e-06,0.000116581046,1.6258914e-06,3.5176235e-08,8.078395e-06,4.4902568e-10,0,,,,0.0034110858,9.418121,-0.2668078,-3.237554,-0.03213178,-4.0355473,-8.792669,-2.4334707,-13.265562,0.99969226,0.00018446786,4.3958944e-06,0.000101605336,3.4018788e-06,9.5004125e-08,1.3801182e-05,1.5282857e-09,0,,,,7.9209465e-05,Test
153,0,-3.204461,0.07516962,3.6444447,-2.5791886,-0.70444024,2.1408224,-6.4681883,-8.111517,0.00083743065,0.022247141,0.78957015,0.0015649524,0.010202202,0.1755399,3.2028023e-05,6.192151e-06,2,,,,0.9231207,-3.0633852,0.07073832,3.7176106,-2.3631096,-0.52726454,2.321127,-6.2258406,-8.140597,0.0012208999,0.02305954,0.7527003,0.0024263083,0.012435416,0.20808585,5.95996e-05,1.2063344e-05,2,,,,0.029078102,Test
154,1,0.5677006,3.0551994,2.5058162,-3.840884,-1.6542039,-1.0445435,-8.160243,-12.126557,0.049268432,0.5927557,0.3422013,0.0005997148,0.00534082,0.009826073,7.981249e-06,1.5118978e-07,1,,,,1.3030304,0.6167542,3.300588,2.4122179,-3.9876065,-1.3592244,-0.80112344,-7.711409,-11.656173,0.0478971,0.6366465,0.2964129,0.00054952095,0.006874179,0.0115889665,3.0402996e-05,4.504058e-07,1,,,,0.060119476,Test
155,0,2.827021,2.954393,0.16641368,-3.0370724,-2.4458277,-2.6193535,-6.1295786,-10.887576,0.45082498,0.5120648,0.031515267,0.0012801607,0.0023122714,0.0019439161,5.8104055e-05,4.9869425e-07,1,,,,1.2206887,3.142569,3.2374158,0.22639851,-2.9991126,-2.5288548,-2.5081298,-6.204046,-11.109173,0.4661568,0.49842286,0.02850027,0.0017168822,0.0019509919,0.0031900995,6.1521205e-05,5.004081e-07,1,,,,0.036706954,Test
156,0,-2.7457256,0.2771442,4.862832,-3.0245407,-0.3965015,1.0308627,-8.052562,-10.273834,0.00047805125,0.009824043,0.9634498,0.00036173165,0.0050087515,0.020874977,2.3699808e-06,2.5707416e-07,2,,,,0.2815343,-2.6749244,0.09380151,4.999158,-3.1410599,-0.75156254,1.002211,-8.005728,-10.52505,0.0006001559,0.010338165,0.9642522,0.00040936662,0.0038149427,0.020579824,4.851163e-06,5.9385525e-07,2,,,,0.005641331,Test
157,0,-4.146974,-1.8338078,-0.057950184,-0.54784256,-2.7461922,3.182994,-1.5266343,-4.089647,0.0006054936,0.006119344,0.03613683,0.022140762,0.0024573188,0.92357934,0.008319721,0.00064121914,5,,,,0.53779835,-4.3073244,-2.0021746,0.091817,-0.55604154,-2.6200886,3.2791934,-1.654685,-3.9032886,0.00055793265,0.0054838313,0.04347567,0.022422623,0.0029045318,0.9166829,0.007398531,0.0010739483,5,,,,0.010763982,Test
158,0,-0.98226357,1.220533,3.8159046,-3.084752,-1.587073,-0.16280878,-7.792498,-11.877516,0.0074472907,0.06740011,0.9032672,0.0009097019,0.0040675504,0.016899852,8.210152e-06,1.3811803e-07,2,,,,0.58860534,-1.0120203,1.4511051,3.8977256,-3.0000699,-1.59171,-0.18181299,-7.3441224,-11.371712,0.012571901,0.1262608,0.8387226,0.0014273103,0.0040596947,0.016921561,3.4738543e-05,1.354643e-06,2,,,,0.0403869,Test
159,0,-2.2000093,-0.8041549,1.7529142,-2.311418,-0.5784972,0.105388135,-3.671469,-2.4387598,0.013490449,0.054480154,0.70268273,0.012068195,0.068271615,0.13528444,0.0030972736,0.010625229,2,,,,1.4974127,-2.1515636,-0.7064624,1.7814928,-2.1781442,-0.47179914,0.055203676,-3.4976044,-2.4011052,0.015967514,0.06022781,0.6910857,0.014748211,0.07583908,0.12625046,0.0044207536,0.011460541,2,,,,0.01850968,Test
160,0,2.4726481,-2.3806088,0.19815238,-0.31098613,-1.7254742,-5.1469884,-2.5342836,-3.1880817,0.8346194,0.0065124687,0.08583956,0.05159071,0.012539119,0.00040956456,0.0055847745,0.0029044554,0,,,,0.9397758,2.4170713,-2.5807047,0.13443825,-0.31041256,-1.911363,-5.196643,-2.383989,-3.2243047,0.8029009,0.0069671297,0.107688226,0.056811225,0.0133679435,0.0005345271,0.0076847733,0.0040451945,0,,,,0.027881445,Test
161,0,-2.8690941,0.30517447,5.116392,-3.0666275,0.09213589,-0.037217584,-7.8824196,-8.90683,0.00033332853,0.007969658,0.9793209,0.00027358026,0.0064404802,0.005659014,2.2162199e-06,7.9564086e-07,2,,,,0.18135118,-2.7765677,0.33227772,5.205751,-3.4698212,-0.23054175,-0.4262875,-7.6570716,-8.716537,0.0005992142,0.010884478,0.97959816,0.0002351066,0.0048406404,0.0038360897,4.3031314e-06,2.0876057e-06,2,,,,0.00366316,Test
162,0,-5.1783442,-2.7039685,4.883013,-2.7229278,0.6659572,1.4569464,-6.5776796,-3.5168576,4.0721454e-05,0.0004835387,0.9537078,0.00047445737,0.014059552,0.031009415,1.0048468e-05,0.00021448563,2,,,,0.3210458,-5.3821926,-2.6495566,5.124521,-2.7509828,0.7693134,1.3124572,-7.06075,-3.7055423,3.697772e-05,0.00047695395,0.95978373,0.00045266392,0.012842928,0.026139598,9.479202e-06,0.00025763203,2,,,,0.005241112,Test
163,0,-3.2506502,-0.27669817,3.5734138,-2.7535186,-0.7875359,2.2161663,-6.328481,-8.213188,0.0008400338,0.016438713,0.772592,0.0013810149,0.00986311,0.1988406,3.869115e-05,5.8761652e-06,2,,,,0.936462,-3.247898,-0.30282354,3.556765,-2.7166753,-0.8784176,2.184856,-6.551969,-8.589012,0.001270626,0.019688785,0.7552373,0.0016495564,0.009925032,0.21215758,6.338862e-05,7.6228184e-06,2,,,,0.03109333,Test
164,0,5.674882,1.7783644,-0.6677044,-1.6777174,-3.2245562,-5.23352,-5.455602,-12.632974,0.9776292,0.01985812,0.0017203778,0.0006265863,0.00013341276,1.7894336e-05,1.4330672e-05,1.0943935e-08,0,,,,0.16888647,5.5889654,2.038651,-0.57764584,-1.6277485,-3.3969383,-5.5233774,-5.0247726,-11.960433,0.9528074,0.04165981,0.004073586,0.0011860386,0.00020244197,2.4928979e-05,4.5575696e-05,1.926775e-07,0,,,,0.009969065,Test
165,0,-3.3226738,-0.31610042,5.1709905,-2.779238,-0.34174737,0.66358817,-7.315761,-8.540566,0.00020079318,0.004059634,0.9806189,0.0003457481,0.003956842,0.01081335,3.703164e-06,1.0880442e-06,2,,,,0.16867359,-3.489676,-0.14557657,5.673952,-2.8915813,-0.22480115,0.62411815,-7.9223533,-9.094817,0.0002108602,0.0034294124,0.98570335,0.0003179875,0.0035656306,0.0067687035,3.0004533e-06,1.0895285e-06,2,,,,0.0018828525,Test
166,0,-2.15204,1.2675401,5.1456027,-3.4052818,-1.138444,0.6982073,-9.220215,-13.226637,0.0006541484,0.019988537,0.96605587,0.00018681011,0.0018025008,0.011311572,5.571944e-07,1.0140042e-08,2,,,,0.2597771,-1.9917109,1.1731869,5.349162,-3.3711674,-1.189965,0.42385596,-9.325009,-13.636212,0.0025549838,0.045925956,0.9366369,0.00027959782,0.0027806126,0.011820141,1.7483126e-06,6.878386e-08,2,,,,0.02641763,Test
167,0,2.0901945,1.8660823,-0.73525125,-2.2337701,-2.7316828,-1.3020405,-3.8070207,-8.860252,0.5218649,0.41708773,0.030937316,0.006913279,0.0042018765,0.017552106,0.0014336072,9.158815e-06,0,,,,1.3698126,2.1568892,1.9753917,-0.70548666,-2.189756,-2.7282634,-1.3879901,-3.9868355,-9.295652,0.5015308,0.42398685,0.03553065,0.008259324,0.004785222,0.02451921,0.0013796303,8.275915e-06,0,,,,0.031412035,Test
168,0,-3.4320571,-0.13778463,5.4350195,-3.2348816,0.0062205065,1.0456287,-8.499444,-9.714529,0.00013806699,0.0037219832,0.979518,0.00016815985,0.0042984798,0.012154138,8.6966463e-07,2.5801626e-07,2,,,,0.17430577,-3.195647,0.21002872,5.180153,-2.9070106,-0.2854146,0.9834157,-7.933277,-9.479096,0.0003830472,0.012056675,0.9633282,0.0003879306,0.005160206,0.018680163,3.0862507e-06,7.363411e-07,2,,,,0.007199507,Test
169,0,-0.59712446,-0.8230054,2.5228772,-2.0874777,-0.053137004,-2.9421206,-4.0506163,-2.994356,0.03757867,0.029980756,0.85102236,0.008466215,0.06474291,0.003601825,0.0011888006,0.0034185124,2,,,,0.9104051,-0.58693194,-0.8639448,2.412868,-2.0983586,0.09727847,-2.9554117,-4.163639,-2.9500253,0.044071846,0.035142936,0.81771487,0.010287795,0.08256125,0.0043382663,0.0012982057,0.004584779,2,,,,0.015079928,Test
170,0,-4.8647184,-1.3100376,6.6279726,-2.665611,0.7845254,1.4899062,-8.405867,-9.466901,1.0111105e-05,0.00035365266,0.99085695,9.117143e-05,0.002872328,0.0058153667,2.930202e-07,1.0141361e-07,2,,,,0.08602212,-4.9023476,-1.5762427,7.0088973,-2.3146424,0.6445296,1.911576,-8.530456,-10.228515,2.0205975e-05,0.00027275257,0.9859252,0.00023335475,0.002628508,0.010918839,1.0339236e-06,7.05714e-08,2,,,,0.0055400385,Test
171,0,-0.65734005,2.6720428,4.0489736,-4.2167654,-1.3065246,-0.58752483,-9.744474,-13.399299,0.0070827543,0.19775833,0.78366095,0.00020154088,0.0037005376,0.0075949077,8.01143e-07,2.072238e-08,2,,,,0.874448,-0.5661869,3.2999718,3.9235826,-3.992342,-1.4038416,-0.71017,-9.304468,-12.929402,0.012576258,0.36402583,0.6118608,0.00026604053,0.0043222522,0.006946662,2.0025977e-06,1.5583743e-07,2,,,,0.04873136,Test
172,0,-3.826722,0.093083784,5.9800777,-3.3110855,-0.4799081,1.82721,-9.349314,-11.678836,5.3984935e-05,0.0027203371,0.9801932,9.0408794e-05,0.0015338239,0.015407924,2.1569574e-07,2.0996328e-08,2,,,,0.16055569,-3.5684898,0.5218756,6.0506396,-3.3059165,-1.0317701,1.6149184,-9.255503,-12.166608,0.00025530875,0.006569409,0.9733995,0.00015920162,0.0009805213,0.018634707,1.2912151e-06,2.6369037e-08,2,,,,0.006244554,Test
173,0,7.666699,-1.1090257,-2.1616135,0.26480612,-3.892304,-7.5360312,-3.3975146,-10.6157,0.9991567,0.00015430675,5.3858217e-05,0.00060958246,9.541627e-06,2.4955816e-07,1.5649723e-05,1.1473316e-08,0,,,,0.010858565,7.406274,-1.0438516,-2.1723697,0.22910526,-4.026887,-7.381236,-3.5163066,-10.180502,0.99820346,0.0005541585,0.00013572544,0.0010449204,2.2199176e-05,4.435257e-06,3.4546763e-05,5.159588e-07,0,,,,0.0005429451,Test
174,0,-1.4634416,0.91383207,5.4626527,-3.6782594,-1.5333045,-0.012766335,-10.513486,-15.569712,0.0009656319,0.010405151,0.9835038,0.000105421306,0.00090047234,0.004119379,1.1335143e-07,7.219988e-10,2,,,,0.14495255,-1.3699181,0.66902035,5.139598,-3.3908722,-1.7514143,0.52571315,-10.631121,-14.9313,0.0026052822,0.03040182,0.95423096,0.0002081898,0.0010365789,0.011516944,3.077398e-07,6.847261e-09,2,,,,0.01698841,Test
175,0,-1.2986174,0.23873445,1.6907839,-2.5963547,-1.0852034,0.10493699,-4.258957,-4.50457,0.032052264,0.14911531,0.6369997,0.008755051,0.039677415,0.13044117,0.0016603498,0.0012987669,2,,,,1.6385967,-1.2862117,0.28228045,1.5518662,-2.5467315,-1.0473485,0.093656704,-4.36031,-4.6584506,0.03693556,0.17583854,0.57903165,0.010195425,0.04668134,0.14807299,0.0017832723,0.001461254,2,,,,0.041312214,Test
176,0,-5.3080087,-0.8882318,8.566948,-3.4134562,0.10387392,1.9622327,-11.130366,-13.809124,9.407341e-07,7.8154e-05,0.99835217,6.2554773e-06,0.00021077425,0.0013517374,2.7851492e-09,1.9119617e-10,2,,,,0.019026037,-5.880258,-1.0783502,8.212244,-3.4717312,-0.015403874,1.7882532,-10.7635975,-12.673468,1.9743004e-06,0.00015658981,0.9957638,1.3091044e-05,0.0004865132,0.0035780396,9.643204e-09,4.0250714e-09,2,,,,0.0012536448,Test
177,0,-4.9703007,-1.258791,6.508593,-3.154936,-0.10707609,2.4880016,-9.250736,-10.106853,1.0145511e-05,0.00041510878,0.98060465,6.232703e-05,0.0013132436,0.017594347,1.4037973e-07,5.963447e-08,2,,,,0.14853983,-4.7107134,-1.8251292,6.264406,-2.888948,-0.33047467,2.5812824,-9.39711,-10.509907,3.0289206e-05,0.00047281283,0.96888983,0.00023923532,0.0017332602,0.028633317,1.0963014e-06,1.5759662e-07,2,,,,0.00425702,Test
178,0,-2.159465,0.9824272,6.706803,-3.5110092,-0.555647,-0.3153354,-10.436966,-15.243578,0.00014036115,0.0032490282,0.994989,3.6331145e-05,0.000697873,0.00088744704,3.567585e-08,2.916683e-10,2,,,,0.052714285,-2.2982833,0.455556,6.3706307,-3.717462,-0.6245663,-0.28692356,-10.681154,-15.507871,0.002484966,0.009057524,0.98226154,0.00026779863,0.0020482056,0.0038794666,4.1478103e-07,1.5498989e-09,2,,,,0.005394483,Test
179,1,-2.358088,0.9380161,5.255595,-3.2964566,-0.16705923,-0.06351918,-8.740128,-11.1454735,0.00048239485,0.01302814,0.9771996,0.00018874458,0.0043147365,0.0047854343,8.1605253e-07,7.363584e-08,2,,,,0.19255002,-2.2632484,1.2202886,5.0728655,-3.539727,-0.4003554,-0.07003687,-9.294446,-11.101016,0.0014612431,0.032906834,0.95342904,0.00031792934,0.00463354,0.007249099,2.0663756e-06,2.3216315e-07,2,,,,0.0077546714,Test
180,0,-3.9524157,-1.4712839,6.763355,-2.3209999,0.4091722,0.22151934,-8.076924,-9.681452,2.2112952e-05,0.00026435585,0.9964301,0.000113021706,0.0017332465,0.0014366927,3.5759854e-07,7.1871696e-08,2,,,,0.0395807,-4.15801,-1.4848511,7.220378,-2.2438326,0.74599344,0.80412596,-8.951032,-10.655939,2.1429727e-05,0.0003301444,0.9941515,0.00013169575,0.0018581351,0.003506907,2.232359e-07,5.8492578e-08,2,,,,0.0019138979,Test
181,0,-0.090600625,2.577058,3.0767395,-3.4496126,-1.3183568,-1.008043,-7.9608116,-11.690455,0.025076423,0.36125603,0.5954208,0.00087189727,0.0073461183,0.010019025,9.578037e-06,2.2988614e-07,2,,,,1.2370206,-0.38100827,2.4543433,3.1761537,-3.4699903,-1.1827891,-1.1221993,-7.9946775,-11.243513,0.027263578,0.33023915,0.6224572,0.00086737645,0.008161204,0.010995825,1.3981563e-05,1.6793578e-06,2,,,,0.055021804,Test
182,0,-3.6339035,-1.3510755,2.9311898,-1.9294913,-0.86090636,1.5261625,-4.1930027,-4.3624754,0.0010900167,0.010686923,0.77377874,0.0059930766,0.017447386,0.18985462,0.0006231885,0.0005260395,2,,,,0.9806136,-3.3462226,-1.3821915,2.8956637,-1.6360508,-0.7701028,1.3526787,-3.954544,-4.1902275,0.002235497,0.013767797,0.77619094,0.010247653,0.022051636,0.17328991,0.0012164243,0.001000107,2,,,,0.019024767,Test
183,0,-3.7966964,-2.4504557,1.7451048,-1.0321741,-0.96900535,-0.7674203,-2.0066233,1.3238668,0.002053979,0.007893344,0.5240465,0.032599647,0.03472536,0.04248093,0.012303113,0.34389707,2,,,,1.6925932,-3.772119,-2.292499,1.872789,-1.0469878,-0.9583788,-0.7918208,-2.0567782,1.5269156,0.002130143,0.008598328,0.51215667,0.029311504,0.03166271,0.038676,0.011717217,0.3657474,2,,,,0.02362471,Test
184,1,-2.510932,-1.9407479,3.1656897,-2.3188624,0.0674818,-3.5481641,-3.699543,1.0733331,0.0028918127,0.005114437,0.8442976,0.0035041664,0.038103156,0.0010249575,0.00088097376,0.104182936,2,,,,0.83672017,-2.4756293,-1.992252,3.1335888,-2.344849,0.098756574,-3.581672,-3.5188675,1.3968563,0.004263017,0.005483587,0.7763544,0.0037571944,0.042571653,0.0012124528,0.0014661314,0.16489157,2,,,,0.035072643,Test
185,0,0.28912935,0.082304366,2.923608,-2.2741835,-0.8116072,-2.2907124,-5.7889647,-8.286491,0.06158715,0.05008034,0.8582815,0.0047452333,0.020485492,0.0046674456,0.0001411911,1.1618378e-05,2,,,,0.8428903,0.21027093,-0.15450135,2.8015778,-2.132419,-0.8708142,-2.3480601,-5.613111,-8.092054,0.0801971,0.055657238,0.82368165,0.008610191,0.0238927,0.0076849423,0.0002477973,2.84068e-05,2,,,,0.030039947,Test
186,0,-4.0157547,-2.2562213,1.1324446,-0.98660773,-1.5759825,1.0596771,-2.0666296,-1.0051839,0.0025097646,0.014581041,0.43198377,0.051900875,0.02878807,0.40166584,0.017624918,0.05094565,2,,,,1.8526568,-4.1409082,-2.4633665,1.2426006,-1.0650293,-1.425719,1.0186496,-2.2270603,-0.850506,0.0025457002,0.011466378,0.45472556,0.04817412,0.03201189,0.37183863,0.016183708,0.063053995,2,,,,0.03985408,Test
187,0,-3.5888472,0.019654537,7.0308948,-3.1253824,-0.3408001,0.72956544,-10.128973,-13.501737,2.4345507e-05,0.0008986097,0.99658406,3.8698934e-05,0.0006266535,0.0018276012,3.5162344e-08,1.2058843e-09,2,,,,0.038246103,-3.3190417,0.43672448,6.8951874,-3.0856016,-0.20313959,0.4821217,-10.085802,-14.100476,0.000118593176,0.002184016,0.9941767,7.268902e-05,0.0011497473,0.002298267,1.2408857e-07,3.1287315e-09,2,,,,0.0011518375,Test
188,0,4.5813274,3.3377774,-0.059155058,-2.9096797,-3.4715912,-3.7631881,-7.0516214,-14.492382,0.76974314,0.22196215,0.0074303607,0.00042957885,0.0002449107,0.00018296528,6.8268496e-06,4.0062593e-09,0,,,,0.8353151,4.6666994,3.4797444,-0.10638739,-2.9850383,-3.6424584,-4.2981873,-6.86418,-15.47039,0.7197759,0.26940042,0.009734362,0.0006283034,0.0002484936,0.00019937412,1.3167453e-05,7.3314803e-09,0,,,,0.05387351,Test
189,0,-3.8505254,-1.650714,0.8971775,-1.5542344,-1.7341974,3.6732974,-3.166201,-4.603124,0.0005005842,0.0045169275,0.057726905,0.004974433,0.004155151,0.9268978,0.000992374,0.00023584552,5,,,,0.46338716,-3.7710938,-1.844389,0.8104545,-1.4066775,-1.7862179,3.6862621,-2.9386446,-4.3490252,0.001016158,0.0043780566,0.06958402,0.008447869,0.0052343993,0.90863335,0.0020450267,0.0006611055,5,,,,0.020157686,Test
190,0,-3.0633903,-1.3900524,1.0635399,-1.6792756,-1.2698908,2.4015474,-3.0540996,-2.990964,0.0031579155,0.016831465,0.19575077,0.01260416,0.01898049,0.7460927,0.0031873912,0.0033951178,5,,,,1.1436474,-2.9498308,-1.2579888,0.9762561,-1.5397894,-1.2485548,2.4525862,-2.9528823,-3.1132793,0.0036823452,0.018833773,0.1862057,0.015452215,0.019529972,0.74880517,0.00408489,0.0034059125,5,,,,0.02806538,Test
191,0,-0.5729918,1.8015566,2.6355171,-3.0600126,-1.3775196,-8.322671e-05,-6.5646887,-9.818324,0.02577665,0.277,0.63777024,0.0021435174,0.011529874,0.045712773,6.442666e-05,2.4890276e-06,2,,,,1.3605646,-0.9370238,1.2573389,2.440011,-3.385812,-1.2284343,0.13638368,-6.518195,-9.238943,0.026688546,0.22550325,0.65106773,0.002320832,0.018214233,0.07602049,0.00016939975,1.5618967e-05,2,,,,0.0423133,Test
192,0,-4.8515944,-0.9840977,7.5168266,-3.0026457,-0.078612015,1.9257718,-9.958643,-12.469443,4.2318134e-06,0.00020237613,0.9955515,2.688531e-05,0.00050050305,0.0037144923,2.561909e-08,2.0803508e-09,2,,,,0.04484459,-4.5988493,-0.4207449,7.7725205,-3.1412587,0.26933965,1.667848,-10.153237,-12.992502,2.9217617e-05,0.0010337888,0.9939624,6.7438064e-05,0.0009793735,0.003927113,5.9984126e-07,3.735736e-08,2,,,,0.002108524,Test
193,0,-3.9059532,-1.030217,3.6336048,-2.7711356,-0.14998575,2.4760888,-6.709251,-6.929323,0.00039418717,0.0069922814,0.74146545,0.001226161,0.016861586,0.23301727,2.3891635e-05,1.917209e-05,2,,,,0.97602767,-3.9941325,-1.0426852,3.6928005,-2.942504,-0.36483112,2.8455825,-7.108468,-7.6566224,0.00042697872,0.009059988,0.67693204,0.0013309451,0.013133888,0.29907316,2.5418989e-05,1.7605958e-05,2,,,,0.022923553,Test
194,0,-3.1128774,0.3705302,5.3088264,-3.3765876,-0.5474639,1.0549612,-8.808941,-10.618554,0.0002147507,0.0069945375,0.9759641,0.00016497052,0.0027930536,0.013867674,7.213822e-07,1.18102854e-07,2,,,,0.19833039,-2.7826102,0.6756067,5.1022935,-3.3020134,-0.2598237,0.85498047,-8.308031,-10.176771,0.0009003041,0.017501678,0.9583084,0.0003300093,0.0052095824,0.017742908,5.305058e-06,1.8093275e-06,2,,,,0.007995922,Test
195,0,6.817915,1.376705,-1.7596877,-1.1708504,-4.126193,-6.268242,-4.9575377,-12.916873,0.99513465,0.004313149,0.00018735982,0.00033760213,1.7575841e-05,2.0636505e-06,7.653635e-06,2.6740699e-09,0,,,,0.047550693,7.0059614,1.7155399,-1.9253361,-1.0956242,-4.2768674,-6.666539,-4.9690957,-13.715419,0.9913896,0.008051621,0.00016726491,0.0003553619,2.4519428e-05,1.8821218e-06,9.700881e-06,1.7667963e-09,0,,,,0.0022735887,Test
196,1,-2.2385826,-0.9848081,2.788865,-1.9787326,-0.36173776,-1.3120782,-3.8248215,-2.2802646,0.0059323995,0.020784415,0.9049471,0.007692754,0.03875554,0.01498325,0.0012143269,0.005690207,2,,,,0.6711958,-2.2944655,-1.1568671,2.8187733,-1.943173,-0.61803144,-1.2469349,-3.7633736,-2.5564508,0.006858,0.020988014,0.9072882,0.008669498,0.031106051,0.018225193,0.0017126284,0.0051525487,2,,,,0.010439892,Test
197,0,2.2060037,1.2465718,0.22458513,-2.2955666,-1.8808395,-3.465201,-4.088253,-6.85191,0.6433869,0.24648826,0.088706024,0.007136169,0.010803858,0.0022156409,0.0011882595,7.4932505e-05,0,,,,1.3709388,2.1175957,1.6578041,0.35255826,-2.1512825,-2.2812965,-3.419104,-4.1585565,-6.853736,0.51030046,0.35006198,0.118812844,0.0075543793,0.009270063,0.0026037705,0.0012739094,0.00012263768,0,,,,0.05742425,Test
198,0,7.876036,-0.96667916,-3.1825578,1.0709741,-4.505647,-5.7693563,-2.0221024,-11.18807,0.9986778,0.00014423908,1.5730378e-05,0.001106686,4.1891763e-06,1.1838775e-06,5.020173e-05,5.247946e-09,0,,,,0.015680075,8.391596,-0.9436323,-3.3561401,1.0997953,-4.5247073,-6.1895022,-2.3396573,-11.752703,0.9986787,0.00013015055,1.5195571e-05,0.0011330853,4.5317634e-06,3.048128e-06,3.534835e-05,5.811939e-09,0,,,,0.0003343565,Test
199,0,-3.0925205,0.3035663,4.8228292,-2.8945236,-0.3471641,1.3190805,-7.8398275,-9.82394,0.00034854712,0.010403115,0.9546723,0.00042486461,0.0054269363,0.02872073,3.0236556e-06,4.157604e-07,2,,,,0.32918116,-3.3380666,0.13241923,4.719349,-2.8995957,-0.470932,1.6156082,-7.82364,-9.949095,0.0013583803,0.019889856,0.9186996,0.00073709677,0.00716554,0.052140485,8.13042e-06,8.156656e-07,2,,,,0.01624321,Test
200,0,-4.2529798,-2.113371,1.9262232,-1.0545537,-1.5866075,1.2865872,-2.290875,-2.033433,0.0012470849,0.010595375,0.6018521,0.030546037,0.017942658,0.3174676,0.008872118,0.01147712,2,,,,1.4401772,-4.1042175,-2.1117547,1.9946067,-1.1452917,-1.4936161,1.003323,-2.3185196,-1.8906988,0.0018074453,0.011193285,0.6518963,0.029988233,0.02206261,0.25778395,0.00981451,0.015453602,2,,,,0.031983767,Test
201,1,-2.2749805,0.63302165,4.8910823,-3.2740457,-0.16616252,0.07161279,-8.195585,-10.066892,0.0007501219,0.013742357,0.9712105,0.00027621255,0.006179877,0.007838706,2.0130087e-06,3.098475e-07,2,,,,0.23720953,-2.6126053,0.50465953,4.8574934,-3.2771091,-0.27209076,0.3004493,-8.052888,-9.517919,0.0011667619,0.04379487,0.9311587,0.00048089802,0.0076445043,0.015739525,1.198596e-05,2.775255e-06,2,,,,0.02729648,Test
202,0,-1.5768558,-1.0112634,2.1864204,-2.4065983,0.15088536,-1.0710605,-4.2099276,-2.2642915,0.018468259,0.032513186,0.7957854,0.008055146,0.10393799,0.030625975,0.0013270808,0.0092870165,2,,,,1.1542232,-1.7317721,-1.1603155,2.2741113,-2.547755,0.11652253,-1.0992663,-4.3208394,-2.1040006,0.017956633,0.031451263,0.8036715,0.007419174,0.094762206,0.031386584,0.0015072133,0.011845566,2,,,,0.01624158,Test
203,0,7.039946,-1.558732,-2.5467138,0.7193916,-3.6153657,-5.822349,-1.907833,-9.272536,0.99779654,0.00018394303,6.848702e-05,0.0017949813,2.352334e-05,2.5883212e-06,0.00012973916,8.215248e-08,0,,,,0.024865488,6.5235124,-1.9752941,-2.0560455,0.64848214,-3.23595,-5.2827954,-1.7392594,-8.091569,0.99452484,0.00035583184,0.0002571027,0.0042039165,9.090785e-05,1.7146465e-05,0.0005486534,1.5722906e-06,0,,,,0.0014642352,Test
204,0,-4.32596,-3.9463663,4.3026257,-2.151385,0.8032784,-4.4332733,-3.5281239,5.45515,4.2609878e-05,6.2282525e-05,0.2381539,0.00037490096,0.0071963207,3.827408e-05,9.4625066e-05,0.7540371,7,,,,0.85890967,-4.435649,-3.9755092,4.3805614,-2.2342825,0.89523506,-4.2456822,-3.6089249,5.488126,5.902317e-05,9.690145e-05,0.25259733,0.0005097311,0.009369759,9.0970556e-05,0.00016097886,0.73711526,7,,,,0.021122105,Test
205,0,9.345824,-1.4871287,-2.791398,0.91884255,-4.583018,-7.7580404,-3.5937655,-13.573984,0.9997528,1.9733365e-05,5.3550557e-06,0.00021882699,8.9263347e-07,3.7305995e-08,2.4004923e-06,1.1115954e-10,0,,,,0.0034829015,9.498217,-0.9096438,-3.368945,0.5544588,-4.562635,-8.307497,-3.6448874,-14.340803,0.9996747,6.280055e-05,5.4184916e-06,0.0002468023,3.0320812e-06,5.4159933e-08,7.161365e-06,5.9251576e-10,0,,,,8.157686e-05,Test
206,0,-1.0811999,1.0981009,3.257918,-3.228499,-0.8468745,-0.68995595,-6.7116313,-8.516045,0.011192706,0.098944925,0.85780805,0.0013072995,0.0141482055,0.016551994,4.0148556e-05,6.6072903e-06,2,,,,0.7906295,-0.59742683,0.9428188,3.0423052,-3.1187859,-1.0929945,-1.0604627,-6.1591387,-8.853745,0.029738497,0.13460454,0.80237424,0.0020917803,0.0134842675,0.01756737,0.00013074711,8.552093e-06,2,,,,0.032588053,Test
207,0,-4.0662084,-0.69248974,6.9389563,-2.8481257,0.3772933,0.38475546,-8.793194,-10.369348,1.6559428e-05,0.00048331803,0.99661595,5.5982495e-05,0.0014087493,0.0014193015,1.4660267e-07,3.0312865e-08,2,,,,0.038025558,-4.4754305,-0.62705624,7.061036,-2.9460335,0.018689241,0.37495127,-9.023523,-10.922263,3.2837415e-05,0.0015359547,0.9951512,8.5748645e-05,0.0013898424,0.001803925,3.9494958e-07,1.2794634e-07,2,,,,0.0012101311,Test
208,0,-5.311549,-1.2911091,7.3375297,-3.0429597,1.1415808,1.6876609,-9.507774,-10.415071,3.1921031e-06,0.00017788178,0.9942643,3.085408e-05,0.002025982,0.0034977996,4.8048417e-08,1.9393033e-08,2,,,,0.05765587,-4.952987,-1.0348696,7.2784615,-3.180223,1.0409225,1.8178127,-9.224017,-10.514817,1.0464835e-05,0.00037203953,0.98867655,4.1941053e-05,0.0038667968,0.0070321052,1.5661251e-07,3.514863e-08,2,,,,0.0033822483,Test
209,0,-2.9988403,-1.2780408,1.5542836,-1.615371,-1.3492372,0.42018086,-2.6721277,-2.0663939,0.006888108,0.038497597,0.65387774,0.027474705,0.035852008,0.21035941,0.009549693,0.017500736,2,,,,1.5851063,-3.2880287,-1.2607037,1.5391978,-1.7167883,-1.4910424,0.5509572,-2.7576804,-1.962435,0.005566289,0.041504476,0.6250649,0.025026787,0.031912036,0.23978817,0.0101060225,0.021031428,2,,,,0.028184937,Test
210,0,-1.9612583,-0.11653254,1.8612233,-2.52803,-0.66292125,0.7947561,-4.6060057,-4.824289,0.0136724925,0.08649717,0.6250725,0.007757146,0.05008507,0.21516396,0.00097106554,0.00078063743,2,,,,1.5792537,-2.0551414,-0.19600591,1.6493394,-2.6237538,-0.75984573,0.6559043,-4.685381,-4.935961,0.015602338,0.095410705,0.5821792,0.008635041,0.052736264,0.24325497,0.0012459272,0.00093560416,2,,,,0.04257056,Test
211,0,-4.1523824,-1.9148145,1.2418905,-1.1217195,-1.6764144,2.1680133,-2.6065178,-2.7206619,0.0012080398,0.011319954,0.26594028,0.025019651,0.014367474,0.67141974,0.005668152,0.0050567263,5,,,,1.2808722,-4.1004167,-1.8861758,1.1515725,-1.1958205,-1.8907166,2.2311256,-2.4998798,-3.030894,0.0016225554,0.012862945,0.24790588,0.024688378,0.012535463,0.6891719,0.0069077252,0.004305125,5,,,,0.029285084,Test
212,0,2.6554177,-1.6372912,0.14941211,-0.64127535,-1.8104029,-4.2759347,-2.9549441,-4.258205,0.8700248,0.011891369,0.07098838,0.032195564,0.010001163,0.0008497349,0.003184068,0.0008649348,0,,,,0.79162514,2.5932891,-1.7521213,0.20521398,-0.73311216,-1.6954159,-3.9299088,-3.028011,-4.128635,0.84428483,0.0124807255,0.089460656,0.032145258,0.015026679,0.0016017267,0.0035172985,0.0014829739,0,,,,0.018606476,Test
213,0,-4.4792714,-0.5612286,7.4109645,-3.4894142,-0.11224663,1.9291251,-10.787379,-13.236182,6.822426e-06,0.0003431809,0.9949532,1.8358116e-05,0.0005376673,0.0041406653,1.2426894e-08,1.0736456e-09,2,,,,0.050235122,-3.9316726,-0.09380298,7.114766,-3.1467938,-0.08410166,1.4073138,-10.00251,-12.667663,6.973188e-05,0.001868481,0.9925475,7.415262e-05,0.0017700142,0.003669953,1.9386434e-07,2.213495e-08,2,,,,0.0013180973,Test
214,0,-7.0990915,-2.3224068,11.380646,-3.7893355,1.5719345,0.7563298,-12.950333,-14.030767,9.425783e-09,1.118935e-06,0.9999193,2.580631e-07,5.496622e-05,2.4315492e-05,2.711161e-11,9.202979e-12,2,,,,0.0012948972,-6.3726816,-1.4562961,11.832866,-3.5107498,2.2381883,0.23547468,-13.231934,-15.602745,3.0432936e-08,4.0367336e-06,0.99980533,4.2858633e-07,0.00016476309,2.5402172e-05,7.121713e-11,2.6766728e-11,2,,,,6.951404e-05,Test
215,0,3.244173,3.3764834,-0.011737041,-3.1390195,-2.9997768,-3.315269,-6.043837,-11.408497,0.4576345,0.52237266,0.017639853,0.0007732741,0.00088880357,0.00064831984,4.2343545e-05,1.9812754e-07,1,,,,1.1327136,3.0004268,3.3309295,-0.11865906,-3.1001935,-3.1700323,-3.292274,-5.940219,-11.506349,0.40530258,0.56243837,0.027748495,0.0013786287,0.0017141144,0.0013151988,0.000101100886,1.3650624e-06,1,,,,0.023044482,Test
216,0,7.156639,-1.4582123,-2.516996,0.8010803,-3.7169461,-6.0986342,-2.2039669,-9.582123,0.99791616,0.00018101385,6.278957e-05,0.0017334443,1.8912815e-05,1.747438e-06,8.586861e-05,5.364659e-08,0,,,,0.023520723,7.0893087,-1.3998257,-2.5874753,0.85059416,-3.7601323,-5.915007,-2.2309444,-9.337534,0.9960953,0.00053151476,0.00010508775,0.0031142256,3.1292802e-05,7.084874e-06,0.000115274706,2.4477526e-07,0,,,,0.0009320416,Test
217,0,-3.1532855,-0.61333513,1.6799498,-2.0766094,-1.7072855,3.0294218,-3.941733,-6.03187,0.001584061,0.020084376,0.19898452,0.0046490724,0.006726076,0.76716286,0.0007200349,8.904686e-05,5,,,,0.97809047,-3.2159474,-0.52969164,1.6480824,-2.1098056,-1.6864818,2.8829637,-4.0308967,-6.047923,0.002108375,0.030752372,0.22069736,0.006114007,0.009652636,0.7292146,0.0011270244,0.00033350624,5,,,,0.024015626,Test
218,0,7.274965,4.030901,-2.7411795,-2.2031372,-4.136066,-6.0467606,-4.696613,-13.890497,0.96232927,0.037535716,4.299003e-05,7.3626885e-05,1.06555535e-05,1.5767821e-06,6.083221e-06,6.1841515e-10,0,,,,0.23301068,7.5459394,4.0369816,-2.5754814,-2.1999872,-4.306011,-6.2008367,-5.144484,-14.2343445,0.9590912,0.04067403,0.000101411504,0.000108843495,1.5516473e-05,3.3758865e-06,5.6699014e-06,1.3597219e-09,0,,,,0.008487518,Test
219,0,-1.043024,-0.6782852,1.0683937,-1.9594928,-0.7247459,-0.46482977,-2.8843687,-2.267565,0.06798059,0.097901426,0.5615158,0.027187398,0.09345689,0.121196896,0.010781994,0.019978989,2,,,,2.0726397,-0.97473747,-0.642422,0.98767126,-1.9393454,-0.67736274,-0.4923765,-2.7768137,-1.9906826,0.07765214,0.10646397,0.52062047,0.028616643,0.099612,0.12640671,0.012603236,0.028024847,2,,,,0.025847128,Test
220,0,4.250261,-1.118865,-0.87537533,-0.24837373,-2.4186435,-4.55919,-2.7343051,-6.9302936,0.97648245,0.004548652,0.005802685,0.010862566,0.001239927,0.0001458038,0.0009042866,1.3614803e-05,0,,,,0.20609133,4.4366617,-0.9933673,-0.7854658,-0.040040452,-2.7554095,-4.538124,-2.833758,-7.1077514,0.96195567,0.010705939,0.010013653,0.0143931415,0.0014162788,0.00035574991,0.0011142413,4.5411223e-05,0,,,,0.009454883,Test
221,0,-1.7534167,-1.0533243,1.429987,-2.1593063,-0.44965014,-0.31001675,-3.102107,-1.8420763,0.027098797,0.05457531,0.6538597,0.018058194,0.09980872,0.11476529,0.007034304,0.024799649,2,,,,1.7482506,-1.8301132,-1.0765975,1.4535924,-2.3062787,-0.4574522,-0.25339872,-3.2770352,-2.0068114,0.026260525,0.054516517,0.6495139,0.016288623,0.097614564,0.1277562,0.006521431,0.021528248,2,,,,0.024844881,Test
222,0,-4.4458084,-2.1531858,5.3410845,-2.374885,0.74153465,-0.1867772,-5.984948,-3.7509427,5.534126e-05,0.0005479266,0.9850145,0.00043897482,0.009905662,0.0039149197,1.1874331e-05,0.00011087284,2,,,,0.1319768,-4.222093,-2.1421945,5.269018,-2.2868054,0.49201638,-0.3769645,-5.5838885,-3.146236,0.00016099478,0.00084118854,0.9836637,0.0009394212,0.009541872,0.004458504,3.8853443e-05,0.0003555046,2,,,,0.0027365063,Test
223,0,-1.8441244,0.95985824,3.6370795,-2.909734,-0.67865515,0.30336925,-6.618368,-8.717027,0.0037068515,0.06120113,0.89014727,0.0012770763,0.011889457,0.031743143,3.1302403e-05,3.8383255e-06,2,,,,0.67287123,-1.7059637,1.1860069,3.390141,-2.7376685,-0.7811407,0.3499598,-6.305334,-8.927956,0.0073503046,0.123214185,0.80413115,0.0024095247,0.01420442,0.048598252,8.5154716e-05,7.005188e-06,2,,,,0.032916285,Test
224,0,5.667598,1.1408553,-2.27338,-1.0985624,-3.3102727,-4.6131577,-2.5679173,-9.866906,0.98741096,0.01067969,0.00035137832,0.0011376063,0.00012458282,3.385496e-05,0.00026173328,1.7698994e-07,0,,,,0.10838307,5.548482,1.1869578,-2.0559325,-0.97263634,-3.3360305,-4.4141893,-2.5881324,-10.180023,0.9796413,0.017077645,0.0006505818,0.0018891565,0.00018001895,0.00013454417,0.0004265557,2.4977652e-07,0,,,,0.0030797326,Test
225,0,-4.081721,-1.1767287,3.7666442,-2.3340864,-0.51191366,2.872523,-5.883715,-7.40544,0.0002724911,0.004977077,0.69799745,0.0015643721,0.009676088,0.28545782,4.4952732e-05,9.814755e-06,2,,,,0.9997918,-4.189625,-1.3758237,3.7022254,-2.1064608,-0.7378554,2.9493988,-5.8600044,-7.388938,0.00031997342,0.005220103,0.64131826,0.002149874,0.00953429,0.34134048,7.951738e-05,3.7480524e-05,2,,,,0.03896959,Test
226,0,25.709501,-7.2816534,-9.052937,9.5750065,-14.180183,-16.586859,-5.5835795,-33.50132,0.9999999,4.7002824e-15,7.9958724e-16,9.837345e-08,4.7438308e-18,4.2748826e-19,2.567955e-14,1.927819e-26,0,,,,2.461838e-06,27.251242,-5.997667,-7.7683754,11.153826,-14.158442,-17.342054,-6.301674,-34.96109,0.9999955,7.0127313e-13,8.0261115e-14,4.4581534e-06,7.7239015e-17,2.98684e-17,3.8752145e-13,3.746885e-24,0,,,,3.2438159e-06,Test
227,0,1.7218726,2.5569947,1.1827873,-3.091469,-1.756737,-2.7415087,-5.962942,-9.372081,0.2538492,0.58514667,0.14806555,0.0020614278,0.007831318,0.0029251892,0.00011670872,3.859519e-06,1,,,,1.4619206,1.8111756,2.5928938,1.2382087,-3.368597,-1.8842701,-2.6761372,-6.104741,-9.722462,0.2659068,0.54483247,0.17622022,0.0017281168,0.007492316,0.00368783,0.00012599918,6.28704e-06,1,,,,0.05299377,Test
228,0,1.5140028,2.8020127,2.1354675,-3.331747,-1.7641188,-2.9195185,-7.2430453,-10.76235,0.15279277,0.55395997,0.2844471,0.0012012143,0.0057601347,0.0018140493,2.404169e-05,7.1211576e-07,1,,,,1.4735081,1.4419496,2.8993948,1.9482594,-3.3515587,-1.5327269,-3.0310767,-6.926183,-10.016179,0.14303495,0.56838185,0.27690527,0.0013099773,0.008005036,0.002305387,5.239712e-05,5.170774e-06,1,,,,0.060550943,Test
229,1,-1.1705647,-0.07380391,2.0480754,-2.6380622,-0.23104204,-2.0721898,-4.247197,-2.585189,0.030794948,0.09221395,0.76969224,0.007098284,0.078796856,0.012499963,0.0014200867,0.007483692,2,,,,1.2472345,-1.4479282,-0.101059675,2.2053878,-2.5619097,-0.074015535,-2.0174518,-4.3281097,-2.0721986,0.02440077,0.08020517,0.78018504,0.0070000566,0.082287416,0.013166915,0.0013302618,0.011424323,2,,,,0.016063565,Test
230,0,6.42036,-0.35544538,-2.3959548,-0.28302014,-3.3794808,-5.505288,-2.0359623,-9.38557,0.99721694,0.0011378755,0.00014788116,0.0012233442,5.530607e-05,6.600041e-06,0.00021196071,1.3625795e-07,0,,,,0.03234022,6.269612,-0.308598,-2.4667575,-0.21345755,-3.3407776,-5.395562,-1.7711563,-8.952432,0.99318093,0.0036715872,0.0002447528,0.0022929984,0.00012149838,1.6549633e-05,0.00047093583,7.9707536e-07,0,,,,0.0018927637,Test
231,0,-1.5692772,0.6631588,5.2613926,-3.0693922,-0.7137346,-0.15249836,-8.824207,-12.881345,0.0010606325,0.0098878,0.98194504,0.00023663191,0.002495298,0.004373854,7.495297e-07,1.2965701e-08,2,,,,0.16086425,-1.8148657,0.6879885,5.437312,-2.9579444,-0.4663877,-0.06358601,-8.813494,-13.433721,0.0038263057,0.022673005,0.96274793,0.00051530165,0.0036153023,0.0066200285,1.9866698e-06,1.495183e-08,2,,,,0.009737781,Test
232,0,8.644224,0.8876355,-3.1357698,-0.7071041,-4.435979,-6.9891486,-3.5752456,-13.779122,0.99947065,0.00042768742,7.652153e-06,8.680404e-05,2.085019e-06,1.6228647e-07,4.9308483e-06,1.8257192e-10,0,,,,0.006980864,8.367247,0.2871503,-2.7352214,-0.46705446,-4.422064,-6.23538,-3.8930523,-13.122522,0.9989293,0.0005813604,4.777108e-05,0.00041819442,6.1764267e-06,1.8267104e-06,1.5382606e-05,2.191234e-09,0,,,,0.0002725017,Test
233,0,-4.430784,-2.1344557,1.6055882,-1.2224556,-1.3786039,1.7371638,-2.89765,-2.6316063,0.0010383219,0.010318457,0.43440536,0.025685692,0.021972373,0.4954932,0.0048102057,0.006276318,5,,,,1.4425609,-4.542014,-1.9748144,1.8547649,-1.3832726,-1.1443101,1.5899093,-3.1204019,-2.2403884,0.0009690051,0.012437294,0.52055264,0.02099896,0.02692028,0.40408158,0.0037266433,0.01031353,2,,,,0.034090575,Test
234,0,-2.5516047,0.88959044,4.2167096,-2.888399,-0.7853042,0.89735687,-7.282793,-9.466439,0.001063706,0.033213425,0.9252587,0.00075954566,0.0062218024,0.03347238,9.377624e-06,1.0562018e-06,2,,,,0.4950371,-2.8846364,0.86840475,4.397043,-3.2019756,-0.33151692,1.0846088,-7.794027,-9.814307,0.00138993,0.038434707,0.9062082,0.0006799437,0.010824243,0.042451374,1.0434969e-05,1.1060753e-06,2,,,,0.017997239,Test
235,0,-0.35669288,2.6187236,2.4019966,-3.3167837,-1.8040489,0.15538241,-7.0922437,-11.368241,0.026086573,0.511239,0.41162392,0.0013516551,0.0061353357,0.043531988,3.0988787e-05,4.306874e-07,1,,,,1.4144839,-0.22735873,2.5930202,2.657001,-3.0359578,-1.795468,0.059674144,-6.9793153,-11.854967,0.03288642,0.45118827,0.46863222,0.0015968021,0.0064632655,0.039195597,3.686762e-05,5.4070404e-07,2,,,,0.052938387,Test
236,0,-3.1421657,0.7770456,7.0178757,-3.5982141,-1.100505,0.7033173,-10.857779,-15.540259,3.8526952e-05,0.0019402456,0.9958977,2.4417743e-05,0.00029678835,0.0018023405,1.7175791e-08,1.5897936e-10,2,,,,0.044234276,-2.688581,0.9350074,6.774794,-3.334175,-1.1300334,0.5651853,-10.32098,-14.924807,0.00024042271,0.00416317,0.99055326,8.1690305e-05,0.0007498333,0.004211491,1.4131565e-07,1.2563882e-09,2,,,,0.0023194458,Test
237,1,7.2765512,0.29071334,-1.9883498,-0.4449155,-4.0215707,-8.054215,-3.5029123,-11.081745,0.99850607,0.0009235062,9.454864e-05,0.00044254801,1.2377658e-05,2.194236e-07,2.0791655e-05,1.0627823e-08,0,,,,0.018188432,6.892976,0.45619765,-2.0189996,-0.43195733,-4.056194,-7.8022165,-3.4279869,-10.295611,0.99425066,0.0038456589,0.00032843064,0.0014908058,2.8527269e-05,1.6451771e-06,5.4111217e-05,1.179789e-07,0,,,,0.00198033,Test
238,0,-1.3734064,2.0882275,3.8511465,-3.5201828,-1.7693177,0.562406,-8.563805,-12.314405,0.004417595,0.1407844,0.82069254,0.0005162414,0.0029733349,0.030612491,3.3299339e-06,7.82655e-08,2,,,,0.8513549,-1.6796043,1.5213683,3.7438138,-3.2403178,-1.8483,0.67841583,-8.210448,-11.479313,0.0055916132,0.13055834,0.8035553,0.0013384885,0.0046728863,0.054270096,1.2344928e-05,8.273384e-07,2,,,,0.03955792,Test
239,0,-1.2451632,-0.8260323,2.114385,-2.3884413,0.19587328,-1.4288557,-4.2406845,-2.1706817,0.02694024,0.040966384,0.77523726,0.008587803,0.113824464,0.022419443,0.0013472964,0.010677113,2,,,,1.2354463,-1.253433,-0.90594846,2.0499136,-2.4729679,0.19152586,-1.2106076,-4.2793036,-2.216052,0.03430308,0.04197267,0.75145066,0.008790956,0.11995578,0.03087312,0.001470781,0.011182902,2,,,,0.019998604,Test
240,0,-1.752297,0.95420736,4.491375,-2.935103,-0.97642326,0.38604832,-8.073924,-11.378887,0.0018460806,0.027648436,0.95026106,0.0005656718,0.0040105907,0.015664704,3.3174385e-06,1.2175187e-07,2,,,,0.36186308,-1.7500765,1.1735609,4.8555393,-2.9690144,-1.1210806,0.31010762,-8.279075,-12.170822,0.0022011765,0.032136403,0.9474126,0.00062731176,0.003280082,0.014338389,3.865348e-06,1.9228057e-07,2,,,,0.009673944,Test
241,0,-3.9292667,0.23675469,7.176027,-3.6380656,-0.22485934,1.4185088,-10.730873,-13.989105,1.4961121e-05,0.0009643712,0.995249,2.0018475e-05,0.0006078099,0.0031439348,1.6636568e-08,6.3978123e-10,2,,,,0.049682133,-4.529535,0.6701542,7.624559,-4.6748343,0.0646568,1.1368291,-12.062768,-15.055539,8.744109e-06,0.0011017423,0.9953207,7.539375e-06,0.0009804001,0.0025809873,1.6732855e-08,1.3403052e-09,2,,,,0.0009438125,Test
242,1,1.565373,-0.2746748,-0.21141109,-1.7851467,-1.9892998,-2.8512733,-3.0759096,-5.53477,0.707117,0.11229714,0.11963101,0.024795856,0.020216992,0.0085382,0.006820369,0.0005833623,0,,,,1.4343286,1.217508,-0.100847505,-0.2080603,-1.6241843,-1.9950836,-2.427216,-3.0436277,-5.1530175,0.5841485,0.15914173,0.16140974,0.035155706,0.024972642,0.025163567,0.008716644,0.0012914788,0,,,,0.041866455,Test
243,0,-1.8116795,0.74046665,4.424917,-2.9646118,-0.7455352,0.10531491,-7.8690658,-11.530525,0.0018692521,0.023991134,0.9554047,0.00059014076,0.005428606,0.012711823,4.375001e-06,1.1241565e-07,2,,,,0.33624473,-1.7873386,0.7819866,4.2501054,-3.0991452,-0.6952669,0.35942978,-8.039732,-11.080299,0.0048098024,0.050925344,0.90594244,0.00087809935,0.008455028,0.028976914,1.1748082e-05,6.343772e-07,2,,,,0.021299964,Test
244,0,-3.539578,-0.6376041,3.7154849,-2.8949144,-1.3476534,3.1209767,-7.066256,-9.249503,0.0004491683,0.0081793815,0.63568646,0.0008558212,0.004021148,0.35079336,1.3206638e-05,1.4880596e-06,2,,,,1.0483233,-4.124015,-1.0074666,3.9407387,-3.1390402,-1.5140178,3.320795,-7.8331885,-9.913445,0.00030872857,0.005754699,0.6401752,0.0006161261,0.0030757473,0.3500597,8.430968e-06,1.3128024e-06,2,,,,0.019529676,Test
245,0,-0.9309392,1.8656697,3.9156868,-3.5708075,-1.6268146,0.38910815,-8.942995,-13.329614,0.0067108204,0.1099835,0.8543556,0.00047895598,0.003346269,0.025122624,2.224253e-06,2.7675782e-08,2,,,,0.75908715,-1.057503,2.1148646,4.027812,-4.0696383,-1.5981413,0.3230521,-9.280223,-14.157255,0.0071380055,0.17920235,0.7811905,0.00027983077,0.0038016513,0.028385382,2.1837318e-06,3.300667e-08,2,,,,0.047078613,Test
246,0,3.0405846,1.9124696,0.60551345,-2.5782802,-1.65847,-3.381442,-5.5543113,-10.2681875,0.70137095,0.22699364,0.061434153,0.002545105,0.006385196,0.0011399795,0.00012978716,1.1641837e-06,0,,,,1.1731228,2.7268176,1.6970152,0.41701508,-2.6568482,-1.329661,-3.1582599,-5.5296125,-9.630472,0.6462101,0.23919466,0.090073496,0.0042694723,0.0171335,0.0028680856,0.0002449879,5.7984553e-06,0,,,,0.0507739,Test
247,0,-4.5061874,-1.2790387,5.078265,-3.1243727,-0.09210899,2.6029367,-8.011472,-8.287288,6.300035e-05,0.0015880931,0.9158363,0.0002508751,0.0052041854,0.07705421,1.892419e-06,1.4362564e-06,2,,,,0.45929834,-4.30811,-1.1794055,4.913638,-3.049437,-0.34049553,2.3974981,-7.577212,-8.146544,0.0005204513,0.0057564573,0.88967687,0.0004893578,0.0057718162,0.09776063,1.9471645e-05,4.927034e-06,2,,,,0.023154182,Test
248,0,3.013765,1.7749953,-1.0038496,-2.2539322,-2.7428005,-2.0516052,-3.8642888,-9.387191,0.7556297,0.21893649,0.013598189,0.003895625,0.0023892652,0.004769211,0.00077840977,3.1091538e-06,0,,,,0.966423,3.2827759,1.9690233,-1.1686537,-2.2486103,-2.862827,-1.7769569,-3.757188,-9.725386,0.7616505,0.2151699,0.009897845,0.0035705846,0.0020791758,0.006740077,0.00088621146,5.7079337e-06,0,,,,0.021681113,Test
249,0,-2.882918,-1.3009996,1.7970825,-2.219131,-0.8152026,1.0639459,-3.79899,-2.7516706,0.005656226,0.027513454,0.6095721,0.0109851435,0.044722296,0.2928383,0.0022629846,0.006449509,2,,,,1.4778185,-2.834545,-1.2518779,1.7340472,-2.292829,-0.99244213,1.1002173,-3.6993122,-2.9000466,0.008069584,0.03278593,0.5740736,0.011960056,0.039197966,0.32233974,0.0038175974,0.0077555003,2,,,,0.04128315,Test
250,0,8.736128,-3.3993444,-2.7340658,2.8003595,-4.7384486,-7.08656,-2.190359,-10.941802,0.99732864,5.3514273e-06,1.0408698e-05,0.002636131,1.4025032e-06,1.3400857e-07,1.792773e-05,2.8367584e-09,0,,,,0.027012575,9.425589,-3.478744,-3.1142526,3.1058235,-5.3322706,-7.2051573,-2.0306182,-11.6666355,0.9976202,5.064806e-06,5.992907e-06,0.0023561118,6.203107e-07,1.5195626e-07,1.1952332e-05,2.4389049e-09,0,,,,0.0004364788,Test
251,0,-2.1908965,-0.2407431,2.1037738,-2.507108,-0.508256,0.5572178,-4.4382834,-3.9476442,0.009676994,0.06802699,0.70940137,0.007053611,0.052059725,0.15108845,0.0010226164,0.0016702998,2,,,,1.3898247,-2.218283,-0.22964473,2.2343514,-2.4931579,-0.38781923,0.61054546,-4.5281687,-3.8846622,0.010026975,0.06777407,0.7074864,0.006676355,0.051878937,0.153345,0.0010046356,0.0018076405,2,,,,0.029148174,Test
252,0,0.35851356,2.4390538,3.2569482,-3.293556,-1.8726505,-1.7011514,-7.9530168,-13.136204,0.036475588,0.29212543,0.6618757,0.00094608165,0.0039176,0.0046505174,8.960879e-06,5.027139e-08,2,,,,1.1639366,0.30690342,2.6493375,3.104137,-3.5459168,-2.0633404,-2.0344071,-7.9279976,-12.887918,0.036884464,0.3798332,0.57381976,0.0008280721,0.004390289,0.0042229616,2.1123873e-05,1.8358524e-07,2,,,,0.05958175,Test
253,0,9.355288,-3.5472007,-3.0598164,2.7955303,-4.933615,-7.5883894,-2.0891402,-11.5119,0.99856794,2.4882727e-06,4.0510395e-06,0.0014142013,6.2199405e-07,4.373535e-08,1.0693649e-05,8.6471547e-10,0,,,,0.015760481,9.065588,-3.7298627,-2.5971634,2.9747937,-4.700494,-7.055072,-2.095243,-10.662214,0.9962719,6.252108e-06,3.431156e-05,0.0036506741,4.7094586e-06,6.498718e-07,3.1520645e-05,3.6587394e-08,0,,,,0.000757726,Test
254,0,-1.6988504,1.9074616,5.169615,-3.8180604,-1.2359033,0.19945395,-9.884356,-14.513271,0.000992373,0.03654908,0.9541388,0.000119210374,0.0015766323,0.0066236607,2.7653832e-07,2.700491e-09,2,,,,0.31318936,-1.2501613,2.013064,5.1475396,-3.9025002,-1.2322716,0.113663174,-9.757415,-14.557814,0.0027349242,0.05387903,0.9308335,0.00015192412,0.0027529784,0.009646894,7.167064e-07,1.3997943e-08,2,,,,0.011081198,Test
255,0,-3.6533375,-1.3559204,2.6642826,-1.8241824,-0.6665921,0.7583558,-3.8089278,-2.550509,0.0014759536,0.014683456,0.8180509,0.00919316,0.029254982,0.121631734,0.0012632834,0.004446571,2,,,,0.96816415,-3.5960777,-1.2252293,2.748593,-1.7648773,-0.8037788,0.8532049,-3.6369514,-2.659204,0.0018624859,0.017105961,0.8110817,0.010626072,0.024212169,0.12850389,0.0020948993,0.0045127845,2,,,,0.017575307,Test
256,0,-4.1793675,-1.9430318,1.1342672,-1.552926,-1.6164432,3.8828316,-3.25604,-4.3588495,0.0002927525,0.0027398618,0.05945422,0.0040471517,0.0037980818,0.9286862,0.0007370491,0.00024465402,5,,,,0.441298,-4.2668896,-2.1962605,1.1882871,-1.5251558,-1.6499507,3.8706734,-3.378788,-4.7227063,0.00043942477,0.0024122547,0.06605324,0.0056148777,0.006197799,0.91815984,0.0008600097,0.00026249306,5,,,,0.009831667,Test
257,0,7.306238,-0.43971464,-2.3473763,0.45372298,-3.9594388,-6.296508,-2.5671892,-10.897457,0.9983835,0.00043179037,6.408938e-05,0.001055086,1.27842795e-05,1.2350936e-06,5.1442534e-05,1.2403179e-08,0,,,,0.019447539,7.24673,-0.59446204,-1.9793341,0.5578124,-3.777673,-6.028514,-2.2609165,-10.394221,0.99637544,0.0017783262,0.00016041794,0.001499334,4.9529994e-05,4.891658e-06,0.0001319987,9.9843625e-08,0,,,,0.0013405447,Test
258,0,-4.175785,-2.0932896,0.1320881,-0.8972369,-2.4482303,3.9194338,-2.1160915,-4.3257103,0.0002938645,0.002358106,0.021828938,0.0077983425,0.0016535389,0.9635093,0.002304945,0.00025295044,5,,,,0.28924996,-4.050826,-1.9510361,0.32353684,-0.8745495,-2.148355,3.7843661,-2.1331832,-3.8906884,0.0005727491,0.0033292205,0.033020966,0.010704163,0.0028145614,0.9458491,0.003128115,0.00058100536,5,,,,0.0065914337,Test
259,1,-1.6030453,1.4524231,4.0280666,-3.4376135,-0.6322252,0.118428245,-8.160933,-10.558504,0.003230001,0.06857657,0.9010804,0.0005157745,0.008527556,0.018064633,4.5829856e-06,4.1676992e-07,2,,,,0.59620476,-2.1352818,1.0828073,4.2669787,-3.354789,-0.58204246,0.5993557,-8.186743,-11.328218,0.0023982371,0.045884807,0.9108381,0.00076703227,0.009280883,0.03081807,1.2486193e-05,4.3772712e-07,2,,,,0.0137041425,Test
260,1,-2.1270425,0.40756708,4.5018954,-3.4678419,-0.4107415,0.5090744,-8.445829,-10.52031,0.0012657013,0.015962394,0.9577282,0.00033115357,0.007042247,0.017667787,2.2809545e-06,2.8653744e-07,2,,,,0.3242459,-2.0497684,0.26266497,4.5007544,-3.3879352,-0.1476889,0.6185204,-8.473168,-9.988615,0.001800989,0.028020699,0.9313265,0.00055873126,0.012076461,0.026209095,6.179638e-06,1.2546715e-06,2,,,,0.01682131,Test
261,0,-1.9006987,1.129122,3.9103062,-3.153879,-0.80763304,0.5965727,-7.7091312,-10.109095,0.0026949127,0.055767223,0.89997816,0.00076965365,0.0080400165,0.032741286,8.090484e-06,7.33979e-07,2,,,,0.6176371,-2.1830852,1.2364162,3.8299365,-3.1492822,-0.70731056,0.7700206,-7.8815894,-10.081515,0.0029139626,0.08696385,0.8437146,0.0010983311,0.009590146,0.05570042,1.6374966e-05,2.314814e-06,2,,,,0.040092234,Test
262,0,11.238675,-2.8858628,-4.3270564,2.8579683,-5.762884,-8.211606,-1.9625233,-14.027371,0.9997681,7.339901e-07,1.7369534e-07,0.00022919469,4.132525e-08,3.5706682e-09,1.8479557e-06,1.06413e-11,0,,,,0.0031609456,12.092739,-3.4643302,-4.7168617,2.9684036,-6.14591,-8.55546,-2.3919163,-15.673714,0.9998624,3.820479e-07,1.4484701e-07,0.00013629167,5.9493953e-08,1.30015705e-08,7.336988e-07,5.258239e-12,0,,,,2.1722883e-05,Test
263,0,-3.0356274,-2.4281068,3.0131998,-2.0445988,0.15670523,-2.352181,-3.1017678,1.912081,0.0016743141,0.0030738295,0.7092661,0.0045106104,0.040761426,0.003316301,0.0015671575,0.23583019,2,,,,1.1493658,-3.3636155,-2.6297407,3.2728963,-2.0441802,0.29951632,-2.712355,-3.2214818,2.218349,0.001127127,0.0026362543,0.6939539,0.0037606223,0.036100514,0.0021785514,0.0014310724,0.258812,2,,,,0.029418662,Test
264,0,-3.1882787,0.7818038,5.57191,-3.3825896,-1.059801,1.7328764,-9.30802,-12.731316,0.0001520752,0.008058299,0.96952754,0.00012521909,0.0012777464,0.020858787,3.344174e-07,1.0903599e-08,2,,,,0.2316339,-3.3663883,0.8947331,5.7905226,-3.6706085,-1.025939,1.7935528,-9.396904,-13.18218,0.0004792087,0.01935859,0.95305985,0.00019289395,0.0015984045,0.025309691,1.339197e-06,6.251091e-08,2,,,,0.014680139,Test
265,0,-0.6472671,2.2395918,4.028157,-3.7474024,-1.5119159,-0.24234103,-9.169116,-13.621002,0.0078014904,0.13993444,0.8369291,0.00035140352,0.003285983,0.011695932,1.553051e-06,1.810325e-08,2,,,,0.77282035,-0.28687182,2.473285,3.9247017,-3.7631161,-1.818909,-0.5745474,-8.892893,-14.443155,0.022594662,0.23060374,0.7295819,0.00058907346,0.0036396112,0.012985426,5.5088535e-06,4.2457692e-08,2,,,,0.052761514,Test
266,0,2.424942,1.0658598,-0.24287796,-2.061131,-1.7451631,-2.7058916,-3.6930466,-6.9413056,0.7346376,0.18872578,0.050986324,0.0082755415,0.01135062,0.004342906,0.0016183204,6.285845e-05,0,,,,1.1803039,2.4806142,1.1971238,-0.34190622,-2.0210526,-1.9232327,-2.5909452,-3.603901,-6.8740807,0.71355754,0.20271234,0.054024808,0.009724108,0.010854355,0.0069037946,0.0021371066,8.591199e-05,0,,,,0.02518066,Test
267,0,-3.1054296,0.22987074,6.443581,-3.215575,-0.2167301,0.103474244,-9.091534,-11.572172,7.090427e-05,0.0019914764,0.9948447,6.350928e-05,0.001274145,0.001755019,1.7821361e-07,1.4914658e-08,2,,,,0.05547136,-3.555861,-0.096702754,6.809573,-3.7756476,-0.002031392,-0.21555057,-10.106883,-11.424053,5.3645268e-05,0.0016796526,0.995525,5.995656e-05,0.0013891483,0.0012923284,1.928194e-07,1.1799908e-07,2,,,,0.0008268493,Test
268,0,-3.5974336,-2.274454,0.6398066,0.15740272,-2.2604258,-1.8533756,-0.2387971,0.94143605,0.004023149,0.015105285,0.27846864,0.17189805,0.01531868,0.02301447,0.11566542,0.37650633,7,,,,2.1817987,-3.6524277,-2.5028737,0.64866847,0.24380557,-2.415948,-1.8841337,-0.23719594,0.8049741,0.004102423,0.013576543,0.2870047,0.19344279,0.013608593,0.025271868,0.122391306,0.3406018,7,,,,0.03173884,Test
269,0,1.5660441,3.3837895,0.42629606,-3.1114416,-2.0412905,-1.1401544,-5.6776233,-10.151008,0.13189483,0.812203,0.0421931,0.001226935,0.0035775206,0.008809286,9.426338e-05,1.0754164e-06,1,,,,0.9242497,1.9658858,3.7992578,0.43452358,-3.0577679,-2.1443617,-1.1960943,-5.67041,-10.141825,0.1501393,0.78598666,0.044986438,0.0012388953,0.003054675,0.014483308,0.00010929945,1.4514453e-06,1,,,,0.04462744,Test
270,0,-1.9476907,1.61185,4.7633605,-3.625848,-1.4918717,0.84586203,-9.21508,-13.473258,0.0011419641,0.040136658,0.9380475,0.00021322482,0.0018014074,0.018658504,7.9701215e-07,1.1276187e-08,2,,,,0.41011864,-1.6548649,1.7155619,4.4718466,-3.7017708,-1.2503172,0.8072508,-8.984162,-12.742551,0.0041484176,0.087672435,0.8691532,0.00032716343,0.0040441193,0.034652054,2.5492832e-06,1.0912553e-07,2,,,,0.027232584,Test
271,0,2.4132516,3.251698,0.48539507,-3.1425335,-2.7427893,-1.7213068,-7.14401,-13.383434,0.28703126,0.6638376,0.041751463,0.0011093849,0.0016545851,0.004595294,2.0289119e-05,3.9583654e-08,1,,,,1.162742,2.569306,3.3803875,0.6825594,-3.109087,-2.69589,-2.3681407,-7.1290846,-13.518854,0.31353456,0.6121336,0.061877538,0.0013143544,0.0024265894,0.008690642,2.273406e-05,5.9279966e-08,1,,,,0.06332856,Test
272,0,0.030175539,2.3923268,2.2733698,-3.3795228,-1.7847929,0.0033030994,-7.2416153,-11.1808195,0.045030374,0.47794163,0.42433855,0.0014883067,0.0073328842,0.043836415,3.1290114e-05,6.0902073e-07,1,,,,1.4994938,-0.10320236,2.3608122,2.6559796,-3.531697,-1.8835474,-0.24030125,-7.3423448,-10.982749,0.039069347,0.40801424,0.5077087,0.0010957252,0.005783346,0.038296904,3.0571915e-05,1.0288941e-06,2,,,,0.0623434,Test
273,0,-2.7018824,0.24662003,2.8128808,-3.0658476,-0.9324893,2.3799303,-6.6710215,-8.014962,0.0022932612,0.043749362,0.5694881,0.001593622,0.013455232,0.36936578,4.3318996e-05,1.129828e-05,2,,,,1.3101834,-2.5979643,0.5219908,2.8064916,-2.8672786,-0.88398945,2.312685,-6.5087805,-8.314714,0.0043034116,0.080410376,0.5414508,0.0030035689,0.017167205,0.35354525,0.00010150233,1.7946468e-05,2,,,,0.04961149,Test
274,0,-4.2933693,-0.6919546,6.3205256,-3.4497628,0.39349967,1.4026527,-9.606987,-9.908589,2.430571e-05,0.0008908058,0.98915535,5.650438e-05,0.0026374843,0.007235348,1.1968326e-07,8.852168e-08,2,,,,0.09980418,-3.69977,-0.2721519,6.5852866,-3.1686394,0.44324026,1.2796718,-9.503953,-9.799555,9.0455e-05,0.0021967092,0.9849076,0.00012929193,0.002608995,0.01006613,6.199604e-07,2.2314768e-07,2,,,,0.003998854,Test
275,0,-3.5465791,-2.6138923,2.5866258,-1.4471078,-0.4207291,-2.4423645,-2.4483268,2.5793204,0.0010427905,0.0026500728,0.48063362,0.008511106,0.023753984,0.003145947,0.0031272457,0.4771352,2,,,,1.2892611,-3.6280982,-2.6124299,2.892736,-1.5886902,-0.20574625,-2.4088147,-2.668191,2.7717164,0.0013137158,0.0025627979,0.5054871,0.0067991107,0.02495694,0.0033232286,0.002418749,0.4531383,2,,,,0.028214948,Test
276,0,2.5628493,3.8741329,1.2851101,-3.7919266,-2.4545834,-2.3327081,-7.923166,-13.560582,0.19978149,0.7413759,0.055672437,0.0003473051,0.0013228541,0.0014943134,5.5787496e-06,1.9871829e-08,1,,,,1.0470076,2.3320484,4.104351,1.0738008,-4.4959555,-2.5049934,-2.365547,-8.538538,-13.864566,0.16144463,0.7603169,0.07365361,0.00019292637,0.0017271312,0.0026595423,5.20897e-06,8.462398e-08,1,,,,0.05004598,Test
277,0,-2.162496,0.48069242,3.0861788,-2.5962117,-0.92147434,1.0455463,-6.007508,-8.479303,0.004269254,0.060016986,0.81249845,0.0027668895,0.014767973,0.10558133,9.130287e-05,7.70899e-06,2,,,,0.9777176,-1.8847475,0.45319027,3.0664332,-2.4137986,-0.75264984,1.1839837,-5.889234,-8.224826,0.0073461137,0.074297294,0.7576817,0.004088244,0.018797118,0.1376016,0.00016929122,1.8537077e-05,2,,,,0.03526184,Test
278,1,-1.2465851,-0.19404016,0.98655003,-2.178237,-0.7809397,0.049636986,-3.3723311,-2.6354084,0.052069444,0.1491755,0.48575944,0.020510286,0.082948826,0.1903378,0.006214172,0.012984483,2,,,,2.1328847,-1.2225152,-0.14810151,0.7732253,-2.090412,-0.97013867,0.14567783,-3.2580764,-2.9329891,0.06209042,0.17152098,0.4190507,0.023968682,0.07496079,0.22914574,0.0082059605,0.011056709,2,,,,0.031719364,Test
279,0,0.2324988,2.9377167,2.3411236,-3.5875795,-1.9744499,-0.6059781,-7.633049,-12.453991,0.040389035,0.604122,0.33268064,0.0008855733,0.004444243,0.017462948,1.5498852e-05,1.2490823e-07,1,,,,1.3004076,0.22325258,2.9628649,2.3078673,-3.6104093,-1.9460884,-0.16008924,-7.762899,-12.8464155,0.04764819,0.56904936,0.337017,0.0014924547,0.007548429,0.037188075,5.617274e-05,3.127732e-07,1,,,,0.06704845,Test
280,0,-1.31314,1.1873351,2.8155293,-2.8812416,-0.96720713,0.16107814,-6.276209,-8.474717,0.012303052,0.14995305,0.76396084,0.0025644547,0.017387994,0.053735048,8.6016065e-05,9.5450705e-06,2,,,,1.1369834,-1.4053103,1.1960379,2.6337004,-2.7882693,-1.1559266,0.13048755,-6.105868,-8.499399,0.015454139,0.1810686,0.71639895,0.004167049,0.018575182,0.06410673,0.00020502997,2.4368132e-05,2,,,,0.03319981,Test
281,0,6.568298,-0.16605863,-2.0270846,-0.49081162,-3.686596,-5.4198313,-3.2488275,-10.911032,0.9976756,0.0011865759,0.0001845279,0.0008575451,3.510309e-05,6.2031345e-06,5.4383356e-05,2.557483e-08,0,,,,0.027304653,6.7796774,-0.2472618,-2.133367,-0.68051714,-3.7398772,-5.4080763,-3.1930919,-10.778231,0.996698,0.002276831,0.0002091906,0.0007121292,3.361821e-05,1.6795177e-05,5.3492608e-05,2.8105868e-08,0,,,,0.0012292267,Test
282,0,1.755333,2.9831624,2.0951898,-3.3655856,-2.4870708,-1.3094258,-8.114457,-13.897416,0.16990568,0.580026,0.2386744,0.0010144277,0.0024420551,0.007928665,8.786427e-06,2.7058586e-08,1,,,,1.4703447,1.9063098,3.0526297,2.3573947,-3.5942707,-3.027753,-1.6095431,-9.100901,-15.155765,0.17956276,0.5179626,0.29270834,0.0007415073,0.0012088801,0.007811255,4.7115377e-06,1.987665e-08,1,,,,0.055555504,Test
283,0,-1.3431447,0.5365631,3.3009467,-3.2637482,0.13189761,-0.7225435,-6.6895695,-6.850282,0.008481255,0.055565722,0.8817866,0.0012426612,0.03707345,0.015775532,4.04145e-05,3.4414446e-05,2,,,,0.7338543,-1.1161973,0.77058804,3.4725022,-3.194289,0.45415482,-0.8798696,-6.630278,-6.8101745,0.012350565,0.07865085,0.8459504,0.0016313225,0.046230152,0.0150991175,4.7495487e-05,4.0074876e-05,2,,,,0.02916576,Test
284,0,-3.2372112,-1.4598042,0.69455755,-1.4480635,-1.7697563,2.61445,-2.4743526,-3.3083408,0.002385943,0.014111661,0.12167617,0.01427832,0.01035065,0.82985884,0.0051164115,0.0022221275,5,,,,0.9148764,-3.4678414,-1.2955203,0.8187915,-1.5187892,-1.7760471,2.6873689,-2.639836,-3.2989068,0.0019873003,0.016684402,0.13289513,0.0144726215,0.011451079,0.8151628,0.0047077825,0.0026389447,5,,,,0.017004415,Test
285,0,-3.9703112,-0.24260296,6.748555,-3.069244,-0.37427372,1.7146267,-9.704602,-12.870786,2.1941114e-05,0.00091239274,0.9917522,5.4024084e-05,0.00079983036,0.0064594545,7.0939436e-08,2.9911051e-09,2,,,,0.077387474,-3.3717704,-0.2005477,6.268742,-2.6281936,-0.48079282,1.1350312,-8.791362,-11.961746,0.00021793018,0.0023383084,0.98701096,0.0002963331,0.0020313333,0.008104022,1.1659462e-06,6.143083e-08,2,,,,0.0023605556,Test
286,0,-1.3682693,1.6548594,4.4157414,-3.5114675,-1.4112368,0.42306086,-9.439837,-14.067327,0.002827344,0.058117498,0.9190575,0.00033158858,0.0027084337,0.016956786,8.8295997e-07,8.634715e-09,2,,,,0.50110793,-2.1367438,1.2394645,4.4533644,-3.6834557,-1.1970329,0.8489745,-9.860453,-13.192101,0.010341992,0.1300377,0.8226021,0.0009287036,0.0040563177,0.032024376,8.288729e-06,6.089708e-07,2,,,,0.05605692,Test
287,0,-2.8706665,-0.57207066,3.681984,-2.8354127,-0.8070162,1.2761201,-6.525114,-6.819021,0.0012751094,0.01270033,0.8939792,0.0013208634,0.010041055,0.08062581,3.2994463e-05,2.459228e-05,2,,,,0.60983956,-3.064214,-0.585345,3.7586677,-3.0421162,-0.6791976,1.631901,-6.8371315,-7.2112617,0.0023416118,0.015499076,0.850931,0.0012163257,0.012470889,0.11748111,3.204902e-05,2.8018845e-05,2,,,,0.022338929,Test
288,0,-3.5055685,0.37998196,6.3253374,-3.5506873,-0.5482333,1.3187914,-9.833956,-13.133676,5.3207907e-05,0.002590892,0.9896562,5.0860606e-05,0.0010240724,0.0066247433,9.4971234e-08,3.503825e-09,2,,,,0.096710555,-3.6536114,0.16349612,6.5008607,-3.4289794,-0.5863534,1.91557,-10.374636,-13.830072,0.000103639686,0.004318297,0.9784559,0.00010644419,0.0015660353,0.0154493945,2.2686349e-07,1.0600228e-08,2,,,,0.0040713386,Test
289,0,-2.8431675,-1.3950152,2.9007235,-2.2135155,-0.31516868,-1.2990927,-4.046153,-0.7760245,0.0029000319,0.012340343,0.90561336,0.0054432363,0.036332782,0.013582691,0.0008708687,0.022916667,2,,,,0.66485864,-2.7785902,-1.2771614,2.8128502,-2.1820028,-0.43203878,-1.292574,-3.9989426,-0.8488905,0.004454174,0.016631538,0.890642,0.0068986802,0.036994897,0.016955346,0.0012208878,0.026202459,2,,,,0.010447992,Test
290,0,11.342286,0.8903671,-4.1426625,-0.080111966,-6.04498,-9.612649,-4.1607094,-17.112288,0.9999598,2.8891625e-05,1.8834523e-07,1.094708e-05,2.8105337e-08,7.931766e-10,1.8497676e-07,4.3885175e-13,0,,,,0.00068325724,11.189367,0.79857916,-4.054186,0.120514214,-5.935525,-9.438505,-4.0862694,-16.133839,0.99989,6.998136e-05,6.6705496e-07,3.8495575e-05,6.393515e-08,4.394394e-09,7.147976e-07,1.34758715e-11,0,,,,2.6898048e-05,Test
291,1,6.500452,1.6518334,-1.8193096,-1.8070956,-3.4016728,-6.0973845,-4.385987,-12.316361,0.99166834,0.0077738864,0.00024162399,0.0002445932,4.965105e-05,3.3511633e-06,1.8554376e-05,6.6731025e-09,0,,,,0.07334283,6.751033,1.382724,-1.4887986,-1.9587253,-3.1755872,-5.845538,-4.363311,-12.961754,0.98754996,0.00956679,0.0018452427,0.0006004899,0.00033912307,3.9132265e-05,5.9249804e-05,1.6697557e-08,0,,,,0.0035808224,Test
292,0,1.8350985,4.5593495,2.7152634,-4.3174186,-2.0313513,-2.375242,-9.736389,-15.62817,0.05349253,0.81549317,0.12898639,0.00011383843,0.0011197348,0.0007938996,5.0449876e-07,1.3934526e-09,1,,,,0.8677152,2.0462918,4.4081964,2.4488213,-4.1014576,-2.190077,-2.20454,-9.695785,-15.397319,0.095296934,0.69134593,0.20875494,0.00022085858,0.0019266792,0.00245356,1.0156607e-06,9.12313e-09,1,,,,0.07851186,Test
293,0,12.174607,-2.3702621,-3.9099507,2.3965194,-6.3308,-9.927756,-3.2593327,-16.208033,0.9999424,4.8219033e-07,1.0340463e-07,5.6676825e-05,9.187105e-09,2.5179114e-10,1.9819835e-07,4.7157493e-13,0,,,,0.00089961087,12.298134,-2.518458,-3.7599769,2.3744903,-6.3451743,-9.9787245,-2.7570353,-14.814755,0.99990034,8.5860665e-07,6.7347503e-07,9.6932614e-05,5.2246357e-08,1.5969626e-09,1.1306801e-06,3.004619e-11,0,,,,2.266461e-05,Test
294,1,7.931265,-1.1711906,-1.3691597,0.17231737,-4.517257,-7.0853376,-5.58172,-14.175679,0.99936515,0.00011132127,9.1327405e-05,0.0004266347,3.9210245e-06,3.0067451e-07,1.3524128e-06,2.504955e-10,0,,,,0.008482433,7.646283,-1.1550133,-1.126641,-0.037536837,-4.1347094,-7.013527,-5.491446,-13.35499,0.9974259,0.0004236367,0.0006918026,0.001409536,4.1108917e-05,3.4005639e-06,4.545601e-06,3.971139e-09,0,,,,0.0009561842,Test
295,0,-1.7736799,1.0780152,3.9334753,-3.132216,-1.2468492,0.76869345,-8.044387,-10.975587,0.0029940743,0.051848713,0.90125686,0.00076958747,0.0050706337,0.038054086,5.661468e-06,3.0194306e-07,2,,,,0.6078289,-1.8708994,1.2767373,4.1838965,-3.3575873,-0.81174594,0.80997324,-8.25886,-10.827505,0.005732272,0.08439581,0.8565995,0.0013830641,0.009030869,0.042821288,3.2807646e-05,4.36999e-06,2,,,,0.032727096,Test
296,0,-4.402683,-1.8498491,3.3210313,-1.719629,-0.8208818,2.0517328,-4.1215506,-4.62106,0.00033745202,0.0043340465,0.76309454,0.004936821,0.01212742,0.21445146,0.00044699843,0.00027125143,2,,,,0.93514067,-4.2746887,-2.13155,3.33792,-1.6937065,-0.9371685,1.8780746,-3.8579717,-4.72182,0.00058365415,0.003947512,0.77679193,0.0074220775,0.012393599,0.197396,0.0010936686,0.00037155906,2,,,,0.02347321,Test
297,0,5.5387754,-0.5349337,-1.8177439,-0.5541367,-2.7034514,-5.08317,-2.2912734,-8.04503,0.994148,0.002289142,0.0006346808,0.0022456027,0.00026175653,2.4232531e-05,0.00039527938,1.2533704e-06,0,,,,0.06297499,5.5460896,-0.47892627,-1.6268599,-0.2749142,-2.7545233,-4.9436383,-2.3659956,-7.794713,0.9903016,0.0032146485,0.0013464373,0.003929517,0.00045334184,6.098221e-05,0.00068713736,6.3247767e-06,0,,,,0.0018794971,Test
298,0,11.774221,-2.7462006,-3.612518,2.1139,-6.0057063,-10.163847,-3.3483925,-15.528327,0.99993527,4.9412034e-07,2.0777617e-07,6.375991e-05,1.8977858e-08,2.967494e-10,2.7058525e-07,1.3887568e-12,0,,,,0.001003368,11.634225,-2.2879417,-3.6005569,2.1616971,-5.4437966,-10.293855,-3.1809478,-15.78185,0.99983215,3.052885e-06,5.7513665e-07,0.00016299389,2.6937167e-07,1.217316e-09,8.938729e-07,2.0765315e-11,0,,,,5.5188324e-05,Test
299,1,-1.3704172,1.3318833,3.2698257,-3.130796,-0.7234255,-0.423229,-6.9419656,-8.659737,0.008054888,0.12013063,0.83424085,0.0013852778,0.015383121,0.020769125,3.0645515e-05,5.4998177e-06,2,,,,0.8638734,-1.4059088,1.0923054,3.3861766,-3.2429695,-0.8411438,-0.17607306,-7.2599435,-9.001825,0.009296076,0.098227635,0.8404108,0.0013206063,0.013204272,0.037493266,3.733537e-05,1.00128755e-05,2,,,,0.029238908,Test
300,0,-2.535557,-0.45115492,2.262359,-2.2757912,-0.47013056,0.40245044,-4.1633706,-3.5582118,0.006292605,0.050591175,0.76302516,0.00815916,0.04964022,0.11879301,0.0012356057,0.002263065,2,,,,1.230129,-2.4327564,-0.39437404,2.3131769,-2.2432766,-0.57509273,0.58843267,-4.2929945,-4.1002207,0.007422406,0.051266156,0.7396172,0.00871308,0.04278192,0.14753744,0.0012619371,0.0013997852,2,,,,0.02846298,Test
301,0,-3.7592266,-1.9510869,2.6113896,-2.011889,-0.34049,0.60129225,-3.7478294,-1.0395042,0.0013845196,0.008444308,0.80913776,0.007946174,0.0422705,0.108404726,0.001400389,0.021011617,2,,,,1.0447547,-3.8565178,-1.9401083,2.5906606,-2.0741706,-0.36025858,0.3210745,-3.811563,-1.011442,0.0015189273,0.00959625,0.81901294,0.008289253,0.045065112,0.091063276,0.0015446427,0.02390953,2,,,,0.013073143,Test
302,0,4.3494415,5.8660827,0.71953815,-4.0874176,-3.6173637,-4.195567,-8.785713,-17.062208,0.17907757,0.81603736,0.0047489125,3.8811424e-05,6.210145e-05,3.4833032e-05,3.5360284e-07,8.996625e-11,1,,,,0.7223038,4.5792723,5.5452642,0.391992,-4.2279115,-3.1156673,-3.8343792,-8.613598,-18.033726,0.28711545,0.70468086,0.0076512857,7.086395e-05,0.00025334276,0.0002270662,1.1595224e-06,3.045714e-10,1,,,,0.033998016,Test
303,0,6.785724,-0.044547796,-2.3441143,-0.15795691,-3.390607,-5.8581996,-2.3706875,-9.91033,0.9977047,0.0010780842,0.00010813427,0.0009624974,3.7973216e-05,3.2197022e-06,0.00010529863,5.5975466e-08,0,,,,0.027013393,6.823972,0.21860056,-2.522336,0.01758327,-3.5963929,-5.9873333,-2.2907224,-9.943512,0.9937874,0.0045278654,0.00012435523,0.0013306631,6.589097e-05,6.849737e-06,0.00015684479,1.2826237e-07,0,,,,0.0020915521,Test
304,0,-3.3693576,-1.5624932,1.6038743,-1.7616932,-0.96877587,1.5751585,-3.0303922,-2.3865418,0.003204271,0.019518228,0.46299505,0.01599296,0.03534179,0.44988886,0.004497178,0.008561714,2,,,,1.5299041,-3.1866791,-1.3826429,1.6172459,-1.8396409,-0.9456624,1.6320026,-3.0544734,-2.7633283,0.0041718734,0.024509512,0.45068225,0.016124036,0.035810802,0.45691243,0.0052069137,0.0065821745,5,,,,0.02637335,Test
305,0,-4.173302,-0.40986595,5.9750495,-3.020008,-0.32810795,1.768256,-8.663275,-10.599856,3.8426766e-05,0.00165605,0.98176366,0.000121759505,0.0017971343,0.014622432,4.3118465e-07,6.2175175e-08,2,,,,0.1490479,-4.1174636,-0.2211329,5.9507604,-2.957807,-0.040488966,1.6988207,-8.780253,-10.638549,0.00012816719,0.0040507214,0.97227496,0.00029887047,0.0058630113,0.017382467,1.2848543e-06,4.300895e-07,2,,,,0.005936699,Test
306,0,-4.425954,-0.89632213,6.5979843,-2.7831728,0.71331203,0.48281604,-8.202905,-9.009847,1.6215054e-05,0.0005531181,0.99438345,8.382416e-05,0.0027661342,0.0021966968,3.7120128e-07,1.6563763e-07,2,,,,0.05837392,-4.628443,-0.7652558,6.6028776,-2.8006716,0.80362046,0.3724789,-8.09835,-8.643892,0.0003490977,0.0015030358,0.9912779,0.00019117323,0.003955993,0.002719195,2.8454463e-06,7.182423e-07,2,,,,0.0021115432,Test
307,0,-3.7312853,-0.39537498,4.5908456,-2.9264083,-0.7917907,2.27233,-7.3835273,-9.4781,0.00021886223,0.0061508976,0.9003813,0.00048946834,0.0041378746,0.08861515,5.675739e-06,6.9881355e-07,2,,,,0.5322297,-3.5757918,-0.46853453,4.427653,-2.952942,-0.9600037,1.8674606,-7.123975,-8.796129,0.0005353112,0.011812469,0.8931019,0.00081363914,0.004424672,0.08928654,2.216226e-05,3.2842413e-06,2,,,,0.023218855,Test
308,0,9.384781,0.5721664,-3.1188197,-0.49781215,-4.608195,-9.199657,-3.4735885,-13.541701,0.999793,0.00014881279,3.7124887e-06,5.1045143e-05,8.372172e-07,8.48772e-09,2.6037005e-06,1.1042438e-10,0,,,,0.0030508537,9.512791,0.5848926,-3.3755755,-0.60840946,-4.593637,-9.3784685,-3.8361526,-13.512259,0.99955577,0.00037864465,5.89052e-06,5.625662e-05,1.312769e-06,2.0305531e-08,2.164696e-06,2.8488653e-10,0,,,,0.00014620056,Test
309,0,-1.6020932,-1.0518758,1.6884397,-2.0797458,-0.52679193,-1.1117415,-3.157474,-1.2609167,0.027478177,0.047636997,0.7379862,0.017043,0.08053513,0.044868845,0.0058008893,0.038650844,2,,,,1.4934205,-1.3845795,-1.1198096,1.5412385,-2.1218379,-0.6301816,-1.4047524,-3.152425,-1.1557442,0.042587925,0.055707984,0.7030275,0.020205287,0.08227318,0.039412994,0.0071939216,0.049591266,2,,,,0.025092632,Test
310,0,0.336341,-0.47154328,0.94624585,-1.8354127,-0.6743703,-2.2023456,-3.2596512,-3.4156153,0.25681394,0.11448773,0.4726035,0.029271025,0.09347001,0.02028061,0.007045294,0.006027881,2,,,,2.0502584,0.49045205,-0.5156814,0.8841526,-1.8055826,-0.8092524,-2.3418796,-3.109818,-3.447445,0.3068129,0.11282667,0.43482882,0.02906954,0.08299875,0.01907152,0.008212919,0.006178924,2,,,,0.038944647,Test
311,0,5.580119,1.7976925,-2.0850365,-1.8714374,-3.4131978,-4.5482016,-3.789722,-10.95947,0.9764994,0.02223233,0.0004578648,0.0005668942,0.0001213177,3.8994036e-05,8.3253384e-05,6.406484e-08,0,,,,0.17005683,5.869575,1.9372898,-1.9297793,-2.2022657,-3.4298458,-4.9062495,-3.854222,-11.413771,0.9734728,0.025353644,0.0005065083,0.0004422884,0.00011106265,3.6541725e-05,7.714103e-05,5.0597794e-08,0,,,,0.0056261015,Test
312,0,-1.9162116,0.17488346,1.6751943,-2.3227365,-1.1430756,1.189011,-4.0938706,-5.0710545,0.014147978,0.11451054,0.51336014,0.009421995,0.030652305,0.31570062,0.0016030575,0.000603342,2,,,,1.7027434,-1.8916562,0.14691149,1.6083803,-2.4521194,-1.1893408,1.279015,-4.117873,-5.1328864,0.01582091,0.11669286,0.47690478,0.009065652,0.029823225,0.3490962,0.0018419891,0.00075434946,2,,,,0.024484657,Test
313,0,7.873023,-2.2774363,-2.5931184,1.5414975,-4.0710373,-6.985908,-1.9558833,-9.913717,0.9980959,3.8983766e-05,2.8430513e-05,0.0017759289,6.4853407e-06,3.5157723e-07,5.376908e-05,1.8814363e-08,0,,,,0.020853981,8.21084,-2.5487607,-2.9785848,1.8786678,-4.155941,-7.5327826,-1.622719,-10.14599,0.9968545,0.00012158048,2.9503944e-05,0.0028820839,8.738734e-06,3.9125698e-07,0.00010322246,2.7593654e-08,0,,,,0.0009080647,Test
314,0,-3.7603996,-1.9154845,0.49304336,-1.153212,-1.9979949,2.792758,-2.149598,-3.0625606,0.0012414125,0.007855117,0.08732992,0.016834622,0.0072330064,0.8707959,0.0062155332,0.0024945019,5,,,,0.7656475,-3.9785724,-2.0371017,0.5918091,-1.0700529,-2.053787,2.7596297,-2.032027,-2.9089372,0.0013747228,0.007748517,0.10800848,0.021082709,0.0082646785,0.8391908,0.008873561,0.0054565826,5,,,,0.027542178,Test
315,0,-2.5856993,-0.2009664,4.30522,-2.9711826,-0.2233976,1.1612142,-7.6075125,-9.242066,0.0009534207,0.010350494,0.9375037,0.00064844266,0.010120902,0.040415563,6.2854842e-06,1.2259168e-06,2,,,,0.42625302,-2.394572,0.07529467,4.158902,-2.758603,-0.18672948,1.4350111,-7.633611,-9.19211,0.002143626,0.028876076,0.88201255,0.0013718512,0.013957135,0.071623564,1.2356506e-05,2.8519257e-06,2,,,,0.021346975,Test
316,0,-0.9284244,2.2871685,4.4923716,-3.6825905,-1.2429271,-0.3145621,-9.396728,-13.616962,0.0039274422,0.09786425,0.8878336,0.00025002914,0.0028676295,0.007256157,8.248452e-07,1.2121271e-08,2,,,,0.5907166,-0.7193974,2.4079187,4.3412123,-3.882555,-1.7040592,-0.50267273,-9.465319,-14.005135,0.009266511,0.18341778,0.7958043,0.0005698969,0.0029261813,0.008009391,5.8780156e-06,5.1631957e-08,2,,,,0.04756276,Test
317,0,-1.5814649,0.67361325,3.9500294,-2.9490075,-0.6485523,0.7578285,-8.064723,-10.466007,0.0036201824,0.0345222,0.9141718,0.0009221767,0.009202146,0.037555415,5.5346122e-06,5.014443e-07,2,,,,0.5648266,-1.3890444,0.79367673,3.8271356,-2.8266768,-0.72182274,0.6201864,-8.046823,-10.617053,0.009229379,0.058218814,0.8703383,0.0019551201,0.011065202,0.04917834,1.2873019e-05,1.8619392e-06,2,,,,0.021911025,Test
318,0,6.559855,-0.72480875,-2.1399775,-0.2972667,-3.146873,-6.649233,-1.989465,-8.902539,0.9978435,0.0006844996,0.00016625434,0.0010496691,6.074129e-05,1.8299056e-06,0.00019325904,1.9223378e-07,0,,,,0.026052453,6.5208726,-0.7085873,-2.2245991,-0.65593433,-2.7178946,-6.646389,-2.2131789,-9.004351,0.99681056,0.0014423048,0.00020654772,0.001072692,0.0001523357,3.1666095e-06,0.0003117688,6.321352e-07,0,,,,0.00075849245,Test
319,0,-2.9866714,-0.5099751,4.176512,-2.2838528,-0.03969971,-0.16248271,-5.60493,-5.867734,0.0007451788,0.0088690305,0.96203625,0.0015048417,0.014194305,0.01255423,5.434571e-05,4.1786014e-05,2,,,,0.30382815,-2.8219316,-0.39884216,3.894441,-2.2541456,0.07237567,-0.19552107,-5.7901115,-5.7639303,0.0014216168,0.014119345,0.9403204,0.0024294264,0.023255117,0.01827665,8.9829584e-05,8.764258e-05,2,,,,0.0077400245,Test
320,0,-0.07706781,1.8242204,2.2783437,-3.4849155,-1.2079893,-0.7637656,-7.0276227,-9.427094,0.052363947,0.35055116,0.55204517,0.0017338961,0.016899718,0.02635138,5.0170078e-05,4.5537295e-06,2,,,,1.4805692,-0.29123384,1.6800505,2.496877,-3.4159534,-1.1911446,-0.627933,-6.8630114,-9.0794525,0.05563556,0.30155784,0.59768635,0.0018280369,0.014872362,0.02833137,7.32733e-05,1.5227573e-05,2,,,,0.059922628,Test
321,0,-0.77346843,1.8904797,3.197757,-3.2407916,-1.1198914,-0.9133948,-7.262348,-9.727455,0.01427237,0.20484911,0.7571422,0.0012104625,0.010093611,0.012408719,2.1697593e-05,1.8442901e-06,2,,,,1.017557,-0.7574767,1.9541925,3.0502892,-2.991539,-1.0371953,-0.7861989,-6.7819586,-9.602794,0.01640948,0.28158504,0.6698828,0.0025433286,0.013096416,0.01640664,7.1523e-05,4.7820513e-06,2,,,,0.05470683,Test
322,0,19.006554,-6.2913885,-6.579159,7.087452,-10.25468,-12.90729,-3.6828222,-23.942514,0.9999933,1.0309558e-11,7.7314925e-12,6.6618827e-06,1.9588652e-13,1.3803534e-14,1.3999933e-10,2.2256388e-19,0,,,,0.00012419157,19.969753,-7.4603376,-6.598779,6.822371,-9.784517,-13.694426,-4.176716,-24.501774,0.99999315,8.7173885e-10,5.0158704e-11,6.902176e-06,8.316384e-13,6.963225e-14,3.036946e-10,2.598284e-18,0,,,,3.412359e-06,Test
323,0,4.2237983,1.1013387,-1.3205667,-1.5601306,-2.4728806,-3.6643875,-2.9810557,-8.545991,0.94931537,0.041816108,0.0037112776,0.0029206676,0.0011724106,0.00035613534,0.0007053134,2.701231e-06,0,,,,0.3402302,4.3924346,1.0176096,-1.26107,-1.6216614,-2.4604726,-3.890595,-3.009642,-9.063075,0.9529718,0.038759425,0.0036702019,0.0023910874,0.0012615848,0.000270075,0.00067355175,2.1745623e-06,0,,,,0.0058473605,Test
324,0,8.998449,-0.5971016,-3.2983575,0.4257645,-4.4016957,-7.6774535,-2.4907088,-12.10225,0.9997265,6.801216e-05,4.5650554e-06,0.00018915217,1.5145107e-06,5.7230615e-08,1.0237714e-05,6.8543055e-10,0,,,,0.003956939,8.736616,-0.6809177,-3.4428208,0.44698492,-4.3766356,-8.270261,-2.0445933,-11.6050625,0.9994049,0.00016448737,8.61291e-06,0.00038495185,5.138327e-06,1.3368296e-07,3.1853888e-05,1.0835881e-08,0,,,,0.0001661708,Test
325,0,3.2953594,1.7502534,-0.2912143,-2.1645896,-2.8251424,-3.0061655,-5.140317,-10.443686,0.80032974,0.17070176,0.022163576,0.0034044208,0.0017586075,0.0014674097,0.00017366055,8.639278e-07,0,,,,0.8743458,3.3218136,1.7995961,-0.38475078,-1.9170479,-2.7976375,-2.7248626,-5.059502,-10.346956,0.7797715,0.18063088,0.0273929,0.004621411,0.0026916852,0.0046232045,0.00026707933,1.2871284e-06,0,,,,0.020499093,Test
326,0,-3.0940142,-1.2360358,2.7194526,-2.4611413,0.19812824,0.06864259,-4.2774982,-1.8251226,0.0025096089,0.016088514,0.8401614,0.004725626,0.067509584,0.05931036,0.00076846743,0.00892645,2,,,,0.9381099,-3.289919,-1.2077868,2.8196187,-2.500524,0.22277617,0.094522916,-4.624767,-1.8536961,0.0022046901,0.018673837,0.83944225,0.004498338,0.0664976,0.05867087,0.0005662918,0.009446217,2,,,,0.014804182,Test
327,0,5.354316,4.355333,-1.2120247,-3.0163674,-3.961089,-4.169796,-6.61589,-14.489493,0.7298942,0.2687862,0.0010269146,0.00016901226,6.570993e-05,5.33323e-05,4.6202495e-06,1.758746e-09,0,,,,0.85508794,5.499548,4.9563036,-1.4518152,-3.1753678,-3.9875512,-4.4360247,-6.487204,-13.63653,0.6217876,0.37686932,0.000883025,0.00012687239,0.00027268135,4.625842e-05,1.4277679e-05,1.6744911e-08,0,,,,0.031058427,Test
328,0,-3.0202315,-1.1837919,4.596285,-2.3119018,0.12197685,-0.49178508,-6.049184,-5.3820405,0.00048155434,0.0030213473,0.97826433,0.0009778423,0.011150361,0.00603581,2.3290988e-05,4.5386303e-05,2,,,,0.18922873,-3.1154647,-1.4687294,4.8678594,-2.4162164,0.2764864,-0.60731333,-6.194908,-5.182211,0.0004832119,0.002601973,0.9776915,0.0010244824,0.012218209,0.0058750478,3.437172e-05,7.120987e-05,2,,,,0.004456698,Test
329,0,5.498347,2.970269,-2.0182512,-2.229132,-3.6440442,-4.671578,-4.2806773,-11.737585,0.9250704,0.07383198,0.00050321996,0.00040754286,9.90113e-05,3.5435012e-05,5.238399e-05,3.0248575e-08,0,,,,0.39421433,5.795221,3.4363842,-2.0667937,-2.3775373,-3.6452873,-5.054224,-4.664254,-12.356943,0.8894998,0.10959472,0.00047156788,0.0002811077,9.199637e-05,2.700547e-05,3.3895e-05,1.7054855e-08,0,,,,0.02200796,Test
330,0,-4.1191497,-2.114974,0.124582976,-0.66806513,-2.3974953,2.988225,-1.6566652,-3.208292,0.0007405355,0.0054947543,0.05159119,0.023352472,0.004142389,0.90414786,0.008689389,0.0018413075,5,,,,0.6366169,-3.8783543,-2.0594993,0.035407744,-0.60073864,-2.245235,2.68113,-1.5189272,-2.9074347,0.0018681705,0.009085893,0.065645516,0.03662846,0.006890169,0.85551643,0.020472357,0.0038929656,5,,,,0.023367353,Test
331,0,-4.253382,-2.1175394,1.5355815,-1.6788865,-1.1211374,1.9432429,-3.2161915,-2.1566443,0.0011438528,0.009681772,0.37366736,0.015012722,0.02622327,0.5617334,0.0032271298,0.009310475,5,,,,1.3922287,-4.0653467,-2.1872995,1.5989622,-1.6385076,-1.1256038,1.8630335,-3.116138,-1.9502792,0.0017999994,0.010313821,0.40252584,0.016635526,0.028226506,0.522802,0.0044183945,0.013277923,5,,,,0.032808665,Test
332,0,2.3839688,2.3054562,-0.38427657,-2.522701,-2.481403,-1.8128408,-4.243922,-9.390488,0.49535787,0.45795357,0.031094626,0.0036642032,0.003818695,0.0074519124,0.00065533374,3.8136234e-06,0,,,,1.2937058,2.5343676,2.504501,-0.62967384,-2.4608126,-2.432358,-1.8303959,-4.2066607,-9.22725,0.48275796,0.4730509,0.026460608,0.0037853096,0.004394488,0.008757259,0.0007888048,4.66457e-06,0,,,,0.032073088,Test
333,0,-4.065307,-0.05066756,7.579185,-3.9018302,-0.2826238,1.3288757,-11.495543,-14.065383,8.742555e-06,0.0004843665,0.99718803,1.0295217e-05,0.00038409344,0.0019244301,5.1847513e-09,3.9688147e-10,2,,,,0.03142137,-4.249923,-0.115782484,7.524459,-4.2447467,-0.003873843,1.6417768,-12.249643,-14.09186,2.7073305e-05,0.0018183894,0.99081194,1.7410543e-05,0.0016296171,0.0056956178,3.039852e-08,6.727883e-09,2,,,,0.0031512608,Test
334,0,-3.308819,-0.6897053,3.777828,-2.007109,-1.1984456,2.1121323,-5.6198096,-7.792861,0.00069025194,0.009472713,0.8254663,0.002537074,0.005695491,0.1560619,6.844745e-05,7.791353e-06,2,,,,0.78298265,-3.4182777,-0.6811455,3.9027953,-2.0929875,-1.1397402,2.24174,-6.026784,-7.997836,0.00080218556,0.012464946,0.81378573,0.0029528127,0.005849379,0.16401331,0.000121322904,1.0280074e-05,2,,,,0.019716585,Test
335,1,-0.24341017,1.8057252,2.5271378,-2.9767704,-1.4492123,-0.08517197,-6.9425774,-10.846635,0.038072437,0.2954873,0.6079171,0.0024747276,0.011400855,0.044599775,4.6902856e-05,9.455591e-07,2,,,,1.4315666,-0.90227777,1.4462967,2.4863496,-2.8703716,-1.5522747,0.37144548,-7.1482058,-10.182998,0.022470843,0.2553292,0.61882734,0.0030860542,0.01134866,0.08888067,5.492947e-05,2.3208115e-06,2,,,,0.059111446,Test
336,0,6.2165804,2.3107247,-2.1046128,-1.794082,-3.4277823,-6.072822,-3.663689,-10.92541,0.9796052,0.019713309,0.0002383431,0.00032513577,6.3468426e-05,4.5064194e-06,5.0130817e-05,3.5186748e-08,0,,,,0.14910881,6.2629266,2.1898808,-1.9833076,-1.9748408,-3.1483634,-6.140318,-3.88635,-11.00757,0.9732441,0.025395775,0.0005483177,0.00047625467,0.00024384719,2.9904779e-05,6.162865e-05,2.5388977e-07,0,,,,0.0075938297,Test
337,0,2.5211298,1.6107159,0.2668662,-2.3649616,-1.8877054,-3.4792745,-4.835614,-8.003723,0.65352154,0.26294938,0.06858761,0.0049346625,0.007952928,0.0016192631,0.00041712544,1.7553934e-05,0,,,,1.2862076,2.5662136,1.5220006,0.41325408,-2.2980964,-1.8747278,-3.1629584,-4.884129,-8.514761,0.64134014,0.24711144,0.09246218,0.0055594603,0.00918366,0.0038336474,0.00048598298,2.3525165e-05,0,,,,0.045562245,Test
338,0,-2.202621,0.94433683,4.480902,-3.1372936,-0.36072215,-0.10638216,-7.651867,-9.476474,0.0011929808,0.027754914,0.95334625,0.00046850083,0.0075259265,0.009705509,5.1292777e-06,8.272544e-07,2,,,,0.34409726,-2.4751384,1.2386303,4.678565,-3.197394,-0.3276042,-0.060215563,-7.9922104,-9.730534,0.0010731714,0.053617924,0.9255525,0.00046732486,0.0076425015,0.011641794,3.824126e-06,9.976482e-07,2,,,,0.021205267,Test
339,0,-3.9409804,-1.8900524,2.8300536,-1.7500005,-0.5995679,1.5271821,-3.9863665,-2.9416153,0.00086289603,0.0067091146,0.7526296,0.00771772,0.0243846,0.20452736,0.0008246082,0.0023441063,2,,,,1.0478196,-3.568353,-1.8865337,2.7097883,-1.6082287,-0.39988613,1.4264599,-3.8218925,-2.8107693,0.00161731,0.008425916,0.7304794,0.010144587,0.034823455,0.20920102,0.0015127389,0.0037955171,2,,,,0.018233178,Test
340,0,-5.098391,-0.8192192,8.440037,-3.2788975,0.47257745,1.3192575,-10.697135,-13.286458,1.3176169e-06,9.510634e-05,0.9987423,8.128025e-06,0.00034612254,0.0008071205,4.8784843e-09,3.6623266e-10,2,,,,0.015519759,-4.6406546,-0.46742457,8.245874,-3.2021422,0.12674198,1.0192087,-10.020155,-13.195206,1.0097338e-05,0.00022711328,0.99811757,2.9985173e-05,0.00048675528,0.0011286001,5.079472e-08,3.4391516e-09,2,,,,0.00038074574,Test
341,0,-4.2874,-2.0913837,3.8677301,-2.1445534,0.18499526,1.030121,-5.1926594,-3.0591815,0.00026350672,0.0023686967,0.9173178,0.0022460443,0.02307429,0.053723186,0.00010657188,0.0008999128,2,,,,0.52036643,-4.215707,-2.1261933,3.85179,-2.2384593,0.20490256,0.85424536,-5.0015197,-3.0703952,0.00040508673,0.0025603329,0.9119342,0.0022890947,0.02484938,0.056810457,0.00018629277,0.00096519955,2,,,,0.01059944,Test
342,0,-5.6039953,-2.1046052,7.8801265,-2.7681792,0.65640867,1.0700855,-8.977739,-9.750895,1.3902561e-06,4.601087e-05,0.9981006,2.3695933e-05,0.000727702,0.0011005533,4.7631694e-08,2.198462e-08,2,,,,0.022195026,-5.6619945,-1.828434,7.928243,-3.063581,0.49214363,0.8548163,-8.905333,-10.07421,3.648581e-06,8.3897954e-05,0.9976324,2.4952591e-05,0.0010166734,0.0012383737,9.2155254e-08,3.8198635e-08,2,,,,0.0005616646,Test
343,0,6.4368186,1.382534,-2.0361533,-1.4190017,-3.3313272,-5.9150386,-3.3972783,-11.210373,0.9929564,0.006336979,0.00020757031,0.00038476082,5.6843193e-05,4.2912793e-06,5.3215255e-05,2.1520485e-08,0,,,,0.06493692,6.428464,1.034677,-1.6664655,-1.1666057,-3.19764,-5.4573493,-3.7311413,-11.727432,0.99042714,0.007945733,0.0006269185,0.0007861552,0.00012741284,2.0771524e-05,6.5854794e-05,4.461204e-08,0,,,,0.0029788977,Test
344,0,-3.4476192,0.21681857,6.9005237,-3.5206773,-0.5788742,1.0208141,-10.437994,-13.844887,3.190318e-05,0.001245314,0.99534863,2.9655499e-05,0.00056197116,0.0027825932,2.9373282e-08,9.735488e-10,2,,,,0.049324892,-3.1463459,0.4102022,6.928834,-3.6746478,-0.35687461,0.89574873,-9.897707,-13.1395855,7.647417e-05,0.0045029884,0.9908129,5.3007283e-05,0.00090164616,0.0036527165,3.70213e-07,9.180946e-09,2,,,,0.0023818417,Test
345,0,-2.158312,1.2530942,3.9178145,-2.823991,-1.0273229,0.91365856,-7.117065,-10.501683,0.0020331326,0.061619848,0.8851033,0.0010448766,0.0063001085,0.043883942,1.4276003e-05,4.838222e-07,2,,,,0.67633843,-2.5360527,0.8195098,4.1163983,-3.093869,-1.0502902,1.2378124,-7.390233,-10.74105,0.002238231,0.057882875,0.871171,0.00088040606,0.0067828163,0.06102441,1.9339446e-05,9.899346e-07,2,,,,0.027154993,Test
346,0,-1.8618846,0.9332463,4.9510765,-4.1169653,-0.51143646,1.0832473,-10.4917,-13.603936,0.0010527398,0.017227842,0.9575301,0.00011039564,0.0040626856,0.020015918,1.8812206e-07,8.371692e-09,2,,,,0.31797516,-2.1674201,1.0367873,5.26216,-4.148467,-0.043298945,1.0838577,-10.855682,-13.612622,0.0017539344,0.027270937,0.94590104,0.00014713962,0.0063887485,0.018538,2.547409e-07,2.400358e-08,2,,,,0.011222372,Test
347,0,-3.580664,0.13932857,5.895252,-3.3867514,-0.35026115,1.5560632,-9.4040985,-11.644793,7.5296986e-05,0.0031070604,0.9820093,9.14098e-05,0.0019042483,0.012812378,2.2268553e-07,2.369032e-08,2,,,,0.15161656,-3.0866075,0.6675996,5.5491095,-3.3874583,-0.61766404,1.2882879,-9.400797,-11.4112,0.00033587316,0.008797656,0.97226846,0.00034041915,0.002668656,0.01558785,9.83666e-07,1.3624634e-07,2,,,,0.00387026,Test
348,0,-3.7460866,-2.0477512,2.4277492,-1.8870269,-0.5378369,0.19668931,-3.2466655,-0.16927604,0.0016485035,0.0090088155,0.791321,0.010579601,0.04077697,0.084999375,0.00271635,0.058949348,2,,,,1.1675293,-3.694709,-1.9249655,2.588344,-1.8607836,-0.6045444,0.08529643,-3.3583176,-0.12815623,0.0018423604,0.009558755,0.8124732,0.009954909,0.034176078,0.073779225,0.0024279132,0.0557876,2,,,,0.015044926,Test
349,0,0.8147329,2.2013652,0.8954725,-2.9061835,-2.1742268,-0.5595583,-5.6634126,-10.031282,0.15589517,0.62379146,0.16900417,0.0037744981,0.007847726,0.039444424,0.00023955759,3.037162e-06,1,,,,1.5483737,0.7730178,1.8472703,0.6758539,-3.0768468,-1.9779564,-0.47008866,-5.695901,-9.175569,0.19492304,0.5329619,0.189342,0.0059381677,0.01267447,0.06341289,0.00072287174,2.4722429e-05,1,,,,0.05095115,Test
350,0,1.357461,0.5097028,0.5582266,-2.0400872,-1.4255166,-2.2035537,-3.5217323,-5.950649,0.4975026,0.21311727,0.22371355,0.016644048,0.030772554,0.014134041,0.0037825846,0.00033336776,0,,,,1.8337203,1.5661567,0.46824345,0.3982434,-1.8651613,-1.4906042,-2.3402202,-3.4657593,-6.001028,0.54853415,0.19745484,0.18949215,0.017769108,0.029176552,0.013197705,0.00394807,0.00042740646,0,,,,0.04734913,Test
351,0,0.5765592,3.269729,1.9483246,-3.6855855,-2.130272,-0.80831116,-7.367609,-11.261367,0.049869586,0.7369948,0.19660103,0.00070276426,0.0033286947,0.01248516,1.7689981e-05,3.6032122e-07,1,,,,1.115553,0.31975305,2.6691203,2.1097097,-3.0364752,-1.8837719,-0.554094,-6.9260454,-9.931893,0.06182612,0.5365633,0.3571027,0.0019470552,0.007292752,0.035212163,5.2561132e-05,3.34955e-06,1,,,,0.077432,Test
352,0,-5.1818466,-1.5095152,7.784932,-2.9152114,0.6613946,1.0272936,-9.150802,-10.432134,2.3318203e-06,9.174207e-05,0.9979196,2.24948e-05,0.0008042342,0.0011595526,4.405547e-08,1.2232758e-08,2,,,,0.02419684,-5.1658945,-1.4144406,7.8532166,-2.8131692,0.6712397,1.1435435,-9.110586,-10.747394,5.5097526e-06,0.00022094515,0.9966426,5.6909972e-05,0.0011765691,0.0018969249,5.794096e-07,2.1545386e-08,2,,,,0.00074115954,Test
353,0,10.609085,-1.2418075,-4.269864,1.1787244,-5.28677,-8.359182,-2.169525,-13.906006,0.9999093,7.131537e-06,3.452352e-07,8.024296e-05,1.2487587e-07,5.782914e-09,2.820205e-06,2.2552354e-11,0,,,,0.0014069563,10.363594,-1.0626895,-4.082799,1.238589,-5.1517076,-7.6586432,-2.4633787,-13.625166,0.9993917,0.00011499457,5.549594e-06,0.00047743725,1.735624e-06,1.0239612e-06,7.5737385e-06,1.176937e-09,0,,,,0.0003498235,Test
354,0,-3.9336145,-0.012648644,7.2656584,-3.558356,-0.13529338,1.1780273,-10.674831,-13.514835,1.363498e-05,0.0006878733,0.99640757,1.9843907e-05,0.00060847745,0.0022626237,1.6105748e-08,9.409853e-10,2,,,,0.039314285,-4.0675898,-0.3500515,7.4430213,-3.441653,-0.28630084,1.3488185,-10.351399,-14.19521,2.7849808e-05,0.001644567,0.99373597,3.077296e-05,0.0007904616,0.0037703775,4.8491017e-08,3.4360697e-09,2,,,,0.0020701906,Test
355,0,-0.7464825,-1.4482048,1.9030626,-1.9533458,-0.3474171,-3.8911674,-2.8760056,-0.03383054,0.050931364,0.02524825,0.72055674,0.015235311,0.0759097,0.0021941487,0.0060554347,0.10386906,2,,,,1.4711341,-0.9036735,-1.5248697,1.9871743,-2.0486734,-0.22098064,-3.9438584,-2.9656625,0.108921155,0.047994863,0.023943076,0.7079595,0.013383716,0.08100664,0.0024501476,0.0062003904,0.117061675,2,,,,0.02343328,Test
356,1,-3.5976572,-1.8449913,0.5452188,-1.0450532,-2.165622,2.3179927,-2.0829182,-3.2680297,0.002157426,0.012448273,0.13588269,0.027702423,0.009033599,0.79996324,0.009812479,0.0029997933,5,,,,1.0420178,-3.687799,-1.9794381,0.52599245,-1.00974,-2.2231147,2.3960817,-2.059625,-3.3132615,0.002124296,0.011109907,0.1370211,0.027859623,0.009070175,0.798703,0.01078396,0.0033279539,5,,,,0.02210436,Test
357,0,-2.68476,-1.4601098,1.0087397,-0.8207397,-1.7958245,-1.5347766,-1.1268511,-0.5052279,0.014241045,0.04846193,0.5722799,0.09184926,0.0346419,0.044975236,0.06762903,0.12592173,2,,,,2.0847347,-2.6900682,-1.4429358,0.9613045,-0.8161044,-1.8741926,-1.5544968,-0.96175194,-0.44756025,0.014426753,0.050859027,0.53658926,0.09328783,0.03160093,0.05021155,0.08578788,0.13723674,2,,,,0.033186108,Test
358,0,-1.269711,1.8723066,4.2511067,-3.3807328,-1.2860723,0.39589444,-8.569256,-12.81708,0.0035665343,0.082567155,0.8910603,0.00043195768,0.0035086563,0.018862955,2.4104304e-06,3.4457848e-08,2,,,,0.61591685,-1.8830029,1.3420951,4.5593925,-3.527539,-1.2446442,0.90426654,-9.139598,-13.456329,0.002111925,0.056384016,0.90474284,0.00043796437,0.003616643,0.032703705,2.7883812e-06,1.2563291e-07,2,,,,0.01645804,Test
359,0,-2.5593345,0.38617504,5.40441,-3.2486734,-0.100654006,0.25077015,-8.7037,-10.702748,0.00034203916,0.006505704,0.9832998,0.00017167197,0.003998223,0.005681835,7.33857e-07,9.941132e-08,2,,,,0.15148652,-2.8199558,-0.048312295,5.1629705,-3.4259553,-0.26698238,0.24316701,-8.714161,-10.645946,0.000803826,0.009409228,0.9683727,0.00032085186,0.0054386696,0.015651474,2.4473984e-06,7.8339207e-07,2,,,,0.008742836,Test
360,0,8.688464,-1.1871767,-3.3862844,0.9786744,-4.436433,-6.9455338,-1.9494779,-11.420255,0.9994686,5.1384584e-05,5.6986546e-06,0.00044817748,1.993879e-06,1.6218479e-07,2.3975601e-05,1.8478364e-09,0,,,,0.0069926414,8.495558,-1.5938683,-3.203484,1.2787018,-4.2126904,-6.8613443,-1.510078,-10.849912,0.9987038,5.5026594e-05,1.2933934e-05,0.0011460274,4.9011915e-06,1.116502e-06,7.626851e-05,2.5360851e-08,0,,,,0.00025131102,Test
361,0,0.6821618,2.161717,3.0557184,-3.4894845,-2.1587162,-0.70763564,-8.874487,-14.381079,0.060792137,0.26693776,0.6526344,0.0009378304,0.0035487039,0.015144887,4.2997935e-06,1.7456804e-08,2,,,,1.2859671,0.4045311,2.0101469,3.2440631,-3.3948498,-1.9585692,-0.264808,-9.273897,-14.195706,0.054830514,0.24919465,0.66565955,0.0013855905,0.007122107,0.021802299,5.25937e-06,8.320232e-08,2,,,,0.054052267,Test
362,1,-3.228783,-2.050475,1.8230745,-1.5134271,-0.88194627,-0.2531666,-2.4390945,-0.0070049986,0.004475282,0.014539623,0.69954276,0.024876544,0.04677768,0.08772316,0.0098577505,0.112207234,2,,,,1.5513155,-3.2295182,-1.8808779,1.8238691,-1.5828197,-0.87609875,-0.27739015,-2.366816,-0.05800668,0.00588523,0.020354578,0.68842137,0.025234565,0.0472871,0.0890495,0.012893697,0.11087392,2,,,,0.026164677,Test
363,1,-2.204284,0.95701694,4.979089,-3.4816697,-0.77789915,0.42082402,-8.9110775,-11.950757,0.00073518895,0.017351395,0.9684964,0.00020494504,0.003061046,0.010150064,8.988256e-07,4.3009006e-08,2,,,,0.24917719,-2.126798,1.1513978,4.978574,-3.5846572,-0.8970653,0.61399305,-9.490214,-12.283361,0.0018418592,0.02996831,0.94381154,0.0002976332,0.003582459,0.020496983,1.1707564e-06,5.061195e-08,2,,,,0.009443814,Test
364,0,-3.99611,-0.44707716,7.550388,-3.5468225,0.32350254,0.0039383434,-10.398349,-11.600876,9.654254e-06,0.0003357715,0.99838674,1.5130099e-05,0.00072560855,0.00052712957,1.6005222e-08,4.808509e-09,2,,,,0.019911332,-4.2174897,-0.5308047,7.5083885,-3.240837,0.9816998,0.05162581,-10.716883,-11.271864,1.5382979e-05,0.0006913343,0.99629486,3.4482753e-05,0.0022170993,0.0007466312,4.5987584e-08,5.531001e-08,2,,,,0.0008308962,Test
365,0,5.984994,-1.1857907,-1.3246074,-0.011636423,-2.9656448,-6.1244392,-2.7215347,-8.527537,0.9957917,0.00076548447,0.000666268,0.0024766526,0.0001291087,5.4841394e-06,0.00016480529,4.9597094e-07,0,,,,0.0462991,5.769207,-1.5192015,-1.3681834,-0.028388727,-3.0877903,-5.8680243,-3.047391,-8.243027,0.9920131,0.0018542449,0.0013508177,0.004215346,0.00029682924,2.9850504e-05,0.00023566137,4.1390913e-06,0,,,,0.0016888436,Test
366,0,-3.3999364,-0.2155579,5.214219,-2.6124837,-0.5837846,1.5413868,-7.7131987,-10.366519,0.00017565038,0.0042423564,0.96767473,0.0003860428,0.0029355427,0.024583211,2.3519235e-06,1.6561545e-07,2,,,,0.24204415,-3.0545936,-0.21061341,5.1046534,-2.671057,-0.46032572,1.5908059,-7.436595,-10.075914,0.00084868446,0.009561408,0.9450755,0.0008936579,0.004979333,0.03860765,2.9236544e-05,4.4914623e-06,2,,,,0.011689792,Test
367,0,6.172635,-1.2860911,-1.4986545,0.59684193,-3.7640235,-4.8082194,-3.5453517,-10.571647,0.99506795,0.00057354727,0.0004637181,0.0037697842,4.8130085e-05,1.6940585e-05,5.9894173e-05,5.3199013e-08,0,,,,0.05056105,6.2046175,-1.0882103,-1.6252325,0.88365334,-4.1314244,-4.541957,-3.4962857,-10.505732,0.99063474,0.0018525666,0.0006509553,0.006659144,7.934552e-05,4.1207317e-05,8.160839e-05,3.2733138e-07,0,,,,0.0024669303,Test
368,0,-2.2207208,1.6110194,4.671343,-3.435485,-0.90080607,0.878188,-8.807289,-12.524712,0.0009453685,0.043621913,0.9306499,0.00028056648,0.0035386113,0.02096236,1.3034395e-06,3.1669032e-08,2,,,,0.45215306,-2.500286,1.7459818,4.6016498,-3.6381772,-0.89819944,0.8555524,-9.529924,-13.065529,0.0017158274,0.08497211,0.8777027,0.00054699904,0.005301671,0.029757863,2.7353162e-06,8.887147e-08,2,,,,0.029876567,Test
369,0,-3.9007258,-0.45612362,6.5727043,-3.0606349,-0.33757484,1.3749026,-9.336919,-12.58159,2.8067205e-05,0.0008793687,0.9925498,6.501991e-05,0.0009900477,0.005487515,1.222618e-07,4.765939e-09,2,,,,0.07205665,-3.8645084,-0.26862302,6.5831604,-3.1348643,-0.37291726,1.5868591,-8.527687,-12.148489,5.786381e-05,0.0019483333,0.98551667,0.00015194716,0.0015110241,0.010813314,8.296329e-07,2.6585244e-08,2,,,,0.0026477608,Test
370,0,-3.427195,-1.0154581,2.8294718,-1.7394423,-0.97192395,0.6521348,-3.8763506,-3.950324,0.0016365944,0.018253462,0.85344803,0.008849583,0.01906566,0.09673231,0.0010444205,0.00096994976,2,,,,0.8309941,-3.6095169,-0.9472232,2.9616973,-1.7194102,-0.96869814,0.6874391,-3.9365258,-4.2484455,0.0013835802,0.020631295,0.84779465,0.010596491,0.01844081,0.09922778,0.0011865267,0.0007388489,2,,,,0.02086569,Test
371,0,-4.295515,-2.213368,1.9487319,-1.103909,-1.450745,1.1018686,-2.531046,-1.3470613,0.0012325428,0.009887057,0.6348104,0.029984647,0.021196783,0.27217987,0.007196167,0.023512527,2,,,,1.4529313,-4.104202,-2.2519088,1.7630463,-1.0620611,-1.5558774,0.8906334,-2.3695903,-1.1151866,0.0021958654,0.011948129,0.6060301,0.037836075,0.023386555,0.26797947,0.012273118,0.038350753,2,,,,0.03290838,Test
372,0,-3.2774644,-1.3568953,2.18401,-2.1649282,-0.47436404,1.1934662,-3.9521592,-2.662147,0.0028360381,0.01935551,0.6677291,0.008627412,0.046782464,0.24797766,0.0014444276,0.005247362,2,,,,1.341286,-3.342091,-1.2843266,2.1429172,-2.1701636,-0.45062202,1.3182871,-4.1596727,-2.662914,0.0031673529,0.02171614,0.6211381,0.009563864,0.049762107,0.28721783,0.001401021,0.0060335575,2,,,,0.033285137,Test
373,0,5.5921783,0.85168415,-1.9756174,-0.8459821,-3.0586565,-4.7146807,-2.7066193,-9.468594,0.98881835,0.008636664,0.0005110514,0.0015814627,0.00017302409,3.302969e-05,0.00024603365,2.8464683e-07,0,,,,0.10116059,5.5522637,0.68535626,-2.1744576,-0.8390172,-3.074768,-4.9012184,-2.849289,-9.385291,0.98413485,0.0122290645,0.0006579562,0.0023602003,0.00023092993,0.00010505972,0.0002809444,1.0065736e-06,0,,,,0.004297248,Test
374,0,-2.7681575,-1.5580903,2.8886657,-2.283236,0.21850319,-1.3482528,-3.8047662,-0.074963,0.0030183648,0.01012272,0.8639703,0.004901968,0.05982215,0.012486149,0.0010704793,0.04460784,2,,,,0.84493005,-2.6741753,-1.5981185,2.9628904,-2.331472,0.1643844,-1.4123929,-3.7352543,-0.08330764,0.004371705,0.011926822,0.8584024,0.0062277215,0.053715743,0.0159009,0.0021417197,0.047313057,2,,,,0.019065004,Test
375,0,-2.5798402,0.37978837,5.031528,-3.0684683,-0.006290449,0.20411803,-8.065141,-9.948885,0.0004828013,0.009313625,0.9757613,0.00029618276,0.0063306284,0.00781315,2.0023172e-06,3.0439162e-07,2,,,,0.20713685,-2.4771214,0.15854776,4.981674,-3.2781425,-0.12097911,0.14703825,-8.24358,-10.383985,0.00091891794,0.009999675,0.9733837,0.00031914766,0.0069976216,0.008377355,3.1389336e-06,4.6755645e-07,2,,,,0.003864489,Test
376,0,-0.9011912,1.6189312,3.7240949,-3.3364503,-0.88028914,-0.25751826,-7.8760743,-10.667679,0.008440582,0.10491745,0.86120915,0.0007391846,0.008618865,0.016066305,7.892583e-06,4.8399505e-07,2,,,,0.7477462,-0.6402074,2.0841613,3.6436164,-3.1383595,-0.72164214,-0.2840541,-7.4153824,-10.43661,0.015996926,0.19549456,0.7567644,0.0011614552,0.012356276,0.018176373,4.388319e-05,6.1381456e-06,2,,,,0.037428025,Test
377,0,-3.139133,-1.3449109,2.1876075,-1.825968,-0.28687856,0.7311891,-3.3869045,-1.7040861,0.0034871898,0.020974724,0.71754557,0.012965098,0.060421824,0.167238,0.0027218845,0.0146456435,2,,,,1.3588386,-3.0471025,-1.3171637,2.290728,-1.7367795,-0.06325501,0.45931426,-3.572434,-1.5801922,0.0041409633,0.022477128,0.7397517,0.0149857495,0.07237774,0.1267535,0.0027240645,0.016789135,2,,,,0.02476771,Test
378,0,0.83537275,-0.41252303,0.4829672,-1.917024,-0.7004906,-2.5609386,-2.733635,-2.7725697,0.42409974,0.121762566,0.29814,0.027046887,0.091295846,0.014205901,0.011952746,0.011496312,0,,,,2.1089988,0.7714711,-0.46038848,0.6010388,-1.8348083,-0.6374744,-2.631044,-2.6906457,-2.5350842,0.3904434,0.11341302,0.32753265,0.029552585,0.096608914,0.013152571,0.01364768,0.015649103,0,,,,0.026544588,Test
379,0,-3.6566868,-2.106043,2.9804072,-2.221047,-0.041757517,-0.6397397,-3.842731,0.049460806,0.0011469256,0.005407184,0.8749607,0.0048197634,0.042606812,0.023430346,0.00095222,0.046676118,2,,,,0.79442036,-3.7357662,-1.9695362,2.9430056,-2.184916,0.08253648,-0.4300363,-3.851688,0.057185303,0.0016959917,0.008728636,0.8377717,0.00663255,0.05119822,0.042306576,0.0014227954,0.050243568,2,,,,0.019643461,Test
380,0,-3.283581,-1.1032498,3.4503179,-2.0273206,-0.11851968,0.6155141,-4.7547054,-4.462219,0.0010783244,0.009542349,0.906243,0.00378736,0.025545722,0.053223696,0.00024765581,0.00033179778,2,,,,0.6010429,-3.1741712,-1.0996225,3.2842152,-1.9022481,-0.13672885,0.57727486,-4.3486915,-4.1822543,0.0017728771,0.013172639,0.87641144,0.0058901296,0.030149633,0.07141613,0.0005350939,0.00065199117,2,,,,0.015144244,Test
381,0,-8.884525,-4.1821594,12.435118,-3.6035109,2.3508039,0.81007284,-12.819809,-11.709887,5.5077554e-10,6.069965e-08,0.9999492,1.08265596e-07,4.1726875e-05,8.938921e-06,1.076224e-11,3.2653956e-11,2,,,,0.00083440257,-9.2149315,-4.606802,12.523138,-3.1573749,2.791645,0.63388824,-12.220655,-11.536063,6.1511876e-09,1.28511e-07,0.9996932,5.396125e-07,0.00029693518,9.192618e-06,6.593509e-10,1.6907169e-08,2,,,,0.00017078793,Test
382,0,-3.8653617,-0.036439672,6.878688,-3.3601477,-0.292025,0.9561758,-9.797677,-12.178221,2.1476822e-05,0.0009882103,0.99552286,3.559439e-05,0.0007653325,0.0026664713,5.696367e-08,5.2691598e-09,2,,,,0.047893476,-3.5094082,0.23721015,6.80161,-2.905839,-0.15729927,1.2631309,-9.724624,-13.401079,0.00011360556,0.004515193,0.98758936,0.00012576625,0.0013312286,0.0063246815,1.6453656e-07,7.0934854e-09,2,,,,0.0027611493,Test
383,0,6.90291,0.9973056,-2.415493,-0.77875876,-3.646613,-5.751008,-2.9632535,-11.291185,0.99665487,0.0027150211,8.9456866e-05,0.0004596616,2.6118307e-05,3.184329e-06,5.172786e-05,1.2501135e-08,0,,,,0.035455033,7.2483954,0.97847587,-2.7516618,-0.42553443,-4.157336,-5.945401,-2.577657,-12.238534,0.9923914,0.0058559543,0.00012316329,0.0014133553,2.1456131e-05,1.7324042e-05,0.00017663516,6.194281e-07,0,,,,0.0038184624,Test
384,0,-3.9193187,-1.5066912,2.3877459,-1.9752495,-0.6624767,2.0746262,-4.120918,-3.2957802,0.0010027809,0.011194298,0.5499578,0.0070065567,0.026039612,0.4021085,0.0008196957,0.0018707053,2,,,,1.2980006,-3.9384885,-1.5888926,2.2527254,-1.902332,-0.6986904,2.0585291,-4.1342382,-3.3751826,0.0012594236,0.013158453,0.5160287,0.008316235,0.028931132,0.42889434,0.0010331892,0.002378484,2,,,,0.024752928,Test
385,0,-3.6981792,-1.9174196,0.55534124,-0.90001917,-1.9211152,2.1898317,-1.84233,-2.2399883,0.0021231587,0.012599596,0.14936985,0.034850415,0.01255312,0.76579607,0.01358212,0.009125711,5,,,,1.1970217,-3.3698192,-1.9082657,0.62414426,-0.8008448,-1.7258959,1.9420809,-1.9828084,-2.3291621,0.003869074,0.016321588,0.19967347,0.046077494,0.018814925,0.68853474,0.01538533,0.011323392,5,,,,0.029015524,Test
386,0,-0.5690223,0.9809498,2.1779327,-2.7104733,-1.4101375,0.31436166,-6.1320753,-8.887937,0.04118909,0.19405572,0.64234674,0.0048390697,0.017761938,0.09963935,0.00015804432,1.00443895e-05,2,,,,1.532934,-0.5343414,0.9468004,2.2169776,-2.6839232,-1.3840432,0.083505824,-5.9687953,-9.083903,0.04400507,0.20497319,0.6331518,0.005596665,0.019586146,0.09247386,0.00020196413,1.1313875e-05,2,,,,0.042842787,Test
387,0,1.6988311,1.2436638,1.7095728,-2.5676823,-1.5469251,-2.56253,-6.0467176,-10.217447,0.36864272,0.2338455,0.37262392,0.005172285,0.014354619,0.0051990026,0.00015949851,2.4628148e-06,2,,,,1.7203307,2.0339084,1.235707,1.518551,-2.562512,-1.4212524,-2.9275913,-6.042593,-10.215583,0.43911663,0.24102645,0.29691547,0.00522194,0.0137375565,0.0037085253,0.000268233,5.2064556e-06,0,,,,0.074296765,Test
388,0,-3.0233536,-1.4550755,3.3930995,-2.1045136,0.15842961,-0.55394256,-4.5442924,-1.9321451,0.0015169083,0.0072787018,0.92808896,0.0038019519,0.03654183,0.017923014,0.00033145453,0.004517156,2,,,,0.51385975,-3.0793428,-1.517522,3.6504204,-2.225228,0.25762624,-0.38115698,-4.661149,-2.0886106,0.0012696473,0.0058205184,0.9314252,0.0029593841,0.03276793,0.022076996,0.0002845381,0.0033958838,2,,,,0.007110487,Test
389,0,-3.7320216,-1.6178921,3.0900342,-2.3583078,-0.03404148,1.0637301,-4.68044,-3.1497831,0.00091354165,0.0075662932,0.83851254,0.0036084822,0.03687574,0.11053423,0.00035386317,0.0016352765,2,,,,0.85086095,-3.8444533,-1.781113,3.2318027,-2.3820932,0.03666252,1.036207,-4.9112315,-3.4370246,0.0009785888,0.006347296,0.8473805,0.003977799,0.035411965,0.10423958,0.00035264014,0.0013117101,2,,,,0.016577728,Test
390,0,-4.864271,-1.1072041,7.3052306,-3.3185766,0.62729347,1.2928593,-9.793472,-10.894006,5.1657894e-06,0.0002212129,0.9960574,2.4233917e-05,0.00125341,0.0024386235,3.7360426e-08,1.2429585e-08,2,,,,0.042075835,-4.947486,-1.1893737,7.4617257,-3.140915,0.7748854,1.125758,-9.397719,-10.096486,3.294193e-05,0.00035358183,0.9944725,8.9831134e-05,0.002680941,0.0023692134,2.510458e-07,7.3592696e-07,2,,,,0.0016104606,Test
391,0,-3.0717466,0.4135824,6.517805,-3.511439,-0.58739156,1.0275364,-10.209518,-13.618554,6.794452e-05,0.0022172448,0.9927592,4.3772205e-05,0.000814885,0.0040968545,5.3983324e-08,1.785393e-09,2,,,,0.07238846,-3.156845,0.07199651,6.6613007,-3.5291183,-0.88205576,0.64322436,-10.310105,-13.68161,8.2008235e-05,0.0019869427,0.99311817,4.4620923e-05,0.0009316223,0.003836597,8.8883645e-08,8.715821e-09,2,,,,0.0012829509,Test
392,0,5.099879,3.3214602,-1.3782252,-2.5568666,-2.9346435,-4.493085,-4.5759225,-11.534415,0.85370135,0.14419447,0.0013119011,0.00040366742,0.000276667,5.822836e-05,5.359927e-05,5.094759e-08,0,,,,0.61964077,4.7303495,3.1233768,-1.1299402,-2.66876,-2.8045785,-4.289647,-4.425359,-11.234116,0.8157973,0.17749059,0.0046513374,0.00074470835,0.0007883421,0.00035990012,0.00016722029,5.855325e-07,0,,,,0.021818314,Test
393,0,-4.094259,-1.9428622,1.2707535,-1.796849,-1.3220171,3.9071152,-3.5756946,-4.3755646,0.00030894467,0.0026559534,0.06605049,0.0030734998,0.004941401,0.92221755,0.0005189079,0.00023319076,5,,,,0.4649821,-3.7515469,-1.7628295,1.2549641,-1.5613635,-1.2610488,3.7473488,-3.0278835,-4.3378158,0.0008952937,0.0045479788,0.08078485,0.0053471634,0.0069093304,0.89919156,0.0015983507,0.00072544516,5,,,,0.011677819,Test
394,0,-1.2463744,-0.2850449,0.76423115,-1.8374454,-1.0035805,0.61227244,-2.9773884,-3.2423398,0.05091757,0.13315815,0.3802442,0.028194789,0.06491003,0.3266388,0.009017743,0.006918804,2,,,,2.1759248,-1.401756,-0.3819744,0.71083474,-1.9058008,-1.0766175,0.74305385,-2.9685588,-3.1271083,0.04496476,0.123328194,0.354477,0.026586136,0.06063509,0.3708039,0.01016441,0.009040483,5,,,,0.02980367,Test
395,0,2.9197514,-3.150154,-0.083255574,0.6237703,-2.0618668,-4.703796,-2.0481222,-3.3800328,0.8556091,0.0019776484,0.04247037,0.08612782,0.0058720023,0.00041822577,0.0059532663,0.0015714982,0,,,,0.8153362,2.8661895,-3.3556824,-0.055733033,0.7933298,-2.1554408,-4.314834,-1.9899671,-3.5188663,0.81201077,0.002019981,0.05975029,0.10906868,0.0067906887,0.00077291083,0.0066643707,0.0029223303,0,,,,0.023464907,Test
396,1,1.5312237,3.1108553,3.8921955,-4.0734215,-2.0274248,-2.5558498,-10.665658,-17.26336,0.06059369,0.29407138,0.64236885,0.00022302876,0.0017255436,0.0010172648,3.057658e-07,4.169118e-10,2,,,,1.203175,1.7007927,2.8086522,3.896745,-3.9120498,-2.5939798,-2.8422208,-10.944731,-17.543621,0.15741338,0.25420818,0.5862834,0.0005127892,0.0007429378,0.0008388023,6.044175e-07,4.415071e-10,2,,,,0.09287907,Test
397,0,2.202415,-1.0637095,0.30735636,-1.5562364,-0.8198051,-4.1447654,-2.8726296,-3.2463553,0.7856844,0.029977007,0.118095845,0.018318363,0.038257327,0.001376267,0.004911162,0.003379692,0,,,,1.1533722,2.2858095,-1.2436805,0.36146003,-1.5766368,-0.7159333,-4.0950727,-2.9503825,-3.560964,0.766927,0.02451117,0.13743255,0.016869374,0.045160543,0.0015709365,0.004336864,0.00319163,0,,,,0.034433465,Test
398,0,-1.124575,0.8924749,3.815478,-2.8055534,-1.4486024,0.4998535,-8.016613,-12.226968,0.006481732,0.04871746,0.90600127,0.0012068443,0.004687785,0.032898135,6.584409e-06,9.771989e-08,2,,,,0.5986617,-1.1350372,0.97467387,3.987259,-2.9749923,-1.5176528,0.3415864,-8.390796,-12.76647,0.0071355924,0.0640562,0.8930241,0.0010123841,0.004877218,0.029890213,4.198025e-06,8.7838984e-08,2,,,,0.019915484,Test
399,1,-1.14026,0.20521884,1.3979992,-2.2503679,-0.82065004,-0.09361914,-3.7574084,-3.8758209,0.045065977,0.17305443,0.5704278,0.014850293,0.0620374,0.12835094,0.0032903014,0.0029228718,2,,,,1.8723592,-1.092216,0.27909002,1.2084204,-2.2901382,-0.9148266,-0.18619786,-3.5758286,-4.1637025,0.0548458,0.20840628,0.51454645,0.017258834,0.06284536,0.1344359,0.005075254,0.0025860884,2,,,,0.03046279,Test
400,0,-3.8236985,-1.2083198,4.399924,-2.4860725,-0.10955945,1.8420304,-6.755449,-7.6351285,0.0002453168,0.0033540684,0.9145366,0.00093465403,0.010063693,0.07084711,1.3076283e-05,5.4255565e-06,2,,,,0.49544194,-4.494739,-1.2537181,5.122642,-2.6286185,0.29308337,1.8408282,-7.6363387,-7.3925934,0.000103034545,0.0024314288,0.9481096,0.0005543287,0.009469879,0.039319605,5.588652e-06,6.61005e-06,2,,,,0.006557653,Test
401,0,-4.820759,-1.9385169,5.169073,-2.1749156,-0.017248778,1.1323416,-6.020915,-5.3113437,4.4753986e-05,0.00079904933,0.9757995,0.00063082215,0.005457198,0.01722782,1.34775355e-05,2.740143e-05,2,,,,0.1926606,-4.695624,-2.1107316,5.178199,-2.1918557,-0.188579,0.84596765,-5.9850874,-5.3956914,0.00012381324,0.0012503499,0.97624695,0.0008916099,0.0061315424,0.015254105,3.996015e-05,6.162863e-05,2,,,,0.003630027,Test
402,0,6.5095186,0.48435864,-2.2983308,-0.5694026,-3.3247871,-5.461393,-2.6658704,-10.0619955,0.9964399,0.00240856,0.00014902205,0.00083968154,5.339079e-05,6.303046e-06,0.00010318823,6.3318986e-08,0,,,,0.03878471,6.630182,0.0034390339,-2.2292807,-0.6720742,-3.0523238,-5.421463,-2.625381,-10.526496,0.99617827,0.0024334583,0.00022961797,0.00090836966,8.622858e-05,1.6231541e-05,0.00014769351,1.3103192e-07,0,,,,0.000940002,Test
403,0,-3.1983793,0.40164226,5.748002,-3.4029896,-1.1594177,1.4750477,-9.54957,-13.036168,0.0001276615,0.004672288,0.98044693,0.00010403968,0.000980776,0.013667955,2.2272704e-07,6.816519e-09,2,,,,0.16158368,-2.9327116,0.6522154,5.9324436,-3.2617047,-1.2734095,1.5116577,-9.6092205,-13.69339,0.00032473486,0.016235646,0.96481436,0.00017337102,0.0021078251,0.016343217,8.4696984e-07,3.3635303e-08,2,,,,0.009316614,Test
404,0,-2.6459498,0.3153758,5.6115575,-3.251433,-0.5458604,0.84984255,-9.223378,-11.989491,0.00025520075,0.00493139,0.9841739,0.00013929131,0.0020841993,0.008415605,3.5509203e-07,2.233743e-08,2,,,,0.14185116,-3.1095433,0.24335822,5.68117,-3.472484,-0.6870163,1.1578751,-9.408924,-12.292834,0.0003930828,0.0101231355,0.9700295,0.00036323178,0.0032538027,0.01582557,1.0813183e-05,9.1978455e-07,2,,,,0.0075821043,Test
405,0,6.321835,-0.8157,-2.434382,0.48789856,-3.7143393,-4.4736786,-2.0150876,-9.689932,0.9958348,0.00079139846,0.0001568233,0.0029143437,4.3604567e-05,2.040589e-05,0.00023851066,1.1075555e-07,0,,,,0.04450125,6.2926455,-0.77408755,-2.5174522,0.11856161,-3.6598897,-4.028398,-2.2834058,-9.922405,0.9950057,0.0018438346,0.00020092,0.0025812038,6.440752e-05,6.258302e-05,0.00024124284,2.0750853e-07,0,,,,0.0011744103,Test
406,0,13.151474,-2.824893,-3.8559055,2.2859728,-6.642556,-10.992736,-4.6136866,-18.304735,0.9999807,1.1522417e-07,4.10942e-08,1.9105759e-05,2.5325262e-09,3.2680907e-11,1.9261089e-08,2.181391e-14,0,,,,0.00033150104,13.304649,-2.3848019,-4.1424613,1.5716136,-6.5242324,-10.9828005,-5.121056,-18.606411,0.99997914,4.0647723e-07,1.1743138e-07,2.0289594e-05,3.1575933e-08,7.721721e-10,2.5382679e-08,6.1284907e-13,0,,,,8.861839e-06,Test
407,0,-0.7120691,-0.9533548,1.1934938,-2.0335093,-0.7239183,-2.238903,-2.9131384,-1.2150457,0.09348927,0.073446766,0.62854624,0.024938343,0.09238803,0.020307954,0.010347836,0.056535576,2,,,,1.8843967,-0.93146694,-1.0213883,1.4034926,-2.0504608,-0.5861076,-2.3042436,-2.9862933,-1.1950142,0.07364078,0.06459438,0.6644932,0.021841269,0.093893185,0.01714561,0.009142315,0.055249233,2,,,,0.028922407,Test
408,0,-4.2211967,-3.4804435,3.8637824,-2.0895302,0.58602065,-3.549671,-3.3881364,4.695819,9.223969e-05,0.0001934741,0.29935008,0.00077747897,0.01128926,0.00018053334,0.00021218312,0.68790466,7,,,,0.9816898,-4.1152062,-3.7171211,3.592425,-1.9226173,0.5484374,-3.4480834,-3.024076,4.643068,0.00020498545,0.00023844317,0.26185644,0.0014543814,0.013192838,0.0003749911,0.0005935831,0.72208434,7,,,,0.020860676,Test
409,0,-1.1011015,2.2203815,3.6091716,-3.4417589,-1.2585636,-0.23089111,-7.998976,-11.366338,0.0069869994,0.19354971,0.7761335,0.00067259895,0.005969058,0.016680859,7.0563797e-06,2.4330734e-07,2,,,,0.9421963,-1.5912983,1.7192234,3.6761146,-3.7135117,-1.4006281,-0.2804068,-7.9929476,-10.963084,0.008754759,0.21630318,0.75221086,0.0005383907,0.0058814166,0.016298784,1.2182098e-05,4.458704e-07,2,,,,0.071641065,Test
410,0,-4.780145,-1.0631697,8.183796,-3.3514142,0.3003782,0.8156831,-10.534836,-12.883532,2.3407072e-06,9.629624e-05,0.99888474,9.768716e-06,0.00037652225,0.00063035433,7.415098e-09,7.0809464e-10,2,,,,0.014084049,-4.4558573,-0.8424972,8.807948,-2.9596615,0.53675663,0.9437739,-10.7792845,-13.694445,3.4244767e-06,0.00014959497,0.99888104,1.2712459e-05,0.00043154153,0.0005216766,7.734218e-09,1.1468779e-09,2,,,,0.0002211701,Test
411,0,2.9065192,2.3294163,-0.5874114,-2.5504422,-2.3765194,-2.860279,-4.4504075,-8.568995,0.62304294,0.3498528,0.018928805,0.002658212,0.0031631766,0.0019499768,0.00039759892,6.467931e-06,0,,,,1.134879,3.1264634,2.4104667,-0.75668824,-2.6009295,-2.3618522,-3.0580223,-4.594107,-8.472876,0.64407355,0.3296656,0.01696872,0.0025955595,0.004597895,0.0016424473,0.00040950626,4.6682348e-05,0,,,,0.035414666,Test
412,0,6.436624,1.035393,-2.1315114,-1.0457338,-3.3776648,-5.461164,-3.3419733,-11.146656,0.9946465,0.0044868756,0.00018904921,0.00055991486,5.437223e-05,6.7690085e-06,5.6347944e-05,2.2979842e-08,0,,,,0.052769855,6.0733905,1.3295401,-2.038054,-0.92066467,-3.4877944,-5.011588,-3.4452453,-10.795431,0.9881147,0.009891516,0.0004663656,0.0012213616,0.00015707599,2.587248e-05,0.00012292096,1.6258706e-07,0,,,,0.0017974657,Test
413,0,0.61275125,0.89691216,0.29307443,-2.3462954,-1.55179,-0.64782006,-3.9485893,-6.270214,0.28436017,0.37781423,0.20655462,0.014749293,0.03264529,0.080613844,0.0029710077,0.0002914976,1,,,,2.0885432,0.67457306,0.88768196,0.08189125,-2.347757,-1.6541067,-0.687132,-3.8045838,-6.4603004,0.31330344,0.38588992,0.17039171,0.014912334,0.031226974,0.080075756,0.003919165,0.00028072853,1,,,,0.049517978,Test
414,0,1.9567559,4.2004957,2.8149693,-4.082156,-2.2740726,-2.5100167,-9.508827,-15.689204,0.07802814,0.7356904,0.1840639,0.00018603088,0.0011345557,0.0008961004,8.181102e-07,1.6931996e-09,1,,,,1.0848451,2.332306,4.6855054,2.4892142,-3.9946167,-2.8486333,-2.573721,-9.582719,-15.85345,0.1334003,0.73066294,0.13293555,0.00027729257,0.0010955257,0.0016265905,1.7643667e-06,1.364932e-08,1,,,,0.05190893,Test
415,0,-4.2594757,-1.1091352,3.7686024,-2.208864,-0.96706617,3.2512002,-5.899611,-7.9276724,0.00020191677,0.004713548,0.61904526,0.001569429,0.005433099,0.36899245,3.9162544e-05,5.1534116e-06,2,,,,1.0541142,-4.413741,-1.0585167,4.031863,-2.3047209,-1.0137935,3.285973,-5.899346,-8.334843,0.00023434532,0.006010745,0.6551182,0.0015409717,0.004694692,0.33234397,4.7150257e-05,9.932215e-06,2,,,,0.04248833,Test
416,0,-0.947783,2.1852672,4.0530496,-3.5868669,-1.0174234,-0.5828636,-8.671148,-12.068163,0.0057167145,0.1311635,0.8491424,0.00040832596,0.0053321477,0.008234342,2.5289007e-06,8.4650026e-08,2,,,,0.7292317,-1.242224,2.1997886,4.410719,-3.566272,-0.80091363,-0.38438693,-9.148172,-12.341411,0.0051144175,0.14693283,0.83074,0.0008124128,0.00671704,0.009678694,4.0111418e-06,5.7655996e-07,2,,,,0.051622506,Test
417,0,17.036589,-3.119959,-6.4663534,4.215975,-8.947864,-12.370161,-3.2616265,-22.242496,0.99999726,1.7624687e-09,6.205848e-11,2.7044373e-06,5.189135e-12,1.6935954e-13,1.5296626e-09,8.735941e-18,0,,,,5.3989883e-05,17.789425,-3.5708778,-6.5300775,4.545048,-8.727392,-11.712457,-3.202124,-23.828514,0.999993,2.641853e-09,2.0304858e-10,7.010634e-06,3.2632105e-11,4.1685206e-12,9.432269e-09,2.0492728e-15,0,,,,2.9324249e-06,Test
418,0,4.078433,1.8728646,-1.089132,-1.8991593,-3.0222192,-3.4263906,-4.475574,-10.183094,0.8928654,0.09838296,0.00508793,0.002263344,0.0007362273,0.00049145357,0.00017211874,5.715885e-07,0,,,,0.5489855,4.377475,1.8643992,-1.3413104,-2.2573993,-2.9781263,-3.3964398,-4.928813,-10.753145,0.90090656,0.09260365,0.0037254118,0.0013671528,0.0007082463,0.0005221145,0.00016616123,7.188652e-07,0,,,,0.021416545,Test
419,1,10.0238695,-2.872193,-2.9665563,2.1819637,-5.215971,-8.013333,-3.171711,-13.671326,0.99960035,2.5069025e-06,2.2811616e-06,0.00039276254,2.4057348e-07,1.4667926e-08,1.8580553e-06,5.118401e-11,0,,,,0.0051506357,10.008493,-2.8939402,-2.6319041,2.4125009,-5.441646,-7.571841,-3.4354777,-14.336929,0.9990181,4.2741635e-06,6.409663e-06,0.0009669787,4.289419e-07,8.488433e-08,3.7307414e-06,1.3070778e-10,0,,,,0.0002831508,Test
420,0,11.995251,1.7578814,-4.630424,0.22719882,-6.544542,-9.73497,-4.247252,-18.31181,0.99995637,3.5805355e-05,6.019245e-08,7.747845e-06,8.876694e-09,3.653138e-10,8.829822e-08,6.883226e-14,0,,,,0.000727245,12.162226,1.8421564,-4.8438997,0.20407633,-6.6938295,-10.559309,-4.221462,-19.126972,0.9999362,5.3750664e-05,1.218809e-07,9.854787e-06,1.6450453e-08,3.3692629e-09,1.03353806e-07,1.12314075e-13,0,,,,1.4399671e-05,Test
421,0,-1.7406964,-0.21781196,1.1151533,-2.302703,-1.1697757,1.3882414,-3.7521012,-4.4133787,0.020675186,0.09480465,0.35952502,0.011786181,0.036592916,0.47242165,0.002766351,0.0014279672,5,,,,1.7667676,-1.8085451,-0.43888408,1.0416543,-2.304626,-1.286331,1.4575204,-3.7661788,-4.3330283,0.021927126,0.07926324,0.3398779,0.013272308,0.03310966,0.5078333,0.0030347616,0.0016816717,5,,,,0.027607443,Test
422,0,8.95515,-1.8812807,-3.5864367,1.490731,-4.5926943,-6.7931943,-1.5858921,-11.447795,0.9993761,1.9657442e-05,3.5726248e-06,0.0005727607,1.306096e-06,1.4464716e-07,2.6412703e-05,1.3767109e-09,0,,,,0.007870744,8.944258,-2.324121,-3.8146546,1.6987495,-4.68868,-7.3439965,-1.1188265,-10.538828,0.99846876,2.5680794e-05,9.80657e-06,0.0013973863,5.1858046e-06,4.3900286e-07,9.2607435e-05,1.1761367e-07,0,,,,0.0006118846,Test
423,0,-4.2376685,-1.2493107,4.413546,-2.7506142,-0.42597783,2.52499,-7.0287433,-7.0935826,0.00015031609,0.0029842325,0.8593701,0.0006650051,0.006798323,0.13001421,9.22268e-06,8.643661e-06,2,,,,0.6537779,-4.6218996,-1.3006818,4.4690695,-2.8719108,-0.5253615,2.7189054,-7.5308924,-7.736068,0.00015085176,0.0046837116,0.8208243,0.0008073868,0.007196048,0.16632086,7.946922e-06,8.798521e-06,2,,,,0.02614043,Test
424,0,-3.076969,0.3880935,5.6454206,-3.2305782,-0.47956318,0.8606157,-8.651084,-11.164187,0.00016032341,0.0051268935,0.9841979,0.00013749448,0.0021529591,0.008223716,6.084e-07,4.9290392e-08,2,,,,0.1414506,-3.5321033,0.13290937,5.9396544,-3.6292357,-0.3348898,1.150813,-9.371946,-11.060382,0.0001512463,0.0041149487,0.9825579,9.7152704e-05,0.0025891108,0.010489101,3.4608567e-07,2.0198657e-07,2,,,,0.0036266432,Test
425,1,-4.525246,-1.187949,7.245746,-3.0102901,0.52760965,0.63073164,-9.128889,-9.991934,7.703794e-06,0.00021680762,0.9971986,3.5046243e-05,0.0012054027,0.0013363411,7.715565e-08,3.2550087e-08,2,,,,0.031773563,-4.6152163,-1.0412672,6.8513465,-2.8822074,0.27793282,0.22135253,-8.580493,-9.243761,4.490919e-05,0.0007657909,0.9934888,0.00031002908,0.002301173,0.0030873916,1.417018e-06,5.571661e-07,2,,,,0.0021456368,Test
426,0,-1.0411023,1.5241812,4.088359,-3.7609344,-1.1259001,0.26329333,-9.065134,-12.656965,0.0053304676,0.06931925,0.900455,0.00035120224,0.004897089,0.01964523,1.7457121e-06,4.809064e-08,2,,,,0.59641564,-1.2355464,1.5032933,4.1954165,-3.9956203,-1.3025501,0.75172377,-9.549437,-13.548279,0.005261994,0.075714804,0.8730173,0.00028087664,0.004849025,0.040874537,1.3692475e-06,6.1890475e-08,2,,,,0.019817675,Test
427,0,-1.9042943,-0.5742656,2.7974365,-3.0441642,0.38915893,-2.056996,-4.8320904,-2.4773026,0.007897431,0.029861381,0.86980426,0.0025260777,0.078256406,0.0067790407,0.0004226297,0.0044527813,2,,,,0.7792601,-1.8893551,-0.63297606,2.6800678,-2.9776108,0.21393807,-2.2177982,-4.786461,-2.573,0.012826639,0.03964166,0.8524504,0.0034126937,0.07690059,0.007878261,0.00061096495,0.0062788725,2,,,,0.016860051,Test
428,0,7.384473,-0.14282215,-2.4710603,-0.52622426,-3.7817533,-7.197102,-3.1704202,-10.756721,0.99900275,0.0005376553,5.2403808e-05,0.00036643306,1.4129805e-05,4.6437512e-07,2.6039623e-05,1.3211329e-08,0,,,,0.012839346,7.15985,-0.48971787,-2.544345,-0.36134854,-3.2892826,-6.925775,-3.0293694,-10.049027,0.99819314,0.00066112145,0.00020267705,0.0007398327,0.00010189897,1.2753992e-05,8.7901644e-05,6.689337e-07,0,,,,0.00040065002,Test
429,0,-2.4184039,0.75698966,4.9767895,-3.241507,-0.5974749,0.83821386,-8.541557,-11.347047,0.0005932408,0.014199947,0.96587867,0.00026047253,0.0036647997,0.015401465,1.3001072e-06,7.862671e-08,2,,,,0.2674083,-2.6070154,0.6363108,5.332473,-3.5802503,-0.5036084,1.059047,-8.91013,-11.350904,0.0005387045,0.013139007,0.9587162,0.00018925671,0.0035350483,0.023879787,1.959236e-06,1.1502151e-07,2,,,,0.010328172,Test
430,0,-3.8371377,-0.98680776,3.6844606,-2.7027993,-0.33856493,2.61346,-6.402012,-6.7829366,0.00039444637,0.0068213525,0.7287467,0.0012263794,0.013043641,0.24971636,3.0344308e-05,2.0732112e-05,2,,,,0.98036575,-3.5188053,-0.85787153,3.5568738,-2.5561843,-0.48704323,2.434444,-6.1427336,-6.641684,0.0008837601,0.011491936,0.7222775,0.0018734585,0.014084777,0.24929091,5.628217e-05,4.142356e-05,2,,,,0.027324004,Test
431,0,-3.3404489,-1.4454951,3.991652,-2.122908,0.35275283,-0.6095417,-4.7723017,-2.9111812,0.00062620704,0.0041656797,0.95721364,0.0021158708,0.025156783,0.009610274,0.00014957944,0.00096193695,2,,,,0.328386,-3.4538314,-1.5931298,3.9440894,-2.2447312,0.25146264,-0.47828895,-4.941835,-3.098681,0.0007258047,0.004420427,0.953393,0.002534607,0.024921218,0.012721635,0.00020703387,0.0010762893,2,,,,0.004332732,Test
432,1,1.3014395,0.48608539,-0.028015729,-2.2113912,-1.7351314,-2.0913231,-3.1303077,-4.9797454,0.5457634,0.24149081,0.14442065,0.016270518,0.026196202,0.018346205,0.006491139,0.0010212224,0,,,,1.772494,1.369525,0.523603,0.10152054,-2.2265968,-1.7325239,-2.1635296,-2.916988,-4.926033,0.5344937,0.23822379,0.15780796,0.015568219,0.026859945,0.017368801,0.008007226,0.0016703613,0,,,,0.032436628,Test
433,0,1.8810993,3.044395,1.0258323,-3.4017923,-2.095428,-1.818768,-6.3598695,-11.107793,0.21392874,0.6846711,0.09095599,0.001086272,0.004011301,0.0052897744,5.639776e-05,4.889508e-07,1,,,,1.2481642,1.9765928,2.9706194,0.9444448,-3.6845322,-2.0832725,-2.236677,-6.6985855,-11.521219,0.24687092,0.63109905,0.11110075,0.00090466917,0.0055744094,0.004396379,5.3175638e-05,6.4576477e-07,1,,,,0.051341396,Test
434,0,1.5119754,1.4176141,0.26083052,-2.553805,-1.4194338,-1.9528012,-4.222867,-6.932261,0.43453154,0.39540368,0.124352925,0.00745204,0.023170019,0.0135921445,0.0014041418,9.34837e-05,0,,,,1.7031533,1.0675104,1.6657776,0.27485737,-2.798799,-1.4200104,-1.8575203,-4.308404,-6.65213,0.29852447,0.51001024,0.14020368,0.0059977276,0.02754261,0.016163135,0.0013894795,0.00016865651,1,,,,0.046615183,Test
435,0,0.31184304,1.1436077,1.7258545,-3.0583296,-0.8207046,-1.2591558,-5.94001,-7.4112506,0.12536685,0.28801394,0.51556104,0.0043105767,0.04039462,0.026055934,0.00024156692,5.547353e-05,2,,,,1.7472345,0.3419183,1.3818175,1.3817595,-3.3717072,-1.0203979,-1.5021319,-5.8567038,-7.231733,0.1523019,0.386631,0.39587337,0.0036963772,0.037604433,0.023343869,0.00043283,0.000116277915,2,,,,0.044260256,Test
436,0,1.0035136,0.6750174,1.0710113,-2.706904,-0.41020328,-2.8329208,-4.210071,-4.652697,0.3238293,0.23315895,0.3464416,0.0079232305,0.07876744,0.00698512,0.0017623217,0.0011320228,2,,,,1.9676756,0.93076736,0.8225605,1.0438514,-2.577513,-0.28774387,-2.7764711,-4.073517,-4.3634424,0.3042421,0.26178938,0.3279734,0.008715106,0.08510789,0.008558012,0.0021148338,0.0014992731,2,,,,0.053929247,Test
437,0,-1.4839936,1.5259877,3.9831786,-3.2408493,-1.1881889,0.6410363,-8.067573,-11.717104,0.0037317886,0.07570686,0.8836489,0.0006440571,0.0050162976,0.031246817,5.1606594e-06,1.341941e-07,2,,,,0.6711611,-2.1968203,0.883897,4.52322,-3.3501263,-1.0292437,0.93319046,-8.582533,-11.498058,0.0025801559,0.04036198,0.9141194,0.00053940155,0.006847748,0.035546158,4.7497897e-06,3.7433193e-07,2,,,,0.015859984,Test
438,0,-1.4437329,1.3892654,4.4340777,-3.3477883,-1.3383735,-0.267697,-8.633642,-13.106953,0.0026348704,0.044783164,0.94071895,0.00039249886,0.0029276295,0.008540929,1.9871059e-06,2.2671852e-08,2,,,,0.3939891,-1.2924987,1.3294845,4.6987424,-3.333938,-0.5057655,-0.4221622,-8.501306,-12.322942,0.004444835,0.069980115,0.9052327,0.0006120631,0.005754229,0.013969481,6.3238126e-06,1.4198862e-07,2,,,,0.026358996,Test
439,0,-3.8802893,-0.49010646,7.095566,-3.3895156,-0.109491974,1.5421937,-10.86074,-13.822599,1.702187e-05,0.0005050621,0.9948566,2.7806565e-05,0.00073899876,0.003854442,1.582835e-08,8.1868484e-10,2,,,,0.052220106,-3.043602,0.24792834,7.1183424,-3.3785965,0.20101503,1.7256237,-10.796975,-14.816958,7.147326e-05,0.002907793,0.98648804,5.211324e-05,0.0021219614,0.008358657,5.4691373e-08,6.682684e-10,2,,,,0.0040668054,Test
440,0,9.8390875,-0.6234787,-3.2005749,0.44362047,-5.106116,-8.3505535,-3.4760585,-14.035092,0.9998841,2.8583463e-05,2.1721823e-06,8.309029e-05,3.2309495e-07,1.2597646e-08,1.6491322e-06,4.2808014e-11,0,,,,0.0018046512,10.173848,-0.67040426,-3.0156932,0.4611711,-4.823398,-8.691086,-3.2300553,-15.085286,0.9997424,8.059811e-05,1.5804904e-05,0.00015185631,2.2007407e-06,5.0241898e-08,7.0700203e-06,4.1508405e-10,0,,,,0.00010930949,Test
441,0,-3.877306,-1.9815365,0.26527482,-0.63806534,-2.3286507,1.6878452,-1.1766984,-2.1459594,0.0026140786,0.017403673,0.16459575,0.066696495,0.012299606,0.68270504,0.038920425,0.014764982,5,,,,1.5391777,-3.8555512,-2.1466432,0.18293592,-0.6400681,-2.3897765,1.6138067,-1.0095694,-1.9954516,0.003589458,0.016478682,0.16313812,0.07183395,0.012674657,0.6588942,0.052060228,0.021330733,5,,,,0.026361968,Test
442,0,-0.04401636,0.9648382,0.80399495,-2.6338298,-1.2745574,-0.6575239,-4.414774,-5.4292235,0.14278984,0.39159516,0.3334141,0.010714098,0.041713838,0.077313334,0.001805101,0.00065453316,1,,,,2.0291574,0.17747684,0.8046541,0.8128708,-2.39353,-1.2838755,-0.84193504,-4.2037134,-5.2993236,0.18713813,0.3356417,0.34921986,0.014267892,0.04260014,0.067327864,0.0029673574,0.0008370223,2,,,,0.042642932,Test
443,0,12.584221,-4.5405593,-4.270681,4.2204785,-6.6379046,-9.348621,-2.6494572,-15.555385,0.99976665,3.653431e-08,4.7852826e-08,0.00023311557,4.485753e-09,2.98254e-10,2.421009e-07,6.0120534e-13,0,,,,0.0031572373,12.910008,-4.4752116,-3.61505,4.6963224,-6.515181,-9.075908,-3.149885,-15.943431,0.9991846,2.8822376e-07,1.2984002e-07,0.0008143425,9.3680725e-09,4.3195328e-10,5.832911e-07,2.1510723e-12,0,,,,0.0003966582,Test
444,1,0.32481056,-1.8758129,0.8202494,-1.1087427,-0.7713879,-3.326669,-1.9181069,-0.78316826,0.26406974,0.029241525,0.4333961,0.0629701,0.08823598,0.0068533244,0.028030572,0.08720262,2,,,,2.2400424,0.21496208,-2.0276856,0.88463545,-1.1365693,-0.7219782,-3.241771,-1.9667113,-0.49652973,0.23600635,0.025812987,0.43970722,0.060217578,0.088202804,0.007760753,0.02724486,0.11504741,2,,,,0.03474778,Test
445,0,-3.9881668,-1.5426326,2.4808018,-1.804838,-1.1511837,2.1721036,-3.9209871,-3.8705766,0.00086277915,0.009953629,0.5563357,0.0076578567,0.014722636,0.40857428,0.00092273165,0.00097043917,2,,,,1.2356693,-3.5903313,-1.4177045,2.4624047,-1.5796086,-0.8713991,2.0375342,-3.7059624,-3.4470382,0.0016745694,0.012608227,0.5613354,0.011457587,0.02107812,0.38706166,0.0015253314,0.0032590926,2,,,,0.036671128,Test
446,0,7.7736692,-1.7481444,-2.759733,1.1722567,-4.091475,-6.1308756,-2.1075253,-10.404166,0.9984849,7.3125775e-05,2.6591508e-05,0.0013563893,7.0206065e-06,9.134282e-07,5.104968e-05,1.2729399e-08,0,,,,0.017380692,7.1904,-1.4763765,-2.4334388,1.1265466,-3.9774213,-5.956839,-2.0982492,-9.431025,0.9966241,0.0003494282,9.018286e-05,0.0027567716,1.8697345e-05,4.417011e-06,0.00015622133,2.366022e-07,0,,,,0.0005580704,Test
447,0,-1.542508,1.0801898,3.4572194,-3.2935455,-0.65368176,0.5568378,-7.5781655,-9.9309845,0.005749941,0.07919296,0.85313416,0.0009981537,0.013985428,0.04692428,1.37534125e-05,1.3079598e-06,2,,,,0.8314672,-1.3601879,0.98459655,3.2840767,-2.8759153,-0.52025855,0.58505213,-6.8425736,-9.627501,0.009782927,0.10302345,0.8038584,0.0023526861,0.021606784,0.059299506,6.604662e-05,1.0228993e-05,2,,,,0.02582175,Test
448,0,-2.2948213,0.63472426,5.180622,-3.063374,-0.9773153,0.97498167,-8.875938,-12.440929,0.0005511439,0.010316929,0.97231907,0.00025555652,0.0020580243,0.014498479,7.640506e-07,2.1620522e-08,2,,,,0.22341217,-2.382244,0.68443394,5.5487447,-2.9836888,-0.9058512,0.91789895,-9.103028,-11.883399,0.00086924725,0.011995277,0.97153866,0.00030283106,0.0024868522,0.012806209,9.400439e-07,6.390997e-08,2,,,,0.0044821114,Test
449,0,0.7353871,3.2807086,1.5630522,-3.6714082,-2.1549048,-1.3569287,-6.900147,-10.493788,0.061625887,0.7855652,0.1409982,0.0007514779,0.003423933,0.0076046987,2.97641e-05,8.184546e-07,1,,,,1.0096176,0.7732494,3.3444562,1.7852558,-4.0417733,-1.9772078,-1.1844643,-7.1946397,-10.527072,0.056839406,0.7202447,0.20579281,0.00057261635,0.0052610543,0.011264577,2.3702032e-05,1.1841778e-06,1,,,,0.039359983,Test
450,0,-3.5601375,-1.0378888,3.32158,-2.654441,-0.4118022,2.080153,-5.687278,-5.8761168,0.0007720288,0.009616841,0.7521865,0.001909733,0.01798615,0.21736051,9.200858e-05,7.6175726e-05,2,,,,0.9838266,-3.31419,-0.8935499,3.2825673,-2.666099,-0.44250426,1.7955154,-5.326379,-5.443312,0.0013478503,0.013442968,0.7775489,0.0026519557,0.02011447,0.18450963,0.00023984937,0.00014440811,2,,,,0.016778648,Test
451,0,5.501212,0.30189624,-1.8595942,-0.7704844,-2.768623,-5.310567,-2.1246808,-8.192451,0.9912668,0.0054721283,0.000630134,0.0018725238,0.0002538906,1.998456e-05,0.0004834009,1.1197175e-06,0,,,,0.08601707,5.192651,0.08312559,-1.8192726,-0.91452944,-2.6885908,-5.0258975,-1.8903215,-7.65977,0.9858079,0.007959136,0.0014948603,0.0029346365,0.00063115533,6.637254e-05,0.0010978531,8.045588e-06,0,,,,0.0032251072,Test
452,0,-1.5970738,1.4260712,4.0661554,-3.2099857,-1.9920588,1.0064744,-8.23052,-12.589983,0.003086238,0.06344019,0.8890752,0.00061510684,0.0020791676,0.04169999,4.0603186e-06,5.1912156e-08,2,,,,0.64524543,-1.5720396,1.135556,4.2322145,-3.07356,-1.8589895,1.2047952,-8.624595,-12.732585,0.0040960163,0.07551839,0.8597066,0.0009609498,0.002273691,0.057436276,7.883235e-06,1.2732337e-07,2,,,,0.03461845,Test
453,0,0.53319466,2.1651473,2.0691335,-3.564252,-1.1443357,-1.2382411,-6.9138455,-9.6601515,0.08981745,0.459313,0.4172636,0.0014923211,0.016781026,0.015276923,5.2378404e-05,3.360833e-06,1,,,,1.5599277,0.2324593,1.8414946,2.2609694,-3.6652503,-0.8849576,-0.6335864,-7.2083197,-9.944775,0.065005936,0.35346505,0.51499444,0.0016389384,0.025858227,0.038974613,5.5484194e-05,7.348334e-06,2,,,,0.057530493,Test
454,0,10.043864,0.72216463,-3.5584967,-0.08410241,-5.058307,-7.9892144,-4.140982,-15.721198,0.9998684,8.945e-05,1.2374072e-06,3.9941347e-05,2.7615528e-07,1.4732487e-08,6.9110195e-07,6.461278e-12,0,,,,0.0020212699,9.935713,0.7848845,-3.9874694,-0.37836075,-5.277655,-7.790104,-4.560826,-15.501821,0.99959373,0.000269773,7.4131945e-06,0.00012362434,1.0085175e-06,2.8981327e-07,4.2168267e-06,1.1737192e-09,0,,,,0.00014635998,Test
455,1,13.595893,-0.21923274,-5.0183187,1.0750074,-6.8234367,-10.972119,-4.0000186,-19.015463,0.99999535,1.0003805e-06,8.240402e-09,3.6496103e-06,1.355175e-09,2.1391727e-11,2.2813447e-08,6.8717373e-15,0,,,,9.341295e-05,13.742874,-0.018155504,-4.7601852,0.96311396,-6.3077726,-10.824156,-4.1754327,-19.309961,0.9999859,5.1359907e-06,1.12256416e-07,8.35663e-06,3.2060278e-08,4.980554e-10,4.983028e-07,2.783991e-12,0,,,,5.033435e-06,Test
456,0,-2.6687698,0.31097955,4.2627697,-3.0730653,-1.4606003,1.8399631,-8.2782135,-11.699187,0.00087751827,0.01727209,0.89863956,0.00058569683,0.002937362,0.07968451,3.214443e-06,1.05049914e-07,2,,,,0.57047313,-2.1144874,0.22656426,4.113055,-2.811321,-1.5556014,1.5336453,-7.7644997,-11.602963,0.0034300755,0.028311318,0.8832973,0.0013978807,0.003560959,0.07998361,1.8172736e-05,6.741126e-07,2,,,,0.018125528,Test
457,0,6.268998,-0.3771732,-0.8578023,-0.43508667,-3.2225995,-6.391725,-3.9204488,-10.807431,0.99656737,0.0012945267,0.00080052804,0.001221686,7.522427e-05,3.162457e-06,3.7435693e-05,3.822149e-08,0,,,,0.039059255,6.5469728,-0.120830275,-0.65881175,-0.38891643,-3.099297,-6.453884,-4.4458237,-11.416236,0.9941906,0.0019278487,0.0019106471,0.001755277,0.00017165478,9.438783e-06,3.443598e-05,9.4598064e-08,0,,,,0.0014753543,Test
458,0,-2.407758,0.09213132,5.3238654,-2.9165149,-0.35466778,0.7136138,-8.708405,-11.878701,0.00043037525,0.0052424637,0.9809543,0.00025875994,0.0033534605,0.009759825,7.897891e-07,3.3164177e-08,2,,,,0.16759205,-2.7888138,0.011161181,5.693762,-3.1786575,-0.46620733,0.6874286,-9.162141,-11.783123,0.00040127948,0.004588117,0.9843777,0.00019188566,0.002419045,0.008021248,6.780469e-07,1.1054235e-07,2,,,,0.002206972,Test
459,0,-3.9474344,-1.4262402,2.8313642,-2.073197,-0.46694618,1.2701571,-4.3114862,-3.3432374,0.0008940858,0.011125507,0.78591216,0.005825728,0.029035952,0.16494928,0.00062126014,0.0016359824,2,,,,0.9965277,-3.7966733,-1.558289,2.781936,-1.9034617,-0.4560743,1.2571337,-4.095709,-3.3344674,0.0012487923,0.011477906,0.76772565,0.008031988,0.033140775,0.17479691,0.0013334414,0.0022444727,2,,,,0.01949785,Test
460,0,-3.457601,-0.39166245,6.1110525,-2.9343915,0.19504702,0.1118533,-8.200951,-9.451475,6.940899e-05,0.0014891404,0.99318224,0.00011712303,0.002677567,0.0024638243,6.045121e-07,1.7310478e-07,2,,,,0.07052049,-3.424109,-0.39615983,6.093908,-3.375548,0.06078728,0.13916197,-8.672899,-9.749861,0.00015534196,0.003740611,0.9867366,0.0001325025,0.005488407,0.0037428376,1.0567228e-06,2.7080107e-06,2,,,,0.0044062245,Test
461,0,-2.6183722,-0.5058474,2.263819,-1.9843943,-1.0162112,0.03964291,-3.685037,-3.6856968,0.0061352192,0.050732695,0.8093545,0.011565467,0.030453678,0.08753694,0.002111463,0.00211007,2,,,,1.0832014,-2.6259978,-0.48547062,2.4690347,-2.0258734,-1.0528127,0.12625852,-3.7975917,-3.8992698,0.007750149,0.049030356,0.82076055,0.010906845,0.026352406,0.08140551,0.0021744608,0.0016198311,2,,,,0.017113263,Test
462,0,-4.1703434,-0.16390158,7.517402,-3.8031487,-0.13182785,1.6510493,-11.196117,-14.004281,8.364364e-06,0.00045963022,0.99622285,1.207546e-05,0.00047461136,0.0028224858,7.433237e-09,4.48341e-10,2,,,,0.04001703,-3.8795972,0.07342504,7.962903,-3.6603825,0.12013797,1.4181912,-11.355429,-14.448039,2.8935658e-05,0.0008743539,0.99685633,1.9684374e-05,0.00057071674,0.0016499246,3.405457e-08,3.4119807e-09,2,,,,0.00071244803,Test
463,1,-3.0969868,-1.0313361,2.6183906,-2.1450343,-0.598297,0.74918103,-4.1934204,-3.5475743,0.002667157,0.021045016,0.80947864,0.006909972,0.032450072,0.12485847,0.00089099136,0.001699655,2,,,,0.9963973,-3.0162315,-1.270724,2.7593765,-2.1130078,-0.49541098,0.64670503,-4.2886057,-3.6250443,0.004554741,0.018108834,0.8223647,0.007421422,0.033086322,0.11092685,0.0013734498,0.0021636619,2,,,,0.020327546,Test
464,0,1.9156547,1.4981254,-0.32100147,-2.3439841,-1.9669445,-1.6559548,-3.4956765,-7.261181,0.545586,0.35936233,0.05827681,0.007707714,0.011237555,0.015336735,0.0024364188,5.6417513e-05,0,,,,1.4877448,1.8474973,1.2529972,-0.08732431,-2.0051959,-1.8575249,-1.3015056,-3.3370445,-6.9057627,0.5291302,0.30499026,0.10048057,0.013113156,0.016299834,0.03232041,0.0034086641,0.00025690324,0,,,,0.056557912,Test
465,0,11.879137,-1.5543555,-4.23501,1.827231,-5.973786,-9.48879,-2.6922674,-15.853183,0.9999548,1.4651721e-06,1.0039109e-07,4.3101583e-05,1.7642279e-08,5.2481636e-10,4.6956947e-07,9.036231e-13,0,,,,0.0007313063,11.600085,-1.9252794,-4.0682564,1.4423981,-5.9516096,-9.957487,-2.3354633,-15.016192,0.9998749,2.4505342e-05,5.131289e-07,9.743559e-05,7.2534e-08,4.9875686e-09,2.573647e-06,4.946409e-11,0,,,,4.4488283e-05,Test
466,0,-2.8668253,-1.2203207,2.3900883,-1.813703,-0.5418986,0.5398497,-3.7177062,-3.116335,0.00412302,0.021393571,0.79115945,0.011818999,0.04216172,0.12437,0.0017606881,0.0032125872,2,,,,1.1037048,-2.6865864,-1.3170602,2.409207,-1.8590578,-0.46261892,0.6230726,-3.823938,-3.3027625,0.005398725,0.018949928,0.7761325,0.011525808,0.045149423,0.13805377,0.0017073152,0.003082438,2,,,,0.018769035,Test
467,0,-3.4566987,-0.67277807,3.9689493,-2.6818917,-0.18926181,1.7967573,-6.656991,-7.228539,0.0005220916,0.008448661,0.87632364,0.0011330292,0.013701759,0.09983745,2.1275378e-05,1.2013151e-05,2,,,,0.65909535,-2.978129,-0.3619615,3.613971,-2.5222719,-0.20077011,1.8239472,-6.2270913,-7.568124,0.0016717298,0.02631117,0.8040991,0.0027490165,0.019720703,0.145288,0.00013267362,2.7672377e-05,2,,,,0.022514407,Test
468,0,-3.3339906,-1.8165734,0.9927977,-1.421262,-1.2629082,1.8530594,-2.5644438,-2.0751452,0.0035639678,0.016253227,0.26979506,0.024133544,0.028274395,0.63773596,0.0076938476,0.012549989,5,,,,1.4577925,-3.3393173,-1.7977833,1.0904262,-1.3372636,-1.1487272,1.844483,-2.6964004,-2.2509625,0.003671886,0.017421376,0.29096302,0.02739952,0.03104173,0.60931003,0.007701464,0.012490925,5,,,,0.027525231,Test
469,0,-3.0656521,-2.2792416,2.940756,-2.0513,0.19162731,-2.614482,-3.0881293,2.0206413,0.0016603265,0.0036452503,0.67412966,0.0045784777,0.043133225,0.0026069598,0.0016234233,0.2686227,2,,,,1.2063842,-3.2347248,-2.457704,3.2056427,-2.3712013,0.24238625,-2.5883224,-3.5320988,1.9548731,0.0016298715,0.0033058755,0.72275764,0.0038052984,0.039735943,0.002872667,0.0013134966,0.22457924,2,,,,0.03163477,Test
470,0,-4.839237,-2.000532,5.9909873,-2.3453515,0.38717476,0.9421441,-7.0658426,-6.801368,1.958256e-05,0.00033473707,0.98941016,0.00023711025,0.003644781,0.0063487985,2.1128437e-06,2.7524975e-06,2,,,,0.09817776,-5.3299747,-2.5334911,6.4847374,-2.5258217,0.34015644,0.89207476,-7.503104,-6.444642,1.3962551e-05,0.00017353617,0.9926872,0.00020251938,0.002281599,0.004633118,2.5041984e-06,5.599155e-06,2,,,,0.0010007949,Test
471,0,-4.7194815,-1.0577805,6.647247,-3.0932024,-0.22102325,2.354969,-9.397361,-11.128188,1.140056e-05,0.000443795,0.98499346,5.7970912e-05,0.0010246643,0.013468548,1.0601053e-07,1.8778472e-08,2,,,,0.121308185,-5.065554,-1.586375,6.146317,-2.8943872,-0.529507,2.410668,-8.571566,-10.09545,4.8745445e-05,0.0008528158,0.96798897,0.00019198009,0.0014283622,0.029487576,1.3914037e-06,2.0508018e-07,2,,,,0.004947729,Test
472,0,-3.2465093,-1.8291562,2.9775918,-2.2975268,0.005649226,-0.3412194,-4.1543717,-0.9912539,0.0017651124,0.0072831805,0.8909742,0.0045594256,0.045621224,0.03224956,0.00071202073,0.016835166,2,,,,0.7213388,-3.345388,-1.8341411,3.0518038,-2.1895094,0.06504033,-0.45955533,-4.0604734,-0.9814518,0.0017978977,0.0077334666,0.88328236,0.0059908303,0.04981386,0.031751715,0.0009524718,0.018677283,2,,,,0.015429271,Test
473,0,-3.486074,-1.721105,1.3391765,-1.2381638,-1.5917044,1.3770565,-2.4081962,-2.0144882,0.0035174275,0.020546673,0.4383337,0.033302754,0.023385111,0.45525625,0.010335741,0.0153223965,5,,,,1.6329437,-3.6840653,-1.7848221,1.4072137,-1.2499466,-1.595916,1.3182029,-2.5031924,-2.0275435,0.0030246547,0.019334959,0.4639743,0.032302417,0.023196619,0.43047327,0.0099388175,0.017754938,2,,,,0.03645063,Test
474,0,10.576646,-0.53625697,-4.180783,0.7051784,-5.2338715,-8.731295,-2.298562,-14.186656,0.9999304,1.49175485e-05,3.8985198e-07,5.1623312e-05,1.3600327e-07,4.117535e-09,2.5605782e-06,1.7595614e-11,0,,,,0.0011338821,10.25342,-0.35551047,-3.9113553,0.6989549,-5.2956142,-8.543409,-2.3224318,-14.760608,0.9998047,7.186405e-05,4.6650325e-06,0.000109059314,1.0764804e-06,6.368991e-08,8.634542e-06,3.506749e-10,0,,,,4.9573482e-05,Test
475,0,8.24371,1.923722,-3.1907148,-1.1892205,-4.247755,-7.1312523,-3.2104702,-13.136998,0.9980982,0.0017965431,1.0796074e-05,7.9892096e-05,3.7514496e-06,2.0985155e-07,1.0584887e-05,5.171902e-10,0,,,,0.020639325,7.8446302,1.5125816,-3.0854535,-0.9270927,-4.2927375,-6.6168137,-2.7338667,-12.735399,0.9950222,0.004485231,6.766456e-05,0.00033794082,1.5330108e-05,2.639456e-06,6.909025e-05,8.593467e-09,0,,,,0.0023756598,Test
476,0,-2.9316626,-0.14093308,3.8324409,-2.5431314,-0.8350596,1.62059,-6.55615,-8.685127,0.0010121755,0.016491273,0.87673545,0.0014927696,0.008237565,0.0960006,2.698739e-05,3.2103887e-06,2,,,,0.67020124,-2.9410973,-0.11511705,3.6757636,-2.5062718,-0.9912303,1.7424858,-6.5569677,-8.788326,0.0018237175,0.026090596,0.8204106,0.0023100744,0.009096895,0.1402016,6.148231e-05,5.032275e-06,2,,,,0.023203444,Test
477,0,-4.271619,-2.3611212,1.7491827,-1.4364592,-1.3160571,1.9731907,-2.9935403,-2.2506437,0.001017939,0.0068776538,0.41929787,0.017338678,0.019557167,0.5245756,0.0036541314,0.0076810406,5,,,,1.3695478,-4.3725305,-2.4292676,1.6348175,-1.389727,-1.5730754,2.371245,-3.1963198,-2.659843,0.00093297136,0.005386186,0.31954807,0.015846495,0.013713388,0.6366466,0.0027316667,0.0051946454,5,,,,0.031772595,Test
478,0,-3.3887596,-1.7384814,2.083727,-2.0397,-0.16642828,0.5356804,-3.6058857,-0.81136024,0.0029603967,0.015419014,0.7047265,0.011408777,0.0742661,0.14986926,0.002382612,0.03896729,2,,,,1.4392452,-3.373153,-1.8252712,1.9467138,-2.0070548,-0.25117227,0.5325872,-3.5999012,-0.9153029,0.0036446254,0.0185508,0.6648167,0.015728246,0.07513447,0.17438737,0.003543979,0.044193797,2,,,,0.02840472,Test
479,0,-3.6610231,-2.029696,1.9175396,-1.5970249,-0.85943395,0.43557838,-2.8040707,-0.6849412,0.0026507473,0.013547049,0.7016287,0.020881005,0.043659933,0.15940419,0.006245082,0.05198335,2,,,,1.4690173,-3.6611824,-2.0415473,2.022122,-1.6459129,-0.69701916,0.28451875,-3.0392938,-0.3300497,0.002647879,0.013148533,0.7073356,0.018819345,0.048271663,0.12918423,0.0049084993,0.07568426,2,,,,0.02209028,Test
480,0,1.3535641,-0.21563146,0.08276804,-1.8081695,-1.1985996,-2.5723798,-2.642966,-4.033735,0.6054137,0.12605475,0.16988401,0.025640635,0.047169544,0.011940884,0.011127081,0.0027693508,0,,,,1.7647872,1.283614,-0.2690624,0.2162195,-1.8721144,-1.2846959,-2.8391173,-2.6207023,-3.8426661,0.57305175,0.12917438,0.20137593,0.025320526,0.044640537,0.009867537,0.012130219,0.0044391532,0,,,,0.030125571,Test
481,0,9.65461,2.0219007,-3.3910303,-1.1346557,-5.2011247,-9.028145,-4.5715103,-15.489406,0.99949205,0.00048410095,2.1583899e-06,2.0609185e-05,3.5319624e-07,7.690634e-09,6.6290903e-07,1.2019097e-11,0,,,,0.0064464803,9.363847,1.8753335,-3.5835977,-1.056334,-4.8312745,-8.920015,-4.2785926,-15.75871,0.9971591,0.0027865511,4.2239553e-06,4.6080204e-05,1.0195876e-06,3.406103e-08,3.106389e-06,1.3638218e-10,0,,,,0.00079131825,Test
482,0,-0.010686664,2.8756292,3.075492,-3.6872203,-1.3697416,-0.86430484,-8.2290745,-12.318033,0.024079701,0.43168017,0.527183,0.0006094705,0.006186159,0.010254853,6.4930778e-06,1.08802375e-07,2,,,,1.2593231,-0.15468574,2.4224632,2.9706545,-3.6121662,-1.2991259,-0.8893913,-8.018881,-11.585438,0.034562342,0.3438713,0.591772,0.0011162563,0.013597159,0.015062782,1.7256349e-05,8.5156336e-07,2,,,,0.054661192,Test
483,0,-1.8688717,-2.6674833,2.7279677,-2.0911386,0.34065408,-4.013425,-2.8431249,2.2884984,0.0057165637,0.0025721863,0.5669138,0.004577263,0.052085865,0.00066952594,0.0021578548,0.36530694,2,,,,1.3434148,-2.1620605,-2.7112439,2.785591,-2.2053485,0.18339957,-4.1313424,-3.045087,2.5637693,0.0041804602,0.0024211933,0.5231172,0.004036405,0.039287664,0.0006231676,0.0018292902,0.42450467,2,,,,0.03332726,Test
484,0,11.569068,1.637194,-4.3269734,0.03790871,-6.374867,-8.549344,-4.541252,-18.24851,0.99994135,4.8597765e-05,1.2485653e-07,9.818737e-06,1.6107286e-08,1.8308772e-09,1.0077458e-07,1.1229624e-13,0,,,,0.00094997877,11.686232,1.3252534,-3.956714,0.16418909,-6.6320405,-8.267124,-4.5522795,-18.597614,0.9998603,0.00011964914,4.4363168e-07,1.9346087e-05,2.978446e-08,8.224189e-09,3.2098606e-07,1.1429393e-12,0,,,,6.6441455e-05,Test
485,1,-4.918994,-0.8084899,8.016872,-3.2996228,0.30699667,1.2950761,-10.4724245,-12.829146,2.4056776e-06,0.00014669208,0.99818903,1.2148467e-05,0.00044756525,0.0012021922,9.319949e-09,8.8287955e-10,2,,,,0.02136281,-4.9185038,-0.6404993,8.305204,-3.4311967,0.32346037,1.5440674,-10.901599,-13.341257,4.596762e-06,0.00035406114,0.9973148,1.8141869e-05,0.0005114806,0.0017968372,5.046649e-08,1.3609702e-09,2,,,,0.00072394236,Test
486,0,-4.0865335,-2.2719862,1.9268084,-1.2048985,-1.3900472,0.71016127,-2.2546642,-0.97630936,0.0016710177,0.010257205,0.6831912,0.029816682,0.024777086,0.20237605,0.010436423,0.037474364,2,,,,1.4546815,-4.1570835,-2.2327297,2.0255685,-1.3131648,-1.1898259,0.5251075,-2.237946,-0.8081085,0.0017433288,0.012465618,0.7022482,0.027534196,0.029397946,0.17004111,0.012058122,0.044511393,2,,,,0.029419929,Test
487,0,-3.705063,-0.024233466,5.8412814,-3.139773,0.22953665,0.95385593,-8.806529,-10.182564,7.045944e-05,0.0027957822,0.9859708,0.00012400573,0.0036034144,0.00743502,4.2894442e-07,1.0834186e-07,2,,,,0.1282284,-2.98214,0.07255037,5.4193172,-2.567933,0.25419837,0.96474046,-8.374189,-10.883812,0.00042289813,0.00649845,0.9644748,0.0005153772,0.008714,0.01937079,2.8492655e-06,7.859777e-07,2,,,,0.007322651,Test
488,0,-4.0164294,-0.42603627,4.9927588,-3.1971543,-0.7921536,2.5332372,-8.588634,-10.111079,0.000111837406,0.0040539163,0.91459244,0.00025374276,0.0028110736,0.07817556,1.1558564e-06,2.5218202e-07,2,,,,0.4658254,-4.700707,-0.6680992,5.142099,-3.632077,-0.9883312,2.6836972,-8.633769,-10.293376,9.3966766e-05,0.0037116918,0.89228916,0.0002320606,0.0024671122,0.10120194,2.8855175e-06,1.1383992e-06,2,,,,0.020847058,Test
489,0,-5.458846,-2.4221153,5.9004602,-2.0620258,0.23667628,1.4036809,-6.3396044,-6.12717,1.1485564e-05,0.00023932481,0.9850004,0.00034306195,0.0034173245,0.010977663,4.760405e-06,5.8871233e-06,2,,,,0.1281333,-4.856476,-2.2104115,5.6477675,-1.9296478,0.26136518,1.4244883,-5.976401,-6.064858,8.160681e-05,0.0009478458,0.97252643,0.0010819649,0.0070044203,0.01830495,3.6020396e-05,1.6777329e-05,2,,,,0.005275619,Test
490,0,-3.0781403,-0.25700313,3.9636836,-2.33246,-0.54847,0.70211154,-5.781445,-7.176681,0.000819783,0.013769023,0.9373983,0.0017280001,0.010287758,0.03592869,5.4912165e-05,1.3605838e-05,2,,,,0.43815365,-3.0830262,-0.40455323,3.9883378,-2.322329,-0.3857875,0.842543,-6.0039845,-7.0477204,0.0012579452,0.017042516,0.91688716,0.0025256027,0.013499675,0.04867993,7.957871e-05,2.7528906e-05,2,,,,0.014898989,Test
491,0,0.9395039,1.630222,0.82312816,-2.9148605,-1.3480463,-1.0500445,-5.3010435,-7.8299985,0.24114685,0.48112354,0.21465461,0.0051091933,0.024479987,0.03297856,0.0004699442,3.7474434e-05,1,,,,1.8171827,0.8543922,1.4072889,0.7998252,-2.9738846,-1.3999193,-1.1520994,-5.155299,-7.6487694,0.25906414,0.43236428,0.23942217,0.005914737,0.02591237,0.03638758,0.0008737943,6.0893384e-05,1,,,,0.043511786,Test
492,0,13.268072,-3.2015493,-4.5158873,3.1929946,-6.7988915,-10.1637,-3.2574105,-17.198534,0.9999577,7.0358375e-08,1.890195e-08,4.211446e-05,1.9275703e-09,6.663344e-11,6.653588e-08,5.8681704e-14,0,,,,0.0006769151,12.845144,-3.1138587,-3.9959145,2.9939158,-6.3285227,-9.830056,-3.5463548,-16.729748,0.9998835,5.4819674e-07,1.5298903e-07,0.000115657225,2.0349717e-08,4.694938e-10,1.3309442e-07,9.501819e-13,0,,,,3.12468e-05,Test
493,1,6.2467294,3.2715993,-1.5777047,-2.2942514,-3.3841248,-6.5383673,-4.9936075,-12.292359,0.95082563,0.048530895,0.0003801826,0.00018569484,6.2441635e-05,2.6644266e-06,1.2487755e-05,8.4464995e-09,0,,,,0.2887511,6.092481,3.1908376,-1.6268419,-2.2406921,-3.4622264,-6.608907,-5.0532575,-11.848442,0.9161707,0.08233889,0.0008508656,0.0003729681,0.00020932376,8.977971e-06,4.8195994e-05,1.5421287e-07,0,,,,0.022928905,Test
494,0,-2.6518834,-2.6559825,3.154379,-2.273693,0.38850605,-3.447838,-3.3036122,2.5098612,0.0018790488,0.0018713616,0.6245477,0.0027427354,0.03929726,0.0008477335,0.0009792548,0.3278349,2,,,,1.2108631,-2.9040709,-2.793214,3.425983,-2.2407062,0.50182396,-3.582275,-3.4353802,2.6541333,0.0018844623,0.0019086789,0.6481774,0.002727388,0.03744375,0.00074306276,0.0010155003,0.30609974,2,,,,0.020499498,Test
495,0,-1.3057632,1.105586,3.2956076,-3.4141016,-0.9861058,0.42651227,-7.5072136,-10.125069,0.008408764,0.093749255,0.8376876,0.0010211568,0.0115759745,0.047538977,1.704027e-05,1.2432442e-06,2,,,,0.88599664,-1.2351501,1.0546825,3.744456,-3.4964824,-1.1296371,0.7197718,-7.9761963,-10.642508,0.013477949,0.08262582,0.8420246,0.0010239811,0.009417124,0.051413693,1.4923329e-05,1.9893203e-06,2,,,,0.029964285,Test
496,0,2.5206263,3.8813314,0.7873734,-3.56885,-2.6314225,-2.21595,-7.078741,-13.173357,0.19636562,0.7656181,0.03469951,0.00044508142,0.0011364729,0.0017218547,1.3308012e-05,3.0009275e-08,1,,,,0.9564907,1.8899593,3.6376643,0.85476005,-3.6695704,-2.5391328,-2.007816,-7.168008,-12.849205,0.18249501,0.74762946,0.062036764,0.000792291,0.0019665256,0.005060098,1.9807996e-05,8.439382e-08,1,,,,0.04840438,Test
497,0,1.0724306,3.115225,2.6784158,-3.8049297,-1.5404649,-1.8047781,-8.161203,-12.692097,0.07229494,0.55754805,0.3602288,0.00055067753,0.0053008036,0.004069604,7.0630413e-06,7.607637e-08,1,,,,1.3530093,1.2790692,3.4852588,2.8411505,-3.7129989,-1.5452386,-2.0350127,-8.56675,-13.315735,0.08367274,0.5586881,0.34823835,0.00058704946,0.0053732707,0.00343486,5.4928564e-06,1.3302498e-07,1,,,,0.056343406,Test
498,0,5.50209,-2.4076784,-1.2188476,0.41485077,-3.1826954,-5.8381314,-2.982724,-7.722494,0.9919286,0.00036417635,0.001195678,0.0061252024,0.00016777444,1.1789213e-05,0.00020491447,1.7910854e-06,0,,,,0.07723359,5.5885596,-2.7525496,-1.0538595,0.27156937,-2.8035474,-5.982518,-3.0902421,-7.6473227,0.9888102,0.0005231411,0.0029741144,0.0067863665,0.00055247935,5.8662372e-05,0.00029186223,3.2301773e-06,0,,,,0.0028387068,Test
499,0,7.361193,3.6113088,-2.6014357,-2.2132118,-4.40712,-6.254619,-4.5464926,-14.041057,0.9768937,0.022976996,4.6039688e-05,6.787911e-05,7.567174e-06,1.1928207e-06,6.5827126e-06,4.954138e-10,0,,,,0.1598949,7.6816773,3.9448102,-2.9550765,-2.0110557,-5.022902,-6.116263,-4.638319,-14.516599,0.9547445,0.045105584,4.088263e-05,9.087398e-05,5.257193e-06,1.8365972e-06,1.1062073e-05,7.793094e-10,0,,,,0.016711345,Test
500,0,10.22681,1.1349373,-3.6632996,-0.39267293,-4.9683313,-9.040722,-3.7302632,-15.090413,0.999861,0.00011256134,9.2798615e-07,2.4431874e-05,2.5163635e-07,4.287031e-09,8.678801e-07,1.011136e-11,0,,,,0.0020930106,9.817912,0.88964874,-3.5656905,-0.52408487,-4.546291,-8.857,-3.3223972,-14.887819,0.9989449,0.00092576724,1.1625947e-05,0.000109174674,2.4764454e-06,8.3752575e-08,6.1246647e-06,7.6234274e-10,0,,,,0.0005186728,Test
501,0,-3.7270973,-0.98653626,3.2000716,-2.4578722,-0.5054269,2.3350441,-5.365847,-5.695005,0.0006691852,0.010369477,0.68230337,0.002381024,0.016776448,0.287277,0.00012997093,9.3517905e-05,2,,,,1.0912745,-4.208246,-0.9801277,3.3173032,-2.6061146,-0.66277826,2.3681026,-5.693041,-5.778991,0.00058786233,0.011961504,0.6914484,0.002175854,0.016804554,0.27678043,0.00012932495,0.00011211461,2,,,,0.024446338,Test
502,1,8.615397,2.806409,-3.2261293,-1.5153421,-4.6234336,-7.1105146,-4.172077,-14.626786,0.99695706,0.0029913331,7.177391e-06,3.9714796e-05,1.7747018e-06,1.4757053e-07,2.787063e-06,8.0301626e-11,0,,,,0.03025762,8.538641,2.8017592,-3.426679,-1.3343382,-5.451747,-6.9704003,-4.110357,-14.942888,0.9938486,0.006054993,1.2272004e-05,7.7578865e-05,1.3182586e-06,3.5504576e-07,4.864962e-06,6.86935e-10,0,,,,0.0019177701,Test
503,0,-5.037787,-0.89332145,7.745872,-3.3672621,0.19386767,1.6142422,-10.458496,-12.045468,2.7981623e-06,0.00017651897,0.9971155,1.4872108e-05,0.00052354217,0.002166768,1.2379088e-08,2.5320706e-09,2,,,,0.031529512,-4.4293165,-0.92212737,7.75162,-3.3698344,0.17015795,1.2456315,-10.32661,-12.557937,0.000109192064,0.0004088919,0.9963112,4.118074e-05,0.00096011173,0.0021692165,2.1191791e-07,1.243348e-08,2,,,,0.0007734302,Test
504,0,-4.1305795,-1.9445246,1.8392097,-1.675062,-1.0539331,2.942268,-3.5954034,-3.4484918,0.0006181048,0.0055011516,0.24194051,0.007202445,0.013403945,0.7290557,0.001055568,0.0012226133,5,,,,1.0324931,-4.048858,-1.9912157,1.9011313,-1.627868,-1.0167902,2.916676,-3.8536103,-3.6492805,0.00087478495,0.0061197174,0.26234317,0.008143093,0.016438693,0.7036836,0.0010906252,0.0013063455,5,,,,0.021621577,Test
505,0,-3.5243163,-2.5065763,2.0489793,-1.4879062,-0.7589022,-0.8473938,-2.5059452,1.0865139,0.002448025,0.0067735263,0.64456594,0.018759338,0.03888839,0.03559496,0.0067778,0.24619201,2,,,,1.4861814,-3.5888565,-2.4184742,2.1406612,-1.4920008,-0.5285732,-0.691506,-2.719563,1.0169104,0.0024278676,0.007988279,0.64985657,0.018096598,0.046183497,0.043137085,0.005384832,0.22692525,2,,,,0.028231412,Test
506,0,-3.8938031,-0.40648058,6.6798863,-3.199698,-0.36727053,1.2345648,-9.591724,-12.823831,2.5425175e-05,0.0008313594,0.99393725,5.0899092e-05,0.00086460484,0.0042902823,8.524883e-08,3.365132e-09,2,,,,0.060882494,-3.8686295,-0.6504021,6.6170936,-3.0591898,-0.30168518,1.1429437,-9.721227,-12.716368,6.313935e-05,0.0011837652,0.99123496,0.00013899515,0.0022713542,0.0051070927,5.6691994e-07,1.7536783e-07,2,,,,0.0017095376,Test
507,0,-2.0176282,0.57635504,3.4985287,-3.0717661,-0.5334945,0.4510199,-6.824251,-8.16119,0.003576065,0.047858387,0.8892871,0.0012462329,0.015774533,0.042220734,2.9235853e-05,7.678751e-06,2,,,,0.6892656,-2.1393359,0.58517915,3.5648499,-3.1206322,-0.5108279,0.8386189,-6.8294134,-7.9007454,0.0049184547,0.054852795,0.8513918,0.0014579432,0.017242704,0.07007442,4.5467074e-05,1.6539367e-05,2,,,,0.021251563,Test
508,1,-5.5017104,-1.5543272,8.184801,-3.1681411,0.36514947,1.4393842,-10.109834,-11.741099,1.1358146e-06,5.8834827e-05,0.9983529,1.17155805e-05,0.00040109988,0.0011743212,1.1324648e-08,2.2160311e-09,2,,,,0.019372541,-5.002208,-1.3298143,7.927207,-3.0970016,-0.12833428,1.2836171,-10.0525,-12.752325,1.068244e-05,0.0001982949,0.99710786,4.1778258e-05,0.00048295656,0.0021582406,1.073564e-07,6.2785035e-09,2,,,,0.0007455374,Test
509,0,-1.5385454,1.6530657,4.6082516,-3.547454,-1.3875538,0.58200777,-9.393325,-13.697179,0.0019913202,0.048444025,0.9303817,0.0002671058,0.0023158798,0.016599147,7.724205e-07,1.0440308e-08,2,,,,0.44791192,-1.92803,1.2546427,4.4590735,-3.5653586,-1.0115973,0.21500854,-8.940085,-12.953496,0.002869843,0.06446067,0.9085164,0.00043659448,0.0057830717,0.017929874,3.3707263e-06,8.663332e-08,2,,,,0.019954626,Test
510,0,-3.107483,-0.1403923,5.6863146,-3.022331,-0.14527614,0.27701765,-8.28333,-10.091525,0.0001500691,0.0029166366,0.98943895,0.00016340757,0.0029024275,0.0044275266,8.4810466e-07,1.3904658e-07,2,,,,0.10278329,-2.6802423,-0.24827585,5.4693375,-3.2308464,-0.35279047,-0.16800693,-8.3059025,-10.522505,0.00044473898,0.004375361,0.98611116,0.00022788017,0.0037023642,0.005135703,2.3973646e-06,3.578034e-07,2,,,,0.0026363523,Test
511,0,2.5013502,4.115362,-0.046477452,-3.295469,-3.03932,-1.689166,-6.409398,-12.633607,0.16330771,0.82028204,0.012779071,0.00049599813,0.00064080255,0.0024722286,2.2035247e-05,4.3649365e-08,1,,,,0.7757593,2.6651726,4.5203395,-0.0899155,-3.4275062,-2.8587396,-1.6027972,-6.6233993,-13.652809,0.15446839,0.8299368,0.01151588,0.00048104892,0.0008604078,0.0027174302,2.0056288e-05,3.1136384e-08,1,,,,0.027738012,Test
512,0,-2.744174,-1.4981289,2.378537,-2.0037723,-0.29060367,-1.0713199,-3.1198647,-0.31899744,0.004918568,0.01709973,0.82528484,0.010313149,0.05720195,0.026202945,0.0033781459,0.055600617,2,,,,1.0680904,-2.627189,-1.5191256,2.4585967,-2.0102103,-0.24480137,-1.0638719,-3.2857888,-0.429424,0.005977844,0.017176617,0.82879573,0.01110181,0.057543017,0.027351778,0.0031794547,0.048873805,2,,,,0.014336711,Test
513,0,1.1186004,2.2069392,0.87051916,-2.8732283,-1.307478,-1.188275,-5.5648165,-8.883519,0.20172061,0.59897655,0.1574019,0.0037249546,0.017828625,0.020085705,0.00025245224,9.1387155e-06,1,,,,1.5786942,1.1812729,2.312759,1.0745643,-2.8296611,-1.1327134,-1.0224212,-5.755321,-9.191347,0.20060138,0.5667208,0.18224904,0.0038344953,0.022024076,0.024248587,0.00031501424,6.686091e-06,1,,,,0.041445408,Test
514,0,-3.2509592,-0.9156197,3.5446908,-2.2804525,-0.58743477,1.5277202,-5.3344355,-6.207279,0.00096025254,0.009922259,0.85841787,0.0025343767,0.013776513,0.11421931,0.00011954822,4.9942682e-05,2,,,,0.7315345,-3.258522,-0.7814895,3.4303226,-2.192015,-0.4594851,1.6227496,-5.238552,-6.0542974,0.0014448289,0.01588493,0.8051177,0.0036143023,0.017755179,0.15581112,0.00027404618,9.787143e-05,2,,,,0.024965886,Test
515,0,-2.4191358,0.63333374,5.011256,-3.5110524,-0.4090967,0.07127072,-8.563266,-10.297936,0.0005785348,0.012246168,0.97568095,0.00019414058,0.0043179584,0.006980708,1.2415603e-06,2.1908363e-07,2,,,,0.20500018,-2.2456768,0.655034,4.8616295,-3.5322533,-0.0027579726,-0.13112834,-8.402746,-10.237613,0.0014517192,0.020269575,0.95984954,0.00038620314,0.010283471,0.0077534206,5.216726e-06,8.598345e-07,2,,,,0.0075108185,Test
516,0,0.02738856,0.6691154,2.4177048,-3.2809854,-0.689072,-1.6225959,-7.0548983,-8.127503,0.06879975,0.13070291,0.7510831,0.0025163912,0.033607174,0.013213187,5.7781504e-05,1.9767982e-05,2,,,,1.2293622,-0.4388464,0.42735702,2.7172828,-3.1532607,-0.7286348,-1.2986606,-6.9372473,-7.9704323,0.046393357,0.09646843,0.8077768,0.0031146915,0.029484782,0.016583553,0.0001466999,3.1609823e-05,2,,,,0.025078917,Test
517,0,-4.061529,-1.1070452,5.224046,-3.025418,0.28782237,1.4987453,-7.648843,-7.5113225,8.975233e-05,0.0017225111,0.967654,0.0002529434,0.006949367,0.023326121,2.48368e-06,2.849835e-06,2,,,,0.24233648,-4.2136207,-0.8897975,4.9700537,-2.663713,0.34733468,1.9213717,-7.254756,-7.5361633,0.00016594147,0.0041810917,0.9250547,0.00065700774,0.012715315,0.057208,9.109155e-06,8.803095e-06,2,,,,0.013255087,Test
518,0,6.433441,0.17579526,-2.1912773,-0.7271426,-3.313352,-5.709117,-2.6356738,-9.868481,0.99695826,0.0019099228,0.00017906439,0.000774239,5.8303984e-05,5.311669e-06,0.00011481814,8.295494e-08,0,,,,0.034281045,6.4342947,0.32632065,-2.0601141,-0.88065135,-3.4038582,-6.089834,-2.5915637,-9.864378,0.9930199,0.0046366104,0.000284756,0.0016785357,7.1451446e-05,3.5199962e-05,0.00027301136,4.9651845e-07,0,,,,0.0026664345,Test
519,0,-3.3620036,-1.3867512,3.423107,-2.687674,0.29246563,-0.6917051,-5.2612195,-1.6299934,0.0010486116,0.0075588506,0.92757857,0.002058128,0.040525697,0.015146441,0.00015696244,0.0059267553,2,,,,0.5074453,-3.6327596,-1.596715,3.5125737,-2.7096689,0.37542713,-0.6081869,-5.5850363,-1.6277214,0.0010167402,0.0061900765,0.9210901,0.0024313235,0.042271234,0.019600302,0.00014872718,0.007251486,2,,,,0.009197625,Test
520,0,-0.29103243,1.7052758,3.5131161,-3.5654821,-0.9299691,-1.5389489,-8.04945,-11.387245,0.018483577,0.13607293,0.8296727,0.00069937605,0.00975662,0.0053066798,7.89493e-06,2.803898e-07,2,,,,0.83422655,0.31659,2.3287797,3.1923776,-3.3679118,-1.04333,-1.6617397,-7.7348223,-11.556181,0.052928776,0.31171823,0.61707234,0.0011441655,0.0100315735,0.007084146,2.0380558e-05,3.9739726e-07,2,,,,0.056825727,Test
521,0,-3.5882702,-1.1810932,3.6612077,-2.479423,0.27696714,0.9453965,-5.51641,-4.058971,0.0006393505,0.0070984364,0.8998026,0.0019377834,0.03050635,0.059523087,9.297333e-05,0.0003993156,2,,,,0.6136029,-3.8589923,-1.2643203,3.8861861,-2.7698724,0.3104881,0.94805634,-5.802863,-4.233836,0.00058454054,0.007158066,0.9052318,0.0015318869,0.028012255,0.05703316,0.00011374442,0.0003345983,2,,,,0.012813535,Test
522,0,8.269798,1.4595176,-2.9287686,-1.0389837,-4.5932355,-7.0199223,-4.0732417,-13.5325,0.9987876,0.0011010467,1.36772105e-05,9.0515015e-05,2.5889804e-06,2.2868194e-07,4.3547057e-06,3.3951172e-10,0,,,,0.014135292,8.059287,1.1768503,-2.689121,-1.0151715,-4.4109807,-6.634332,-3.6866326,-12.842685,0.99792033,0.0015916794,0.00011136674,0.0002450813,8.993037e-05,1.319015e-06,4.028433e-05,3.304079e-08,0,,,,0.00064770767,Test
523,0,-2.4035416,-1.3806424,2.0406017,-2.017472,-0.07902382,-0.8476219,-3.2251372,-0.24645178,0.008739256,0.024306023,0.74394596,0.012857078,0.08933049,0.041419208,0.003842908,0.07555907,2,,,,1.4022646,-2.467608,-1.5192497,2.1701012,-2.1642923,0.036064427,-0.8098717,-3.4329803,-0.2168572,0.008910585,0.020579327,0.7524651,0.0110529205,0.09069997,0.041743733,0.003374237,0.07117411,2,,,,0.018145971,Test
524,0,-3.072902,0.32991466,5.6288137,-3.1927476,-0.24269558,0.5061907,-8.496538,-10.920375,0.00016398956,0.004927658,0.98610514,0.00014546805,0.002779451,0.00587755,7.233706e-07,6.4076964e-08,2,,,,0.12876506,-2.7318568,0.40722078,5.267759,-2.9121337,0.18823116,0.6142941,-8.102159,-10.134619,0.0009370533,0.009332054,0.970321,0.00043533804,0.008248122,0.010722312,3.7057634e-06,4.6753357e-07,2,,,,0.0043550595,Test
525,0,-2.464616,-0.47526488,1.8261046,-2.4453316,-0.9147582,1.4924464,-4.256974,-4.4425917,0.007159808,0.052343864,0.5228027,0.0072992234,0.03372844,0.37448284,0.0011925874,0.0009905528,2,,,,1.5318116,-2.4157345,-0.53229976,1.7440351,-2.5603986,-0.91819704,1.3928883,-4.2404613,-4.821246,0.01134787,0.058455985,0.5149173,0.0081233885,0.038395572,0.36599606,0.0017672101,0.0009966288,2,,,,0.032235116,Test
526,0,-1.9022048,1.4282117,4.7943096,-3.8627164,-0.6777657,0.22504482,-9.237624,-12.002156,0.0011758284,0.03286437,0.9519257,0.00016554052,0.0040004686,0.009867259,7.666756e-07,4.8304788e-08,2,,,,0.34074807,-2.0671926,0.8967533,5.1982927,-3.9514694,-0.5417393,0.4557305,-9.610999,-12.224879,0.0015854149,0.017083025,0.9639999,0.00014868064,0.004043621,0.013138311,8.706751e-07,1.01583716e-07,2,,,,0.007652751,Test
527,0,-0.62961566,2.1650248,3.2100174,-3.4829104,-1.3177773,-0.2511607,-7.901964,-11.53599,0.015177723,0.24825814,0.70589167,0.0008750572,0.007626789,0.022159886,1.05406125e-05,2.7837396e-07,2,,,,1.1299305,-0.68726194,2.0593143,3.2475789,-3.5300393,-1.4138998,-0.21930794,-7.8686113,-11.269224,0.015729351,0.23017564,0.7167142,0.0011338277,0.0077624368,0.028465342,1.8424445e-05,7.512331e-07,2,,,,0.026483867,Test
528,0,-0.8781283,0.34415376,2.0102232,-2.1956315,-1.0523624,-1.3596932,-4.8024535,-4.9534388,0.041457545,0.14074533,0.74472976,0.011102463,0.034828495,0.025613125,0.0008190132,0.00070423674,2,,,,1.2971671,-1.1326396,0.24356265,2.3108277,-1.9932867,-0.7603331,-1.1025574,-4.8024096,-4.94153,0.030448789,0.11103034,0.77779496,0.013233793,0.037281904,0.028620759,0.0009514643,0.000638047,2,,,,0.024410745,Test
529,0,-1.1373805,2.541577,4.6373377,-3.9865446,-1.3319315,0.2150808,-10.124621,-14.3533,0.002721778,0.10779626,0.8765586,0.00015757105,0.0022405789,0.010524929,3.4020727e-07,4.95737e-09,2,,,,0.62709194,-0.733907,2.6290474,4.2040477,-3.899938,-1.4627321,0.07105335,-10.0328665,-14.385371,0.010297315,0.24331582,0.721735,0.0004577864,0.0053076027,0.018884677,1.7221215e-06,3.7194177e-08,2,,,,0.061738096,Test
530,0,2.9227242,-0.65290505,0.27356762,-1.3400735,-1.803489,-4.0367293,-3.4213972,-7.68652,0.88937676,0.024900595,0.06288857,0.012524955,0.007879839,0.0008445658,0.0015626757,2.1955811e-05,0,,,,0.69181395,2.6356046,-0.5358645,0.40692034,-1.4339362,-1.5585829,-3.8683426,-3.6530776,-7.7659597,0.7891532,0.040454295,0.12908517,0.018225443,0.018657207,0.0023478405,0.0020279211,4.886505e-05,0,,,,0.043540128,Test
531,0,-2.256792,0.2832965,3.4889133,-3.5760572,-0.32084006,1.3569788,-7.553886,-8.128449,0.0026966054,0.03419511,0.8436176,0.00072088826,0.018689202,0.10005947,1.3499541e-05,7.59957e-06,2,,,,0.8440028,-2.1859663,0.14050804,3.2572587,-3.256682,-0.3298866,1.4636626,-7.2658615,-7.9089613,0.00764742,0.05913832,0.76402557,0.001972122,0.02500968,0.1421418,4.7115536e-05,1.796618e-05,2,,,,0.03226023,Test
532,0,-2.2395132,1.1881797,5.4578753,-3.574663,-0.8987726,0.31206787,-9.55138,-12.6455965,0.00044418636,0.013683384,0.9783598,0.00011687376,0.001697624,0.005697744,2.9652534e-07,1.3435713e-08,2,,,,0.18018067,-1.6801265,1.5343033,5.260857,-3.6857688,-0.85069466,-0.1492444,-9.507032,-12.804649,0.002196791,0.039991297,0.94835484,0.00016530798,0.0037943714,0.0054963143,9.766467e-07,7.071054e-08,2,,,,0.011019161,Test
533,0,-2.239978,0.8741445,4.4245105,-3.0027952,-0.18901455,-0.0061794035,-7.425904,-9.194191,0.0012118865,0.027284019,0.95019484,0.0005651644,0.009422893,0.01131328,6.7802102e-06,1.1568727e-06,2,,,,0.36633664,-2.0210094,0.85500777,4.185137,-2.7021148,0.120160244,0.071202755,-7.06956,-8.339762,0.0027439254,0.055283725,0.9049614,0.0012840371,0.019161109,0.01653481,2.589213e-05,5.1169745e-06,2,,,,0.017590351,Test
534,0,-3.6786108,-1.3517083,3.444336,-2.8465607,0.34821582,1.1248325,-5.7405605,-3.3468778,0.0006977509,0.0071492624,0.8652804,0.0016034493,0.039131723,0.08507645,8.875789e-05,0.00097223243,2,,,,0.7501387,-3.6130767,-1.4545853,3.5804856,-3.0202682,0.37905464,1.1987559,-5.905756,-3.412707,0.00097650586,0.0080108065,0.85735446,0.0012998552,0.036654558,0.094655395,9.052418e-05,0.0009579073,2,,,,0.021884378,Test
535,0,2.712158,1.432664,-0.07695651,-2.2229567,-1.9142163,-3.5664077,-4.0263295,-7.1448436,0.7354312,0.2045808,0.045211095,0.005287482,0.007200012,0.0013797352,0.0008710723,3.8521284e-05,0,,,,1.1101156,2.652121,1.3567994,-0.12581837,-2.062783,-1.8017172,-3.7225966,-3.6079402,-6.8334107,0.71788824,0.21034244,0.051141024,0.0075853067,0.009954034,0.0014813343,0.0015234451,8.412841e-05,0,,,,0.029096859,Test
536,0,-1.2116585,0.31721765,1.5258392,-2.5052612,-0.9993055,-0.011846021,-4.3506017,-4.627962,0.038509242,0.17764276,0.5949016,0.01056235,0.04761994,0.1278312,0.0016685501,0.0012643961,2,,,,1.7549754,-1.0575607,0.3312085,1.4699738,-2.3772736,-0.9687397,0.09109107,-4.251945,-4.7418,0.052687965,0.19148345,0.5424239,0.013051656,0.0492854,0.14683296,0.0027991587,0.0014354666,2,,,,0.039673004,Test
537,0,-1.2677425,0.5047357,1.7543458,-2.407253,-1.2098576,-0.15264656,-4.2901325,-5.0829706,0.03132862,0.18438211,0.6433059,0.010024396,0.03319559,0.09554793,0.001525225,0.0006902536,2,,,,1.5905458,-1.3591375,0.38386828,1.7302471,-2.3319528,-1.2179953,-0.27329943,-4.323264,-5.0839515,0.031867206,0.1855315,0.6426178,0.011283124,0.03467232,0.09128548,0.001862099,0.0008804408,2,,,,0.033041287,Test
538,0,-2.7092123,-1.1429878,2.038317,-2.1312017,-0.52155507,0.20010851,-3.6613262,-2.0115778,0.0065563624,0.031395357,0.7559422,0.011686642,0.058445387,0.120272085,0.0025302595,0.013171694,2,,,,1.2955202,-2.5146375,-0.99187076,1.9531256,-2.07931,-0.7103425,0.20286815,-3.61442,-2.140245,0.010599104,0.041268677,0.7302879,0.014373248,0.054003436,0.13335198,0.0033554833,0.012760113,2,,,,0.020454923,Test
539,0,-4.471823,-0.48938733,8.060605,-3.4787104,0.26744148,1.1150804,-10.817625,-13.326387,3.6020413e-06,0.00019324076,0.9984201,9.724166e-06,0.00041189385,0.00096141367,6.3183223e-09,5.141148e-10,2,,,,0.01915645,-4.402739,-0.22870317,8.219372,-3.8253453,0.20601091,1.1136842,-11.226833,-13.429454,2.677239e-05,0.0028570364,0.9950391,1.2635693e-05,0.0009461745,0.001118356,1.4970562e-08,5.8116933e-09,2,,,,0.0026147044,Test
540,0,-2.8589187,-0.7488146,2.3823493,-2.2506902,-0.6574012,0.7032607,-4.300486,-3.3799329,0.004079886,0.033655394,0.77072924,0.007495461,0.036876947,0.14377485,0.00096512417,0.0024231172,2,,,,1.1481388,-3.0888283,-0.66645586,2.341084,-2.3976245,-0.7881202,0.72994906,-4.52063,-3.5877128,0.0047795614,0.044447295,0.74798703,0.007486316,0.03383571,0.15814814,0.0010186478,0.0022973567,2,,,,0.024306657,Test
541,0,-3.7531633,-1.4703206,2.3343568,-2.0690424,-1.1329406,3.225435,-4.3962436,-5.712109,0.0006475263,0.006348682,0.2851241,0.0034886864,0.008896226,0.6950632,0.0003403858,9.130579e-05,5,,,,1.0283608,-4.1003613,-1.6010548,2.6464887,-2.2640712,-0.7782563,3.3087528,-4.815578,-5.558774,0.00051556726,0.005132998,0.34814602,0.0028933687,0.011627396,0.6312827,0.0003011269,0.00010085192,5,,,,0.04167392,Test
542,1,8.713103,-1.5262821,-2.9955125,1.1765934,-4.387092,-7.163894,-2.296768,-11.668714,0.99940443,3.5713514e-05,8.217768e-06,0.0005329379,2.0436141e-06,1.2718886e-07,1.652779e-05,1.4061468e-09,0,,,,0.0076245433,8.842919,-1.6133013,-2.9626186,1.0763124,-4.27792,-7.2746363,-2.2730224,-11.852205,0.99907887,6.1591505e-05,1.8269315e-05,0.0007858744,6.950926e-06,2.1747185e-07,4.8229358e-05,1.5255296e-08,0,,,,0.0002793749,Test
543,0,5.731883,0.17641488,-1.8547549,-0.719163,-3.2930138,-5.395855,-2.806334,-9.044026,0.9937556,0.0038421159,0.0005040163,0.0015690107,0.000119623575,1.46071125e-05,0.00019461612,3.803502e-07,0,,,,0.06414761,5.23622,0.040055875,-1.8791864,-0.7344957,-3.1472793,-4.493789,-2.828377,-9.014843,0.9840499,0.009520252,0.0016481817,0.0037054464,0.00042873755,0.0001272673,0.000516755,3.4875065e-06,0,,,,0.0043081273,Test
544,0,-4.8253374,-2.53272,5.2564254,-2.0522623,0.53639936,-0.9954307,-5.597256,-1.9413472,4.1309544e-05,0.00040899808,0.987425,0.0006612739,0.008802841,0.0019026444,1.9090185e-05,0.0007388414,2,,,,0.11550199,-4.541566,-2.7000046,5.273347,-1.8064697,0.5594598,-1.0272008,-5.5130115,-1.8570178,7.661153e-05,0.00040331716,0.9846652,0.0013407099,0.0092362845,0.0028120752,4.4492983e-05,0.0014213087,2,,,,0.0018680198,Test
545,0,2.3448033,2.6451626,0.96726686,-3.1061568,-2.0104787,-3.6298265,-6.528023,-9.832772,0.38133565,0.51493424,0.0961725,0.0016367618,0.0048958976,0.00096952415,5.344265e-05,1.9617946e-06,1,,,,1.4115714,2.307973,2.3375638,1.1391532,-3.0444505,-2.2696784,-3.6382225,-6.5298066,-9.688274,0.4063662,0.41770166,0.16578108,0.0025962286,0.0058016935,0.0016526598,9.0551046e-05,9.9076415e-06,1,,,,0.06210389,Test
546,0,-3.421334,-1.0028574,2.0911877,-2.2185376,-0.81151384,1.8060703,-3.9706874,-3.3419135,0.002151007,0.0241531,0.53296614,0.007161594,0.029246394,0.40075105,0.0012418256,0.0023288084,2,,,,1.3937663,-3.3334644,-1.0847623,2.0615556,-2.0661554,-0.96554005,1.7621447,-3.511298,-2.9307866,0.003121656,0.025114506,0.5314543,0.009279835,0.026260484,0.3983308,0.002591206,0.0038471879,2,,,,0.035158217,Test
547,0,0.94049525,3.4189851,1.9295782,-3.5607116,-2.2592554,-1.0444812,-7.5534205,-12.5940075,0.06328525,0.75456554,0.17015933,0.00070218765,0.002580289,0.008694372,1.2955132e-05,8.381901e-08,1,,,,1.0826049,0.9145481,3.4040027,1.9860232,-3.7093844,-2.2948527,-0.718738,-7.640065,-12.736958,0.06670522,0.65392745,0.26396614,0.0006774069,0.002900218,0.011810178,1.3129063e-05,1.06373975e-07,1,,,,0.058811095,Test
548,0,14.752652,-4.3028216,-4.2895722,4.3233113,-8.093104,-11.208831,-4.548424,-19.7825,0.99997044,5.3002975e-09,5.3709854e-09,2.9551682e-05,1.197295e-10,5.3095575e-12,4.1460715e-09,1.0036008e-15,0,,,,0.00048771035,14.4283495,-4.1945906,-4.0105314,4.5733156,-8.193947,-10.313086,-4.6040363,-19.84002,0.9997614,3.8471316e-07,4.7075584e-08,0.00023822603,4.233597e-10,3.29611e-09,4.5815778e-08,1.6931869e-13,0,,,,0.00013764552,Test
549,0,-2.5209336,0.588248,5.475939,-3.5760758,-0.11198045,0.28155673,-9.0968485,-11.040831,0.00033079615,0.0074107302,0.9830102,0.00011516437,0.0036792182,0.005453389,4.6097452e-07,6.598059e-08,2,,,,0.15283757,-2.5064807,0.64826834,5.6603136,-3.7586014,-0.0048475238,0.4349439,-9.174624,-11.285392,0.0021699048,0.011277804,0.97028714,0.00014683547,0.0057856184,0.010330887,1.6845813e-06,2.017543e-07,2,,,,0.00817096,Test
550,0,8.078168,0.5947902,-3.1678808,-0.69118226,-4.1018896,-6.823371,-2.580557,-11.857879,0.99924076,0.0005619279,1.3048878e-05,0.00015530657,5.127886e-06,3.3729825e-07,2.3477118e-05,2.1956097e-09,0,,,,0.009797487,8.287826,0.5704031,-3.1772666,-0.38513115,-4.490337,-6.855371,-2.3178587,-11.625086,0.99912965,0.0005515561,1.7274253e-05,0.00025576443,5.111226e-06,3.678687e-07,4.0165523e-05,1.4119782e-08,0,,,,0.00013810665,Test
551,0,-2.3229601,0.44419864,4.7693076,-2.9268787,0.06708905,-0.85903424,-7.3731165,-8.104516,0.0008094945,0.012881777,0.9735242,0.00044252278,0.00883485,0.003499363,5.1875127e-06,2.496413e-06,2,,,,0.2207736,-2.2088084,0.8345963,4.703921,-2.918584,-0.04214679,-0.7669908,-7.357147,-8.407729,0.0018625548,0.029512018,0.9528802,0.00069025584,0.009996511,0.0050424365,1.25557e-05,3.4576e-06,2,,,,0.011474727,Test
552,0,-2.0099142,0.16243832,1.79684,-2.4932828,-0.9378236,1.6273481,-4.770786,-7.0498867,0.010375745,0.09108774,0.46695128,0.0063987453,0.03031254,0.39415058,0.0006561269,6.717182e-05,2,,,,1.6330688,-2.0942035,0.27776697,1.8064712,-2.3633037,-0.8734015,1.6474988,-4.580194,-7.1139603,0.013346623,0.11696899,0.44884342,0.0077535026,0.031858362,0.38008,0.0010667038,8.2386985e-05,2,,,,0.03593272,Test
553,0,0.18344279,1.4575567,1.3347697,-2.709746,-1.483632,-0.4732672,-5.1302557,-7.8973,0.1175654,0.42035884,0.37178722,0.0065130387,0.022196174,0.060964074,0.0005788547,3.6379577e-05,1,,,,1.841425,0.30214432,1.5978438,1.0834464,-2.8850164,-1.598923,-0.41728657,-5.1921124,-8.378079,0.12802176,0.4732592,0.30755275,0.006263554,0.020811828,0.06341561,0.00064454414,3.070992e-05,1,,,,0.051497214,Test
554,0,-3.2587616,0.0051520336,4.8382354,-2.9220953,-0.19717924,0.94581175,-7.453582,-8.786443,0.0002939867,0.0076882504,0.9656258,0.00041166134,0.006279948,0.019694764,4.4313974e-06,1.1686556e-06,2,,,,0.26843485,-3.0496259,0.40910846,4.8243675,-3.0743837,-0.04904885,0.50233066,-7.055242,-8.217928,0.0013577,0.017769456,0.9568661,0.0006341694,0.008817213,0.0145284105,2.2542336e-05,4.41463e-06,2,,,,0.008043695,Test
555,0,-3.0664387,-0.98106754,2.7359176,-2.5033052,-0.23632933,1.3484089,-4.9982696,-4.407128,0.002262927,0.018211078,0.74920696,0.0039740778,0.03835053,0.18707444,0.00032785893,0.00059212936,2,,,,1.1118876,-3.10296,-1.2445261,2.800385,-2.5558262,-0.1754555,1.3604547,-5.131871,-4.391122,0.0024597098,0.013407776,0.7299312,0.0036906004,0.042011816,0.20743808,0.00030178536,0.00075903226,2,,,,0.040793516,Test
556,0,3.9201038,0.4630654,-1.3465447,-1.1151465,-2.8335238,-2.6230073,-3.1336994,-8.87861,0.9554184,0.030117637,0.004930799,0.0062145866,0.001114629,0.0013758043,0.0008255924,2.641088e-06,0,,,,0.33091357,3.7465034,0.679026,-1.339002,-1.1179826,-2.7166858,-2.4171047,-3.2998242,-8.423486,0.9304789,0.04651841,0.007420444,0.008634572,0.002233259,0.0037197333,0.0009855706,9.084979e-06,0,,,,0.007323129,Test
557,0,-3.042675,-1.4703786,3.0361533,-2.45476,0.053192854,0.48655713,-5.1614423,-3.4700925,0.0019955619,0.00961402,0.8710976,0.0035924725,0.04411472,0.068044215,0.00023982601,0.0013014883,2,,,,0.76274604,-2.9931493,-1.2734449,2.9553783,-2.2789638,0.024736736,0.511376,-4.8078527,-3.5432744,0.0023684765,0.013377646,0.8455207,0.004737832,0.048033964,0.08403025,0.0004406387,0.0014904691,2,,,,0.01539293,Test
558,0,3.9612412,2.983076,-0.60821295,-3.1134067,-2.9591813,-3.6136627,-5.833668,-11.591011,0.7200633,0.2707441,0.007462459,0.00060938275,0.00071099965,0.00036951466,4.013244e-05,1.2679834e-07,0,,,,0.9229982,4.1805544,3.2665603,-0.26717633,-3.267212,-2.638294,-3.8963172,-6.090046,-11.712949,0.6869421,0.29856184,0.01250534,0.0004809446,0.0011047563,0.00037437235,3.04159e-05,2.2520325e-07,0,,,,0.046204254,Test
559,0,-1.7840048,1.7248706,3.8339813,-3.4408867,-1.4044291,0.9385668,-8.168306,-11.511045,0.0030616755,0.102292635,0.84298444,0.0005839619,0.004475142,0.046596907,5.167639e-06,1.8262449e-07,2,,,,0.8171812,-1.7095702,1.6338638,3.9411285,-3.4525886,-1.3909822,1.0837314,-8.396936,-11.574804,0.0064026467,0.12117584,0.809422,0.00095960323,0.005073334,0.056952424,1.3085363e-05,1.0719216e-06,2,,,,0.034081202,Test
560,0,-2.727036,0.1451319,4.6483507,-2.887077,-0.16875313,-0.7269113,-6.928743,-7.187951,0.00061122206,0.010803533,0.97563815,0.00052082754,0.007893091,0.004516916,9.150001e-06,7.0607075e-06,2,,,,0.20809105,-2.442471,0.5477566,4.528109,-3.0162323,-0.17885543,-1.1125246,-6.66377,-6.931225,0.0013372961,0.022792699,0.9612193,0.0007389869,0.009749662,0.0041209366,2.669755e-05,1.4490915e-05,2,,,,0.0052967723,Test
561,0,9.536801,-1.9514779,-3.2060354,1.1851214,-4.6421657,-8.399401,-2.7720034,-12.135762,0.99974567,1.0246917e-05,2.9224411e-06,0.00023593973,6.950925e-07,1.622914e-08,4.510697e-06,3.869143e-10,0,,,,0.0035281032,9.630992,-2.315747,-3.2100673,1.9138739,-4.780385,-8.201651,-2.3108695,-11.906355,0.99920416,2.0793324e-05,1.7081658e-05,0.00073579507,1.5292586e-06,5.1275993e-08,2.056615e-05,5.422039e-09,0,,,,0.0001899306,Test
562,0,-0.4387391,-0.012563622,0.7340864,-2.043768,-1.0543925,-0.08949751,-3.7746692,-4.3388667,0.12535283,0.19196399,0.40502867,0.025181344,0.0677266,0.17774926,0.0044602384,0.0025370566,2,,,,2.257232,-0.41799897,-0.19439273,0.74542856,-2.0732675,-1.0905272,0.08877996,-3.7637844,-4.2085214,0.13093635,0.16431117,0.39770526,0.024993347,0.06382613,0.21050367,0.004906168,0.002817935,2,,,,0.04597605,Test
563,0,-1.087347,-0.7130344,2.5447757,-2.4637544,-0.42110187,-4.003255,-3.95539,-1.3578018,0.023083841,0.033563714,0.87240666,0.005828301,0.04494224,0.0012501016,0.0013113926,0.017613722,2,,,,0.8333302,-0.8021658,-0.34156448,2.3793173,-2.372423,-0.26471767,-3.5865388,-3.7999358,-1.7274654,0.041946538,0.060545884,0.80600864,0.007847987,0.06025831,0.0027086623,0.0019862715,0.018697754,2,,,,0.020669505,Test
564,0,0.49108303,3.3540556,2.597712,-3.6043944,-2.198129,-0.48021132,-8.210799,-13.597517,0.036768306,0.6439422,0.30225328,0.0006121112,0.002497835,0.013920214,6.113562e-06,2.79816e-08,1,,,,1.219933,0.13027284,3.3177345,2.894814,-3.9260476,-1.9300358,-0.31343275,-8.186748,-12.915459,0.025702134,0.54757357,0.39964357,0.00056751876,0.005647987,0.020850256,1.4814877e-05,1.5904978e-07,1,,,,0.059462614,Test
565,1,-3.8718977,-0.41129783,5.256719,-2.825555,-0.5843162,1.6187807,-7.5722723,-8.977531,0.00010504008,0.0033440618,0.9679719,0.0002990719,0.0028127641,0.025463972,2.5959887e-06,6.3680443e-07,2,,,,0.23658863,-4.0760503,-0.14050388,5.614154,-3.0217106,-0.5740632,1.5504938,-7.727889,-8.703705,8.839356e-05,0.0041786702,0.97221565,0.00024266119,0.0025856108,0.020684171,2.921736e-06,1.9156405e-06,2,,,,0.004807041,Test
566,1,1.3422678,1.8675734,1.0473604,-3.180067,-1.508071,-1.9178946,-6.0105534,-8.712084,0.28222036,0.47722775,0.21014145,0.003065938,0.01631932,0.010832228,0.00018084177,1.2134972e-05,1,,,,1.6929972,1.2663015,1.6234665,1.0738785,-3.5195236,-1.122268,-1.936451,-6.3190274,-8.847625,0.28832823,0.41714436,0.25136715,0.0025394722,0.02720796,0.013218408,0.00017793868,1.6526286e-05,1,,,,0.051999953,Test
567,0,10.5871725,-3.512926,-3.6360862,3.2464538,-5.631564,-8.1789465,-2.4081,-13.223938,0.999348,7.518336e-07,6.6471256e-07,0.0006481613,9.03668e-08,7.0744846e-09,2.2695594e-06,4.5570357e-11,0,,,,0.007878971,10.851013,-3.8863213,-3.444636,3.4175115,-4.9054785,-8.377234,-2.1651993,-13.138614,0.999053,7.00458e-07,3.4472341e-06,0.0009261245,9.4678245e-07,5.3007625e-08,1.5807022e-05,3.0014842e-09,0,,,,0.00028982773,Test
568,0,0.2983807,2.2653182,1.9503185,-3.4504147,-1.4515176,-0.9968419,-6.739768,-9.184725,0.07226501,0.5166044,0.37701225,0.001701559,0.012559052,0.019788824,6.343063e-05,5.5013306e-06,1,,,,1.5046898,0.08540969,1.6929817,1.6797355,-3.5967922,-1.4092429,-1.2321575,-6.703753,-8.745964,0.09027727,0.4288023,0.42989302,0.0022682955,0.020530695,0.02809014,0.00011159526,2.6690628e-05,2,,,,0.061889425,Test
569,1,-0.3547397,1.7255238,2.4457364,-3.2684598,-0.9030973,-1.5261215,-6.4630427,-8.2560005,0.0378734,0.3032363,0.6231112,0.0020555197,0.021886967,0.011738417,8.424264e-05,1.4023632e-05,2,,,,1.341784,-0.115348026,1.9422872,2.2486854,-3.2349808,-1.1674016,-1.442776,-6.1046023,-8.227308,0.051504135,0.40072155,0.5094943,0.003540684,0.018827518,0.015458778,0.00034482213,0.000108178065,2,,,,0.06348949,Test
570,0,-3.3265295,-0.9811607,2.3405638,-2.1374185,-0.5716196,0.94847804,-4.2949953,-3.2352078,0.0025445968,0.026558265,0.7358788,0.008356862,0.04000011,0.18290734,0.0009660945,0.0027879153,2,,,,1.2116,-3.3906665,-0.97760713,2.3637657,-2.220284,-0.77782214,1.1069472,-4.3379774,-3.4574077,0.0027542568,0.029787183,0.7024078,0.008291469,0.033041943,0.21957156,0.0012584487,0.0028872504,2,,,,0.036301535,Test
571,0,-3.4535406,0.15641314,5.7025485,-3.037606,-0.2993571,1.3050767,-8.467103,-11.25442,0.00010361143,0.0038299274,0.98140115,0.00015705284,0.0024280194,0.012079494,6.887241e-07,4.2415913e-08,2,,,,0.15875284,-4.3661265,-0.25659668,6.152381,-3.961039,-0.3193577,1.5103283,-9.972609,-12.028543,9.882184e-05,0.004086339,0.9804691,0.00011519104,0.0024463937,0.012783499,5.723444e-07,4.5643286e-08,2,,,,0.003927295,Test
572,0,-4.0564847,-2.1471643,0.9037184,-0.89776665,-1.6464311,1.4343976,-2.0574214,-1.447865,0.002229755,0.015047504,0.31801385,0.05248933,0.02482734,0.5406511,0.016460363,0.030280728,5,,,,1.7219106,-4.132717,-2.1198125,0.95357686,-0.8889564,-1.6206232,1.339077,-2.0659885,-1.4167492,0.0022672666,0.016749695,0.3439451,0.054119468,0.026910916,0.5015825,0.017510261,0.036914848,5,,,,0.030315237,Test
573,0,11.027929,-4.7394247,-2.6204753,3.894635,-6.309879,-8.819562,-4.2332616,-14.723525,0.999201,1.4189857e-07,1.1809346e-06,0.0007974484,2.9507897e-08,2.3988136e-09,2.3539762e-07,6.5454382e-12,0,,,,0.00939232,11.158997,-4.901754,-2.668019,4.201292,-7.0211897,-9.596885,-4.150507,-14.300957,0.998747,2.12455e-07,1.4010681e-06,0.0012508165,3.2650604e-08,2.332847e-09,5.09459e-07,5.831895e-11,0,,,,0.00020390598,Test
574,0,-3.888395,-0.122575454,6.9055266,-3.318681,-0.13984087,0.86582726,-9.788619,-12.293763,2.0438098e-05,0.00088290736,0.9958204,3.6129666e-05,0.00086779415,0.0023723175,5.5976518e-08,4.5712567e-09,2,,,,0.045339108,-3.6928222,-0.5105285,7.00207,-3.442517,-0.24363622,0.9595524,-10.075169,-12.962184,4.042886e-05,0.0012020806,0.9951633,4.762701e-05,0.0010793919,0.0024671138,9.449334e-08,8.100784e-09,2,,,,0.0006984869,Test
575,0,-2.2954326,-0.07061104,2.6809576,-2.6419446,-0.44305483,0.87059,-5.3158345,-5.765818,0.005374121,0.049720448,0.7789796,0.00380031,0.034259792,0.12743638,0.00026215825,0.00016716222,2,,,,1.1177932,-2.2074814,-0.008422671,2.5908587,-2.5191207,-0.5357851,1.1167567,-5.3385634,-6.070077,0.006767197,0.057028044,0.712083,0.004626896,0.033263724,0.18576612,0.0002875962,0.00017748284,2,,,,0.029430179,Test
576,0,-3.3083766,-0.6019748,5.972232,-2.9310918,-0.55352473,1.102443,-9.152065,-12.621499,9.2221606e-05,0.001381045,0.9893491,0.00013448847,0.001449604,0.0075932383,2.6727037e-07,8.321369e-09,2,,,,0.09850998,-3.200737,-0.55039746,5.710399,-2.8851237,-0.5810908,0.8186494,-8.666127,-11.750073,0.0002806382,0.0036146026,0.9813134,0.00025616327,0.00231488,0.012218656,1.6699041e-06,5.822385e-08,2,,,,0.0046509174,Test
577,0,-2.26807,-1.7175659,1.0717303,-1.5327764,-0.95146155,0.82866347,-2.565025,-1.8295637,0.016344279,0.028343057,0.46112922,0.03409572,0.060976367,0.36162636,0.012145064,0.025340004,2,,,,1.912259,-2.2418115,-1.6043577,0.9731453,-1.3993771,-1.0056813,0.84629905,-2.3373444,-1.75225,0.022304624,0.034108408,0.41919154,0.043848414,0.059396684,0.37358335,0.017489526,0.030077498,2,,,,0.024878623,Test
578,0,-3.8372302,0.27554107,7.0692334,-3.7590196,-0.60597277,1.5186026,-11.027713,-14.01887,1.8238848e-05,0.0011146825,0.994522,1.972259e-05,0.00046165197,0.0038637246,1.3747075e-08,6.905054e-10,2,,,,0.055497624,-3.6932883,-0.095223665,6.7797327,-3.8402047,-1.1446565,0.8705572,-10.869764,-13.415415,0.000106230626,0.0026274812,0.9930876,5.414745e-05,0.0006449722,0.003479502,8.670783e-08,5.4879328e-09,2,,,,0.0012865154,Test
579,0,7.320032,1.721697,-2.6448815,-1.4539065,-3.8293595,-7.0508227,-3.4363291,-11.821932,0.9960735,0.0036894807,4.6836507e-05,0.00015410545,1.4327563e-05,5.7162106e-07,2.1225755e-05,4.8421924e-09,0,,,,0.038670562,7.494756,1.3360095,-2.7243981,-1.3138885,-3.8408523,-6.973821,-3.4444473,-12.018565,0.9953615,0.0042972406,6.8210815e-05,0.00020740912,1.8207578e-05,2.5349318e-06,4.4746506e-05,9.993547e-09,0,,,,0.00094062235,Test
580,0,-2.2989492,1.0847105,4.651762,-3.301051,-0.3976621,0.20228586,-8.066024,-10.340178,0.00091438356,0.02695462,0.9545176,0.00033567662,0.0061213453,0.011153239,2.8610123e-06,2.9435222e-07,2,,,,0.33513668,-2.4543185,1.1620653,4.8701634,-3.4348016,-0.6911478,0.5401679,-8.599184,-10.885292,0.0009448507,0.059459884,0.91659987,0.00028012728,0.004583332,0.018129252,2.0104853e-06,7.533775e-07,2,,,,0.031558186,Test
581,0,-2.1142197,-1.6441224,2.7439764,-2.4589233,0.17039996,-2.9507277,-3.4822745,0.7039085,0.0062752767,0.010041386,0.80820346,0.0044455957,0.061635464,0.0027185802,0.001597697,0.10508251,2,,,,1.0229411,-2.2396343,-1.9201806,2.7823622,-2.4890885,0.0518888,-3.127003,-3.551963,0.77266586,0.0072152764,0.009930674,0.80204046,0.0056858575,0.054334454,0.003284576,0.0026267418,0.11488189,2,,,,0.021430781,Test
582,0,-4.069505,-1.8907974,3.4025574,-1.3935863,-0.42165968,0.29363495,-3.8536556,-3.5370398,0.0005256437,0.0046439995,0.92420226,0.00763534,0.020180441,0.041264746,0.00065227936,0.00089523755,2,,,,0.51989454,-3.7941852,-1.7975918,3.145254,-1.2713325,-0.42596668,0.15038545,-3.528522,-3.3986561,0.0011521059,0.008282782,0.8976308,0.013269779,0.026856858,0.04927297,0.001934997,0.0015996465,2,,,,0.010387094,Test
583,0,0.36642846,2.5381942,1.9183918,-3.2671773,-1.7760481,-0.8124159,-7.0689993,-11.094321,0.066905245,0.58701074,0.3158416,0.0017676869,0.007852255,0.020582333,3.9472543e-05,7.048879e-07,1,,,,1.4243221,0.73776126,2.9912238,1.5910797,-3.1876132,-1.8618768,-1.0790784,-6.792577,-11.21293,0.08453673,0.6870308,0.20172854,0.0019311659,0.008442875,0.016218996,0.00010826431,2.6303082e-06,1,,,,0.04135247,Test
584,0,-4.0605597,-0.5542763,6.18423,-3.019929,-0.044097662,1.5451779,-8.834593,-10.67586,3.5087465e-05,0.0011692606,0.98720515,9.9332654e-05,0.0019475069,0.009543172,2.9635729e-07,4.7007077e-08,2,,,,0.1131597,-3.9774985,-0.75121564,5.510894,-2.7559085,-0.13014814,1.6666563,-8.127646,-10.467338,0.00018867373,0.0033524942,0.9645854,0.00039432413,0.0057683997,0.025704537,5.29705e-06,8.8751176e-07,2,,,,0.005849778,Test
585,0,-1.6004046,1.7358495,5.507022,-3.9246497,-1.1628742,-0.44157356,-10.3458,-14.44485,0.00079684565,0.022402216,0.9729497,7.79772e-05,0.0012342164,0.002538915,1.2685194e-07,2.1042752e-09,2,,,,0.20434567,-1.0648779,1.6406565,4.904886,-3.6031747,-1.6569096,-0.8441516,-9.224672,-13.565763,0.0033336089,0.046408735,0.94199103,0.0003827929,0.0018644196,0.006016896,2.4226879e-06,4.7473087e-08,2,,,,0.011152398,Test
586,0,-0.6611796,2.5858438,3.0375783,-3.4345634,-1.7112869,0.16713773,-7.752352,-11.997068,0.01432389,0.36832002,0.57864356,0.00089453155,0.0050119325,0.032794014,1.1923505e-05,1.7098063e-07,2,,,,1.2844127,-0.6152844,2.334997,3.0127249,-3.7055302,-1.6408154,0.15036789,-8.005203,-12.070452,0.019923175,0.35255745,0.5818277,0.000711606,0.0071516954,0.0378099,1.8145534e-05,3.551201e-07,2,,,,0.071119614,Test
587,0,0.7067445,1.9682927,1.7404739,-3.018304,-1.3049042,-1.7301039,-6.1139636,-8.994472,0.13177168,0.46527052,0.37048024,0.0031772687,0.01762683,0.011521585,0.00014375607,8.065612e-06,1,,,,1.6348282,0.4663632,1.7019281,1.8534069,-3.1432874,-1.0574248,-1.5764098,-6.3986807,-9.276837,0.12177762,0.38943678,0.44803867,0.003011476,0.023053806,0.014545493,0.00012871766,7.3039787e-06,2,,,,0.060833283,Test
588,0,-2.9243457,-1.4657528,2.325522,-2.0333807,-1.0489717,0.05395956,-3.579145,-2.2833202,0.0044077314,0.01895282,0.8398535,0.010743754,0.028752765,0.08663164,0.0022900202,0.0083677545,2,,,,0.95543456,-2.9483812,-1.4875176,2.4688962,-2.0066605,-0.87269974,-0.016913772,-3.4863286,-1.9068749,0.004913131,0.018125769,0.84246176,0.011856261,0.031875614,0.07470803,0.0032181598,0.01284123,2,,,,0.01485198,Test
589,0,11.046163,-2.4691627,-2.9901698,2.4776251,-5.936537,-9.079497,-3.8377047,-15.061974,0.99980754,1.3498486e-06,8.017054e-07,0.0001899537,4.2113694e-08,1.8174119e-09,3.435065e-07,4.5845567e-12,0,,,,0.0026768753,10.797621,-2.5733714,-2.4415448,2.0982172,-5.4449587,-8.917112,-4.007785,-15.07476,0.99977255,4.536912e-06,2.689852e-06,0.00021951813,1.4252814e-07,1.0931697e-08,5.798966e-07,8.794963e-11,0,,,,3.3471402e-05,Test
590,0,-4.1355147,-0.7309144,6.63708,-2.835914,-0.19590773,1.6526413,-9.01563,-11.773994,2.0786483e-05,0.0006257197,0.9914238,7.624132e-05,0.0010683916,0.0067849243,1.5789696e-07,1.0009924e-08,2,,,,0.079769,-3.8782177,-0.83682424,6.656648,-3.1475103,-0.24559653,1.7798278,-8.908716,-12.201982,5.1420102e-05,0.0009045057,0.98900205,8.142793e-05,0.0014949295,0.008464927,7.3638216e-07,5.277702e-08,2,,,,0.0013870505,Test
591,0,10.267366,-1.1490095,-2.4855146,0.5454394,-5.0726776,-9.537616,-5.1028237,-15.384026,0.99992573,1.1012821e-05,2.893756e-06,5.994992e-05,2.1770643e-07,2.5048035e-09,2.1124147e-07,7.2395197e-12,0,,,,0.0011921931,9.89703,-0.52602375,-2.0851321,0.7825947,-5.237668,-9.746562,-5.1167765,-14.444104,0.99968785,0.00012682832,2.6910446e-05,0.0001540196,3.18561e-06,7.87244e-08,1.1950243e-06,1.0700796e-10,0,,,,9.985042e-05,Test
592,0,-0.9281176,2.3582563,3.7211344,-3.378505,-1.2698218,-0.24648187,-8.190558,-12.087481,0.007405919,0.19807652,0.77396876,0.0006388358,0.005262337,0.0146423085,5.194468e-06,1.0547008e-07,2,,,,0.93712866,-0.99493504,2.624854,3.5588298,-3.6357455,-1.5637827,0.034049876,-8.682104,-12.626799,0.0091579445,0.31215453,0.64547205,0.0010383308,0.00550041,0.026666064,1.0362221e-05,2.541615e-07,2,,,,0.06499361,Test
593,0,-2.249709,0.89429915,4.245887,-3.0928514,-0.6951047,0.8557331,-7.5863137,-10.355317,0.0014007501,0.03249272,0.927603,0.00060282124,0.0066300505,0.031263467,6.740662e-06,4.2280476e-07,2,,,,0.4853359,-1.9349045,1.1125962,3.9718506,-2.724162,-0.43021494,0.9201164,-7.1968436,-9.871306,0.002897819,0.083254725,0.8516537,0.0012807755,0.012510933,0.048373375,2.6966965e-05,1.7535034e-06,2,,,,0.02690377,Test
594,0,-4.948678,-1.9245379,3.778996,-1.9484893,-1.2637873,4.105751,-5.656276,-7.585065,6.752295e-05,0.0013893732,0.41670826,0.001356491,0.0026901665,0.5777501,3.3277083e-05,4.8359652e-06,5,,,,1.0341295,-5.528964,-1.8511591,3.8633342,-2.083815,-1.1768246,4.5604334,-6.244828,-7.8667603,3.8194827e-05,0.0012804203,0.35533255,0.0013558668,0.0023660914,0.63959694,2.546611e-05,4.484157e-06,5,,,,0.050529208,Test
595,0,-5.97239,-2.7590988,7.844313,-3.2847476,1.568562,2.5350661,-10.043626,-10.972058,9.919947e-07,2.4661782e-05,0.9931792,1.4579343e-05,0.001868545,0.004911916,1.6919762e-08,6.6862267e-09,2,,,,0.06504693,-5.7848635,-2.6825805,7.380056,-3.1538892,1.1350578,2.2787175,-9.641217,-10.934792,6.057563e-06,0.00019539683,0.9892704,0.00011785026,0.0024079094,0.008001542,6.7896246e-07,1.594531e-07,2,,,,0.0021819782,Test
596,0,-3.4339268,0.5862109,6.9890103,-3.8028078,-0.076884136,0.30314425,-10.528103,-13.866685,2.9629518e-05,0.0016506243,0.99620515,2.0489035e-05,0.00085049105,0.0012436956,2.4590275e-08,8.726402e-10,2,,,,0.04216399,-3.8334599,0.1841218,6.9991302,-3.6144059,-0.06808193,-0.046224646,-9.929613,-13.407092,4.4067965e-05,0.0017574572,0.994994,3.7359416e-05,0.0015006859,0.0016663404,7.0926035e-08,2.1870639e-08,2,,,,0.0012145474,Test
597,0,-1.4145501,1.0299909,3.7118194,-3.0390353,-0.8295107,-0.005647052,-7.044057,-9.51039,0.0053470987,0.06162669,0.90047604,0.0010534485,0.00959837,0.021877466,1.9197927e-05,1.6298189e-06,2,,,,0.62003124,-1.5014052,1.446924,3.608846,-3.2278988,-0.9140956,-0.07022534,-7.3245697,-9.307355,0.0056286566,0.11975925,0.83590984,0.0011729908,0.009619253,0.02788153,2.4030178e-05,4.4525195e-06,2,,,,0.02525887,Test
598,0,-3.3421597,-0.07659887,5.6960745,-2.896681,-0.66908514,1.4266423,-8.518529,-11.609287,0.0001165511,0.0030530347,0.9812323,0.00018196406,0.0016881778,0.013727171,6.583366e-07,2.9932867e-08,2,,,,0.15660416,-3.6672902,-0.16138735,5.3272567,-2.9596937,-0.9802419,1.5363756,-8.568043,-10.894957,0.00019841883,0.0051344736,0.9651143,0.0005749241,0.0020729224,0.026902527,2.1189549e-06,2.3527912e-07,2,,,,0.0051948056,Test
599,0,-3.0972564,-0.3437376,2.2336228,-2.3783352,-1.1994916,2.5233173,-4.9205103,-6.0565248,0.0019673356,0.03088279,0.40649006,0.004037403,0.013124034,0.5430786,0.00031772358,0.000102019876,5,,,,1.298062,-2.9066584,-0.13291104,2.2184205,-2.3822372,-1.229812,2.556136,-4.617995,-6.103702,0.0027488586,0.0441235,0.3995669,0.0038322825,0.01202978,0.53702986,0.00050043047,0.0001683381,5,,,,0.051873047,Test
600,0,-2.7544556,0.20672244,4.993749,-2.9647977,-1.0847883,1.5743974,-8.616169,-11.692289,0.0004132727,0.007984724,0.95772153,0.0003348778,0.0021946435,0.031349722,1.1763233e-06,5.4273094e-08,2,,,,0.2998518,-2.7102163,0.21100688,4.8453155,-2.4691741,-0.4522771,2.0267498,-8.324879,-10.94797,0.0010597407,0.012018112,0.91143763,0.0008636888,0.0070803715,0.06753673,3.6086215e-06,2.1394901e-07,2,,,,0.013787388,Test
601,0,5.7606535,-0.31823012,-1.8193557,-0.79321253,-3.080009,-5.5579166,-2.7402973,-8.968622,0.99543446,0.002280274,0.0005082254,0.0014180936,0.00014406614,1.2089828e-05,0.00020234694,3.9918066e-07,0,,,,0.050090812,6.095446,-0.5359982,-1.7224181,-0.6663612,-3.0232944,-6.071335,-2.5471396,-8.853451,0.9949771,0.0020227875,0.00090022886,0.0016151915,0.00019607639,1.9639478e-05,0.0002680028,9.2729005e-07,0,,,,0.001086201,Test
602,0,-1.079257,1.1508315,4.1851406,-3.090405,-0.80672795,-0.8035916,-7.9651995,-10.395541,0.0048450516,0.04506232,0.93669295,0.00064843724,0.0063629174,0.0063829045,4.951897e-06,4.358004e-07,2,,,,0.42707917,-1.3493807,1.00505,4.615385,-3.1558862,-0.1379468,-0.28950134,-8.294405,-9.523628,0.0034864612,0.029951874,0.9484032,0.0005345928,0.009291047,0.008321866,7.787416e-06,3.2447103e-06,2,,,,0.006301801,Test
603,0,-5.3291674,-1.1332506,7.7449474,-3.1708512,0.11864732,2.3666427,-10.185611,-12.4575815,2.0878747e-06,0.0001386654,0.9947647,1.8073799e-05,0.00048490896,0.0045914766,1.623971e-08,1.6744536e-09,2,,,,0.05063482,-6.1459794,-1.710954,8.599939,-3.5619946,0.2442582,2.469688,-10.768037,-12.11354,1.1273761e-06,4.227719e-05,0.996418,1.702726e-05,0.00031007285,0.003211456,1.8225439e-08,2.3230935e-09,2,,,,0.00071810506,Test
604,0,-3.0287762,-0.93330723,3.245684,-2.41357,-0.34535664,-0.16566178,-4.7573647,-2.9314442,0.0017383758,0.014131689,0.92279863,0.0032160599,0.025441213,0.03044937,0.00030862205,0.0019160834,2,,,,0.54540783,-3.3673024,-1.1953313,3.458805,-2.5966122,-0.31020626,0.12453022,-5.248523,-2.9126618,0.0012907477,0.010402029,0.9161194,0.0027366723,0.023535892,0.04349148,0.00021070922,0.0022131186,2,,,,0.014532425,Test
605,1,-2.1918612,0.55457103,4.627762,-2.9566112,-0.79439604,0.6395996,-7.802287,-11.634455,0.0010485356,0.016343445,0.9600809,0.00048804123,0.0042412574,0.017793892,3.8371268e-06,8.312218e-08,2,,,,0.30609736,-2.679879,0.35648552,4.778508,-2.9743953,-0.756276,0.5659197,-7.819494,-11.590531,0.0023067673,0.024808783,0.94802856,0.0008630535,0.0049349302,0.019035283,2.2000944e-05,5.762903e-07,2,,,,0.011450935,Test
606,1,-0.56301725,-0.52094376,2.031458,-2.4844353,-0.20382696,-3.3914223,-3.7466187,-1.7958442,0.057460994,0.05993017,0.7693774,0.0084122475,0.08229389,0.0033963504,0.002380963,0.016748013,2,,,,1.2730844,-0.79375756,-0.5439524,2.1884885,-2.53991,-0.266205,-3.4312172,-3.7804291,-1.8045051,0.049252823,0.07295704,0.77665,0.009888136,0.068120666,0.004248423,0.0029651267,0.015917744,2,,,,0.03866211,Test
607,0,-4.311459,-2.2304742,3.8381758,-1.8413785,-0.18006766,-0.19274293,-3.995458,-1.2956955,0.00027559805,0.0022081903,0.95415246,0.0032585082,0.017159984,0.01694385,0.00037801935,0.0056234896,2,,,,0.36091807,-4.304748,-2.167726,3.76349,-1.8716276,-0.18325704,-0.20323737,-3.805159,-1.1394383,0.00043032604,0.0033067525,0.9396677,0.004186622,0.019970722,0.02202107,0.0010410642,0.00937583,2,,,,0.009105493,Test
608,0,-2.9729311,-0.32661042,3.89398,-3.307329,-0.43484634,1.4480641,-7.5103164,-7.649845,0.0009331397,0.013159186,0.89579415,0.0006679122,0.011809263,0.07761764,9.985849e-06,8.685377e-06,2,,,,0.6030211,-3.0646489,-0.13961372,3.9815164,-3.345913,-0.46917516,1.7878344,-7.8177643,-7.944352,0.0016439154,0.026654366,0.84957284,0.0007190936,0.011951946,0.109440185,1.070653e-05,6.89714e-06,2,,,,0.022907998,Test
609,0,-3.7498665,-1.5161083,0.9502232,-0.8812002,-2.2189574,0.86274517,-1.6844625,-2.4012094,0.003921332,0.036605164,0.4311779,0.0690684,0.018125871,0.39506203,0.030933352,0.015105943,2,,,,1.8763242,-3.2606177,-1.3164039,0.82445174,-0.64031255,-2.1096454,0.82280207,-1.4359831,-2.4481792,0.0074413517,0.0469191,0.3862955,0.092994064,0.021870574,0.38584065,0.043152362,0.01548637,2,,,,0.034021065,Test
610,0,-4.3262463,-2.016315,2.8217902,-1.5129457,-1.0604918,1.3590847,-3.5056453,-2.933436,0.00061487063,0.006194042,0.7818736,0.010246715,0.01610953,0.1810888,0.0013969028,0.0024755609,2,,,,0.9743228,-4.035989,-2.0370672,2.9228384,-1.5094376,-1.1427072,1.2368486,-3.6576068,-3.2499855,0.001030308,0.0067120837,0.8064386,0.0116362935,0.014448166,0.15606761,0.0018391348,0.0018277637,2,,,,0.014910978,Test
611,0,6.599598,-1.2259743,-2.7442412,0.8167097,-3.792785,-4.78119,-1.4483681,-9.304811,0.99608684,0.00039782719,8.716039e-05,0.0030677551,3.0545187e-05,1.1367994e-05,0.0003185004,1.2333898e-07,0,,,,0.041262716,7.19996,-1.6746647,-2.9560604,0.92219985,-4.0648923,-5.7481728,-1.4588315,-9.553408,0.9972647,0.0001670284,4.8730126e-05,0.0022680713,1.7341456e-05,2.7667434e-06,0.00023124188,8.101963e-08,0,,,,0.0004082153,Test
612,0,5.307009,1.9707899,-1.2688756,-1.8975303,-2.824863,-4.765493,-4.385143,-10.98241,0.9632928,0.03426547,0.0013424181,0.0007159235,0.00028322468,4.0674873e-05,5.9499067e-05,8.116213e-08,0,,,,0.24380296,4.908468,1.88075,-0.9965943,-1.551649,-2.2563612,-4.360546,-4.2477903,-10.561705,0.9235772,0.06664748,0.0053756204,0.0022753305,0.0016751571,0.00015358323,0.00029330578,2.3689176e-06,0,,,,0.018202778,Test
613,1,-2.0721335,-0.14536327,3.2530105,-2.9177039,-0.2859439,0.08970241,-6.2959156,-6.204527,0.0043779206,0.030064464,0.8993908,0.0018794953,0.026121616,0.0380313,6.410655e-05,7.0241214e-05,2,,,,0.6595181,-1.8960823,-0.31506234,3.1744938,-2.7205057,-0.20099919,0.24186039,-6.1486297,-6.0454645,0.008820942,0.036788967,0.861269,0.004024325,0.03393721,0.054846417,0.00018198861,0.00013111875,2,,,,0.023208976,Test
614,0,5.7042,2.040821,1.3253026,-2.7375817,-3.1752305,-5.736832,-9.768215,-19.176126,0.96288025,0.024693754,0.012073728,0.00020766005,0.00013405546,1.0346537e-05,1.836487e-07,1.5072466e-11,0,,,,0.2657776,5.943755,2.0216718,1.3073702,-2.3443196,-3.0205154,-6.155261,-9.060545,-20.293402,0.9031752,0.038618065,0.05561348,0.00061117974,0.0015969438,0.00038492848,3.636725e-07,3.608279e-10,0,,,,0.034057464,Test
615,0,4.0136113,-0.5278625,-0.44129056,-1.0724474,-1.7927036,-4.858652,-3.0429564,-6.959169,0.96853316,0.010322323,0.011255772,0.0059878,0.0029138282,0.00013581247,0.00083461485,1.6622509e-05,0,,,,0.2649426,4.023257,-0.52961695,-0.56205904,-1.0611658,-1.5699443,-4.647929,-3.1069558,-7.118123,0.9627105,0.011405954,0.012859045,0.006814692,0.0047800173,0.000202154,0.0011882742,3.935499e-05,0,,,,0.004643656,Test
616,0,-3.3597517,-0.018850515,5.100693,-2.64409,-0.38816345,0.7575547,-7.349517,-9.50081,0.00020676582,0.0058400156,0.9767952,0.00042294784,0.0040366706,0.012694112,3.8260073e-06,4.450934e-07,2,,,,0.19583806,-3.3664646,0.24683258,5.036264,-2.7133517,-0.5578705,0.72952497,-7.4739075,-9.680051,0.00036576047,0.012159777,0.96217966,0.0006103498,0.0044935807,0.020181615,8.335277e-06,8.705994e-07,2,,,,0.007860323,Test
617,1,-3.5524745,0.21032336,6.656379,-3.3024507,0.14074136,0.2908001,-9.3805685,-11.687116,3.666409e-05,0.0015790766,0.9951527,4.707874e-05,0.0014729368,0.0017114091,1.0792748e-07,1.075007e-08,2,,,,0.05247687,-2.5886075,0.28978744,6.2566786,-2.8437705,-0.1128602,-0.114399195,-8.915136,-12.603754,0.00024378327,0.0045530167,0.98899317,0.00017844055,0.0023273777,0.003703644,5.38042e-07,3.5440184e-08,2,,,,0.0024456284,Test
618,0,-2.0222328,1.2378186,4.907156,-3.4888666,-0.8432411,0.6887501,-9.069135,-12.273006,0.0009368145,0.024404848,0.95730215,0.00021612384,0.003045673,0.014093495,8.15123e-07,3.3097812e-08,2,,,,0.31518534,-1.8781912,1.2286761,5.023986,-3.0541992,-1.113034,0.8709137,-9.017241,-12.561284,0.0024313296,0.03818688,0.93430436,0.0005755002,0.003221867,0.021275671,4.3403898e-06,6.8828186e-08,2,,,,0.0137956,Test
619,0,3.4667006,3.3782527,-0.01388349,-3.1468751,-2.4631867,-3.311079,-6.2465053,-11.476642,0.51246816,0.4690882,0.015778597,0.0006877448,0.0013625409,0.00058359915,3.099384e-05,1.659036e-07,0,,,,1.127917,3.1548972,3.6285253,0.05319489,-3.3480263,-2.4312909,-2.9926822,-6.5962234,-11.493288,0.38619143,0.5915197,0.019007154,0.00063428906,0.0016683511,0.0009471454,3.1687927e-05,2.0153087e-07,1,,,,0.041548323,Test
620,0,-1.932917,1.6502733,5.7424536,-3.9663968,-0.8649062,0.31202334,-10.422527,-14.220716,0.0004537018,0.016327899,0.97755593,5.9380145e-05,0.0013200843,0.0042828773,9.3278e-08,2.090487e-09,2,,,,0.18114047,-1.5325277,1.7165289,5.6749315,-3.926667,-0.8657712,0.3334447,-9.994886,-14.070981,0.0013894498,0.024795469,0.96131647,0.0001974961,0.002313104,0.009987588,3.8035594e-07,2.504098e-08,2,,,,0.00776122,Test
621,0,-3.7331185,-1.7768021,1.7706637,-1.5486704,-1.4578774,1.7002295,-2.7765806,-2.9457927,0.0019761948,0.01397807,0.48539135,0.017559962,0.0192289,0.45237944,0.0051433844,0.0043427125,2,,,,1.4129252,-3.4904137,-1.6864017,1.639108,-1.5133241,-1.4946929,1.69198,-2.6847339,-3.1034455,0.003320238,0.017204573,0.4526812,0.021159848,0.01962329,0.4729848,0.008931631,0.0040944275,5,,,,0.038610872,Test
622,0,-1.2964072,1.5094137,4.042205,-3.2720315,-1.3122963,0.044461425,-7.9452276,-11.511278,0.0043344316,0.07169431,0.90253055,0.0006010758,0.004266105,0.016567769,5.61547e-06,1.5873404e-07,2,,,,0.578264,-1.2133732,1.7743819,3.9929268,-3.4673977,-1.4415535,-0.027746726,-8.341421,-12.274157,0.00932257,0.15779063,0.8083668,0.0009465915,0.004411474,0.01914783,1.3809929e-05,3.4828113e-07,2,,,,0.04460687,Test
623,1,-0.9026135,2.1395082,4.5139036,-3.6520734,-1.1220036,-0.5098706,-9.152919,-13.639525,0.004009756,0.08400297,0.9025712,0.0002564735,0.003219868,0.0059386003,1.0472634e-06,1.1790912e-08,2,,,,0.5392402,-0.8653374,2.6818907,4.4721327,-3.9938781,-0.99813426,-1.0038047,-9.287668,-14.331265,0.007209758,0.1867766,0.7950652,0.00030715874,0.0050601577,0.005579306,1.8679912e-06,1.3683911e-08,2,,,,0.04085523,Test
624,0,1.8248127,3.583392,0.7665367,-3.1856666,-3.0499012,-1.5034289,-6.404669,-12.582021,0.13885674,0.8059502,0.048190735,0.0009258563,0.0010604876,0.004978862,3.7029553e-05,7.68703e-08,1,,,,0.9156346,1.6479164,3.5328147,0.6032671,-3.0678468,-2.7336752,-1.4872963,-6.32848,-13.172644,0.13622554,0.780703,0.069267854,0.0012519481,0.0026755976,0.009819785,5.6144083e-05,1.2760864e-07,1,,,,0.03810368,Test
625,0,-3.7183433,-1.542992,0.07493012,-0.88796264,-2.6898468,2.718066,-1.6320426,-3.980929,0.0014145451,0.012455461,0.062807925,0.02397924,0.0039562806,0.88290447,0.011394245,0.0010878708,5,,,,0.74651545,-3.6059723,-1.3808111,0.2516005,-0.7952975,-2.5312648,2.5886807,-1.9023939,-3.7550125,0.0019716136,0.016461734,0.0887859,0.031910457,0.005694571,0.8430044,0.010405043,0.0017663188,5,,,,0.0153877335,Test
626,0,1.4603945,2.0388043,0.76732755,-2.806776,-1.6944087,-1.7108223,-5.2250853,-8.592491,0.2955822,0.5270824,0.14780296,0.0041444777,0.0126056345,0.0124004185,0.0003691573,1.272816e-05,1,,,,1.6096866,1.3176076,1.7679167,0.7237756,-2.6662698,-1.7449932,-1.4870267,-5.144019,-8.760679,0.31186697,0.462917,0.182817,0.005900136,0.016236253,0.019575503,0.00065915816,2.7938466e-05,1,,,,0.04621881,Test
627,0,-4.056072,-1.6004504,2.2581248,-1.8283713,-1.1707067,2.6686432,-4.0172153,-4.813079,0.000701044,0.0081697395,0.38722745,0.0065046423,0.012555774,0.58378375,0.0007288203,0.0003288376,5,,,,1.1852763,-3.8273063,-1.5554407,2.2172933,-1.8776333,-1.1152599,2.699768,-3.994522,-4.5561495,0.0011024311,0.008733943,0.37929344,0.006408701,0.014771295,0.5881191,0.0008584166,0.0007126571,5,,,,0.034752928,Test
628,1,-2.2961998,-0.23559473,4.766138,-3.557975,0.38026077,-0.4410439,-8.396314,-9.110799,0.00083525846,0.006557379,0.9748892,0.00023650426,0.012139283,0.0053395526,1.8731611e-06,9.1680744e-07,2,,,,0.21233594,-2.5754714,-0.78463405,5.000993,-3.7583668,0.33620948,-0.36849597,-8.807249,-9.000672,0.00089073554,0.0045858836,0.9752858,0.00018028403,0.012915289,0.0061369133,2.2856957e-06,2.777359e-06,2,,,,0.0053069103,Test
629,1,2.081846,2.8509464,1.697374,-3.1643026,-2.278362,-2.4005144,-7.4117846,-12.486076,0.25852755,0.557857,0.17600812,0.0013618626,0.0033028773,0.002923091,1.9474897e-05,1.2182558e-07,1,,,,1.4805082,1.7564304,2.3263426,1.8561316,-3.0578194,-2.1434095,-1.9990504,-7.193512,-12.107872,0.24654183,0.4237246,0.3101947,0.002290904,0.008541255,0.008633619,7.039444e-05,2.6881921e-06,1,,,,0.07357747,Test
630,1,3.1129065,0.66190803,-0.8700332,-1.5663435,-2.083263,-2.641253,-2.9061675,-7.2028775,0.8886546,0.07660867,0.016556337,0.008252027,0.0049211355,0.0028166526,0.0021611375,2.9420138e-05,0,,,,0.67151767,3.0637112,0.5624261,-0.6692256,-1.6444042,-1.8200753,-2.6698258,-2.9673133,-7.1860046,0.8604058,0.092465185,0.024487196,0.007983513,0.0075885514,0.004788425,0.0022416203,3.9681516e-05,0,,,,0.022772325,Test
631,0,-2.712974,-0.27002463,4.8822975,-2.7074468,-0.061943583,0.12430474,-7.0670643,-8.28481,0.0004917541,0.005658579,0.97798574,0.00049447955,0.006967483,0.008393875,6.3210705e-06,1.8703822e-06,2,,,,0.19244134,-2.7386527,-0.22124784,4.987845,-2.7401776,-0.045656323,0.065210156,-7.317243,-8.424144,0.0007716174,0.007562676,0.97367895,0.0007262499,0.0072687515,0.0099744145,1.3617269e-05,3.6298075e-06,2,,,,0.004054349,Test
632,0,-1.9674771,0.7581311,3.6384673,-2.7987525,-0.8032647,0.92002773,-6.9330792,-9.402019,0.0032268537,0.049260173,0.8778293,0.0014052744,0.010336903,0.057917092,2.2503275e-05,1.9054575e-06,2,,,,0.72559655,-1.91082,0.800245,3.6676126,-2.8511143,-0.88033044,0.8683529,-7.0298448,-9.757151,0.0044837757,0.065475866,0.8576307,0.001911131,0.0105580455,0.059899777,3.8830298e-05,1.8844387e-06,2,,,,0.021484079,Test
633,0,7.3364635,-0.23376383,-2.4347124,-0.48535082,-3.544768,-6.523583,-3.0010936,-11.148454,0.9989753,0.000515047,5.7014746e-05,0.000400483,1.878867e-05,9.554612e-07,3.2360174e-05,9.368227e-09,0,,,,0.013224034,6.8928385,0.0038375617,-2.3384817,-0.72722375,-3.1674564,-6.382131,-3.4059112,-11.201036,0.9954548,0.0029090396,0.0003796675,0.0009296134,0.00023404718,1.4559332e-05,7.8132536e-05,1.0860477e-07,0,,,,0.0012287068,Test
634,0,-3.8283849,-0.53098905,6.488323,-3.0828094,-0.022361366,1.5746074,-9.492753,-11.94191,3.2753862e-05,0.0008857336,0.99026567,6.903377e-05,0.0014729818,0.007273644,1.1356866e-07,9.808514e-09,2,,,,0.08992402,-3.7405446,-0.15716177,5.8358335,-3.387548,-0.079621516,1.1347481,-8.928859,-10.981112,0.0002640496,0.005264843,0.98120356,0.00013736723,0.0028961136,0.0102320295,1.8294799e-06,1.775957e-07,2,,,,0.0037572961,Test
635,0,8.411508,1.1132394,-2.949835,-0.9332418,-4.2253046,-7.3804,-4.0104885,-13.49437,0.9992175,0.00067618006,1.1627643e-05,8.735483e-05,3.2475978e-06,1.3845907e-07,4.025832e-06,3.062373e-10,0,,,,0.009751918,8.650415,0.7455601,-2.8556628,-0.97469985,-4.014716,-7.1152544,-4.1478066,-13.574208,0.9992778,0.00054687465,1.3775274e-05,0.00015209927,4.576212e-06,4.73453e-07,4.3875066e-06,5.7397527e-09,0,,,,0.00021260628,Test
636,0,-0.30412585,0.7692923,2.5081327,-2.9818912,-1.0890932,-0.41024557,-6.365386,-8.965109,0.045455564,0.13297397,0.7567203,0.00312355,0.020733854,0.04087895,0.000105977844,7.873536e-06,2,,,,1.2261157,-0.605362,0.29378384,2.563536,-2.9641805,-0.89962655,-0.3815651,-6.3190703,-8.909986,0.043550156,0.10208695,0.77773756,0.0041305213,0.025697937,0.04656773,0.00021661453,1.2553284e-05,2,,,,0.030627172,Test
637,0,-2.4076679,-0.02945598,2.646507,-2.6282797,-0.94388384,0.5651546,-5.144937,-5.439621,0.005174775,0.05581306,0.81075895,0.0041503133,0.022366848,0.10115139,0.00033505083,0.00024953464,2,,,,1.0137098,-2.193294,0.05264455,2.6127033,-2.5984557,-0.96441936,0.31778237,-5.032212,-5.5695243,0.007289561,0.06988984,0.799668,0.005450084,0.023283934,0.093603574,0.00053087453,0.00028412224,2,,,,0.020928144,Test
638,0,-3.8051748,-1.306786,1.8651786,-1.1834786,-1.7355816,1.5201246,-2.7166698,-4.1886206,0.0018723025,0.022772593,0.54322433,0.02576109,0.014831631,0.38470176,0.0055604232,0.0012759911,2,,,,1.4296672,-3.9563408,-1.3554919,1.827288,-1.278722,-1.8800361,1.529885,-2.6505585,-4.2555747,0.0021303585,0.025992993,0.5265134,0.026749581,0.013609001,0.39655927,0.007055384,0.001389931,2,,,,0.033850394,Test
639,0,-3.4028468,0.030763691,4.5094066,-2.8310213,-0.6592565,2.1929533,-7.8249035,-9.911497,0.00032796073,0.010162953,0.8955087,0.0005809817,0.0050973915,0.08831754,3.9386446e-06,4.8882197e-07,2,,,,0.5680249,-4.022846,0.113676146,4.624059,-3.1275556,-0.8599641,2.079704,-8.086495,-9.9551,0.0002719544,0.01353233,0.8978268,0.00051707507,0.006192255,0.08165279,5.4160414e-06,1.4413679e-06,2,,,,0.014478675,Test
640,0,4.1675143,1.2246016,-1.4148488,-1.6426983,-2.5002031,-3.5706155,-3.074191,-8.183537,0.94170827,0.049639307,0.0035442708,0.0028221046,0.0011971911,0.00041047754,0.0006743474,4.07308e-06,0,,,,0.3728197,4.1582394,1.3459253,-1.6088089,-2.0376804,-2.360918,-3.7356243,-3.3747203,-8.802313,0.9281715,0.061810005,0.0041375137,0.0023198582,0.0023334373,0.00058519567,0.00063913886,3.4137356e-06,0,,,,0.009340196,Test
641,0,-3.4853182,-1.6572456,1.3175381,-1.5902464,-1.3778852,2.6382308,-3.0186343,-3.4015765,0.001658034,0.010316094,0.20204471,0.011030941,0.013640803,0.7568625,0.0026440623,0.0018028601,5,,,,1.0490577,-3.5096812,-1.4488204,1.4457185,-1.7205244,-1.3391197,2.7328553,-3.0769334,-3.3414345,0.001832634,0.014799153,0.21384624,0.009961123,0.013678199,0.7411484,0.0027793497,0.0019548151,5,,,,0.022084618,Test
642,0,-3.2332149,-1.488945,2.6382225,-1.952593,-0.42865834,0.36934263,-3.3395016,-2.1325955,0.0023685687,0.013552286,0.8402697,0.008524185,0.03912815,0.08690739,0.0021297378,0.007119982,2,,,,0.9332617,-2.976366,-1.4509937,2.4571278,-1.9273498,-0.3586786,0.449428,-3.267447,-2.3207996,0.0037738108,0.017462011,0.7952373,0.011077767,0.04862552,0.11294296,0.003546285,0.0073343003,2,,,,0.014708237,Test
643,0,-3.132464,-0.1606211,3.3213289,-2.601368,-0.87726706,2.334883,-6.340986,-7.940593,0.0011064985,0.021607555,0.7027443,0.0018819266,0.010552862,0.2620531,4.4720586e-05,9.032476e-06,2,,,,1.0814847,-2.8249009,0.12558028,3.2336113,-2.746452,-0.7732665,1.9902954,-5.9521646,-7.846617,0.0026025954,0.037489854,0.716025,0.0024324995,0.015381011,0.22584319,0.00020679804,1.9061046e-05,2,,,,0.024765318,Test
644,0,3.7436545,1.6396737,-0.94643384,-1.7791002,-2.6661944,-2.9095259,-3.9293356,-9.576693,0.87830806,0.10712717,0.008068028,0.00350869,0.0014450562,0.0011329413,0.00040861068,1.4410988e-06,0,,,,0.623711,3.8220143,1.7833126,-0.8692333,-1.8807685,-2.7168393,-2.7604327,-3.8958251,-9.648724,0.8572472,0.12628451,0.009307908,0.0034767177,0.0015858219,0.001631251,0.0004646823,1.9799877e-06,0,,,,0.016924934,Test
645,0,3.47279,1.1163464,-0.22450386,-1.7969366,-1.9727294,-4.002439,-3.4168496,-8.028822,0.8844837,0.08381068,0.021926815,0.004550683,0.003817076,0.00050146313,0.0009006525,8.945473e-06,0,,,,0.6580704,3.327313,0.8919605,-0.13025407,-1.7885433,-1.8158178,-3.83977,-3.2898395,-7.5825286,0.85335016,0.09224155,0.036392234,0.0067828097,0.00786887,0.001308358,0.0020159115,4.0116392e-05,0,,,,0.024309509,Test
646,0,-4.778487,-1.3443183,7.2818675,-2.8810394,1.1029464,0.86685944,-8.826669,-10.169485,5.7616894e-06,0.00017864483,0.9960821,3.842385e-05,0.0020645421,0.0016303938,1.00565025e-07,2.6258432e-08,2,,,,0.042046323,-4.8148613,-1.6037767,7.491596,-2.411322,1.0910316,0.97141105,-8.391344,-9.580786,2.1877424e-05,0.0006759218,0.9944375,0.00012555589,0.002439597,0.0022972268,1.8555756e-06,5.2016514e-07,2,,,,0.0015297073,Test
647,0,-3.6948009,-1.6305406,0.4751582,-1.1646161,-2.0405579,2.534173,-2.0490086,-3.1479611,0.00165146,0.013012621,0.10687061,0.020735443,0.008635682,0.83767784,0.008563014,0.002853366,5,,,,0.91367555,-3.5232415,-1.6463522,0.44807982,-1.1317272,-1.9135262,2.4441953,-2.1029592,-2.9939113,0.002285823,0.015942696,0.124425076,0.025072541,0.011673447,0.8051689,0.010970256,0.0044612195,5,,,,0.026854761,Test
648,0,-3.649862,-1.76135,1.6328504,-1.715543,-0.99723315,2.1896782,-3.1384568,-3.4087036,0.001747686,0.011551377,0.3441251,0.01209282,0.024801938,0.6005423,0.0029144995,0.0022243196,5,,,,1.3152103,-3.545854,-1.5096849,1.484384,-1.7581373,-1.1504362,2.2578683,-3.1243813,-3.774655,0.0023534612,0.016911648,0.30153388,0.012858113,0.022584546,0.63846385,0.0035098817,0.001784559,5,,,,0.025032995,Test
649,1,-0.83052266,2.080305,4.1389384,-3.6674469,-1.1268237,-0.4889922,-9.087265,-12.696473,0.0060411715,0.11098839,0.86962223,0.00035404682,0.004491993,0.008500528,1.567701e-06,4.2442846e-08,2,,,,0.66938305,-0.45623502,2.253493,4.378314,-3.706529,-0.9939588,-0.5491904,-9.408924,-12.488417,0.016196636,0.16692905,0.80216664,0.00037318986,0.004499958,0.00983278,1.6600312e-06,7.0846696e-08,2,,,,0.058226507,Test
650,0,-1.2695713,1.0282439,3.0908842,-3.1033096,-0.6982342,-0.22975534,-6.882552,-8.233995,0.010637285,0.10586669,0.83282274,0.0016999978,0.01883473,0.03008965,3.8827926e-05,1.0051244e-05,2,,,,0.90889466,-0.97345114,1.069229,2.7282596,-3.1918569,-0.57051855,-0.80355465,-6.453697,-7.7407584,0.021369202,0.18304814,0.73434776,0.0024278532,0.02969852,0.028945899,0.00013473716,2.787498e-05,2,,,,0.04382577,Test
651,0,-3.8782327,-0.23799345,5.8642545,-2.909543,-0.44981822,1.4483842,-8.453888,-10.777995,5.778962e-05,0.0022018396,0.98391634,0.00015224608,0.0017815224,0.011889678,5.9520715e-07,5.8253338e-08,2,,,,0.13750441,-4.010126,-0.08871601,6.178147,-3.0483985,0.027188813,1.6631603,-8.708339,-11.394803,8.425918e-05,0.0037854663,0.9790891,0.00013968645,0.0030784153,0.013822129,9.572072e-07,4.510288e-08,2,,,,0.0039841156,Test
652,0,-1.727741,1.4594995,4.6077824,-3.5040748,-0.36058435,0.00747725,-8.809607,-11.313762,0.0016687505,0.04041964,0.94161713,0.0002824486,0.0065484745,0.009462093,1.4020916e-06,1.1461346e-07,2,,,,0.39869896,-1.6082284,1.9101042,4.6513243,-3.66742,-0.3544005,-0.45825425,-8.798263,-11.730321,0.0049672923,0.10021801,0.88113767,0.0005087323,0.007183927,0.0059796474,4.604666e-06,1.950737e-07,2,,,,0.03087247,Test
653,1,2.5785837,2.8317072,-0.66966826,-2.7874393,-2.8286037,-1.618617,-5.0959435,-10.202722,0.42525214,0.5477428,0.016517663,0.0019870666,0.0019069308,0.0063947784,0.00019753397,1.1961793e-06,1,,,,1.1821808,2.4643054,2.723125,-0.886771,-2.8352804,-2.920093,-1.4889346,-4.96642,-9.964783,0.43390113,0.52937764,0.017829388,0.0026241732,0.0022909772,0.013622318,0.00034742118,6.967074e-06,1,,,,0.051107887,Test
654,0,6.3243814,0.7497447,-2.2635183,-0.61444813,-3.3989434,-5.3762145,-2.5427985,-10.189808,0.99486876,0.0037733922,0.00018539077,0.00096442946,5.9563405e-05,8.246347e-06,0.00014021629,6.69491e-08,0,,,,0.052491102,6.759259,0.9538414,-2.2968774,-0.529242,-3.4937472,-5.6169443,-2.5227408,-9.925181,0.99424016,0.004465396,0.00017508687,0.00087374577,7.870366e-05,1.1586553e-05,0.00015509456,1.6492397e-07,0,,,,0.0012908514,Test
655,0,-0.7039068,1.520761,2.5623436,-3.0485704,-1.0873832,-0.027832117,-6.55529,-9.290841,0.025503796,0.23592055,0.6685276,0.0024452894,0.017380534,0.05014416,7.334682e-05,4.7571475e-06,2,,,,1.3553715,-0.56127375,1.5860078,2.58453,-3.0311806,-1.0450209,-0.2584113,-6.197344,-8.740507,0.03891696,0.2604516,0.6319678,0.0030426239,0.019688852,0.045725983,0.00018021616,2.5990288e-05,2,,,,0.04800823,Test
656,0,-4.15375,-1.8820819,0.5080827,-0.6528809,-2.3143713,2.1637814,-1.7742773,-2.9340158,0.0013805459,0.013385171,0.146103,0.04575716,0.008687262,0.7651031,0.014908801,0.0046749255,5,,,,1.1871248,-4.472705,-2.1132812,0.66281384,-0.7717999,-2.4688394,2.2795079,-1.9016634,-2.7954707,0.0010057632,0.010768625,0.16743675,0.038857065,0.0077256844,0.75536007,0.012763532,0.006082527,5,,,,0.029520055,Test
657,0,0.61159545,3.2815406,3.7729216,-4.1496506,-1.9525037,-1.6903831,-9.931905,-15.498937,0.02549285,0.36809584,0.6016791,0.00021808992,0.0019626566,0.0025508322,6.7210084e-07,2.56864e-09,2,,,,1.1489735,1.0924969,3.3293643,3.4218526,-4.461709,-2.456842,-2.4735053,-10.022028,-16.077768,0.057555705,0.4509247,0.4874834,0.00019264175,0.0019184072,0.0019236756,1.5023234e-06,1.1903997e-08,2,,,,0.085358545,Test
658,0,-3.793867,-1.6819506,1.002371,-1.3550538,-1.683237,2.6033413,-2.4686768,-3.180644,0.0013230882,0.010934086,0.16016528,0.015161839,0.010920028,0.79407406,0.004978649,0.002442914,5,,,,0.9933329,-3.6824398,-1.4599984,0.93249595,-1.355848,-1.6999433,2.5209367,-2.1804261,-3.0283694,0.0017895425,0.01599124,0.16644114,0.017197493,0.0131499525,0.7727563,0.008722187,0.0039522015,5,,,,0.019990582,Test
659,0,-2.6094787,-0.16385211,3.8770773,-2.4387205,-0.17659526,0.3479442,-5.942144,-6.798969,0.001427197,0.016466683,0.93661135,0.0016929468,0.01625817,0.027471121,5.094783e-05,2.1627751e-05,2,,,,0.45526156,-2.4719698,-0.17466958,3.5933545,-2.2636685,-0.15223622,0.43624955,-5.5926485,-6.8115005,0.0030885611,0.026111564,0.8995,0.003710562,0.024360916,0.043001644,0.00017109304,5.5620076e-05,2,,,,0.011788698,Test
660,0,-4.7750807,-1.6780888,7.415019,-3.146602,1.0137161,-1.02813,-8.787755,-6.9923644,5.0702697e-06,0.0001122115,0.9979851,2.5838688e-05,0.0016560506,0.00021493682,9.169565e-08,5.521755e-07,2,,,,0.022790214,-4.874455,-1.4486912,7.4817924,-3.2503,1.3259771,-0.85721093,-9.003013,-7.2102814,1.1345423e-05,0.00020407714,0.9971158,3.2962318e-05,0.0023037088,0.0003310658,1.3134117e-07,9.874814e-07,2,,,,0.0003452099,Test
661,0,3.2892482,2.4535515,-0.23995,-2.6782382,-2.4375768,-2.5722635,-5.1857686,-10.8109665,0.67945164,0.2945914,0.019927245,0.0017398513,0.0022132485,0.0019343558,0.0001417443,5.111084e-07,0,,,,1.0655596,3.341576,2.0202177,-0.28675365,-2.678908,-2.1813655,-2.774814,-5.078248,-11.304105,0.7450479,0.21177045,0.03237813,0.0022222854,0.0051314365,0.0032285587,0.0002204112,9.3836013e-07,0,,,,0.029075084,Test
662,0,-3.7966764,-0.7640732,3.8050282,-2.5681024,-1.3419069,3.0463784,-6.7934513,-9.086204,0.0003360419,0.0069732675,0.67262316,0.0011480381,0.0039127884,0.3149883,1.6784592e-05,1.6950444e-06,2,,,,1.0064344,-3.9859238,-0.69569767,3.6466224,-2.5722363,-1.5578363,2.8958862,-6.563113,-8.632476,0.00063582853,0.01690268,0.64528435,0.0017809119,0.0042031864,0.33115155,3.331858e-05,8.076712e-06,2,,,,0.044182405,Test
663,0,-5.3061447,-1.5755482,7.7964907,-2.8784652,0.27981648,1.5720816,-9.476364,-10.790882,2.0344876e-06,8.484623e-05,0.99737227,2.3055953e-05,0.0005425093,0.0019752895,3.1430563e-08,8.442368e-09,2,,,,0.028958993,-5.453006,-1.2011821,7.9255233,-2.6380248,-0.16219097,1.3236477,-9.349437,-11.479891,4.911406e-06,0.00025222404,0.99716246,5.2254756e-05,0.00053612154,0.0019918473,2.6329207e-07,1.0452302e-08,2,,,,0.00068905944,Test
664,0,-2.8638175,-1.2702059,1.4142295,-1.8725106,-0.91691566,0.861812,-3.2133975,-2.3957212,0.007603293,0.037419543,0.5481936,0.020489004,0.053275853,0.31551647,0.0053602015,0.012142086,2,,,,1.6893998,-2.9002714,-1.2539164,1.3536777,-1.72066,-0.89082086,1.0677907,-2.9882855,-2.4183364,0.007911905,0.037481047,0.4875496,0.024637753,0.0522516,0.3709837,0.0072905244,0.011893887,2,,,,0.028063845,Test
665,1,-1.3571672,-1.0206198,0.8401795,-1.6695292,-1.0676714,-0.74406326,-1.891969,-1.2532716,0.058788605,0.08231023,0.52916205,0.0430166,0.07852709,0.10853274,0.034437507,0.06522506,2,,,,2.27824,-1.3720129,-1.0813196,0.82173586,-1.6171529,-1.0465304,-0.7841356,-1.8423706,-1.2791721,0.05947914,0.08126155,0.5165082,0.04677627,0.08306057,0.10686369,0.038826656,0.06722389,2,,,,0.028833667,Test
666,0,-3.6871622,-1.4206527,2.1605837,-1.6861271,-1.1418579,1.2104989,-3.414917,-2.9668386,0.0019433093,0.018744528,0.6732645,0.014374094,0.024771571,0.26035693,0.0025513887,0.0039936914,2,,,,1.2887205,-3.5424435,-1.1071388,2.1615937,-1.4499608,-1.0301478,1.0313461,-3.3689487,-3.0568948,0.0025537908,0.026456276,0.68207043,0.019478455,0.028772358,0.23342597,0.0028806778,0.0043620705,2,,,,0.026410796,Test
667,0,4.838415,1.2525233,-1.4718965,-1.9232934,-2.4455092,-4.580569,-3.373587,-9.00355,0.969249,0.026859775,0.0017615776,0.001121664,0.0006653763,7.867248e-05,0.0002630318,9.4394454e-07,0,,,,0.22219104,4.9791503,1.057175,-1.396577,-2.0484014,-2.263349,-5.0345974,-3.195084,-9.114271,0.9703088,0.024539724,0.0025418613,0.0010853854,0.00096366054,7.398316e-05,0.00048481495,1.7890595e-06,0,,,,0.004871827,Test
668,0,5.8297095,-0.18393995,-1.6349229,-0.19844498,-3.0997548,-4.8407164,-3.0543835,-9.8621855,0.99431014,0.0024312357,0.00056973536,0.0023962257,0.00013167545,2.3089524e-05,0.00013778728,1.5227151e-07,0,,,,0.06012152,5.4671664,0.10080377,-1.6655548,-0.26509148,-3.171187,-4.588132,-2.8481774,-9.606653,0.98049057,0.009090322,0.0027251344,0.006291192,0.00037481022,0.0003727502,0.00065391057,1.3668689e-06,0,,,,0.006171686,Test
669,1,-0.38841346,1.9165202,3.1047084,-3.254619,-1.4517277,-0.14933217,-7.5359225,-11.487512,0.021937001,0.21988583,0.72147423,0.0012485331,0.007575055,0.027861783,1.726051e-05,3.3181811e-07,2,,,,1.1507801,-0.44170174,1.8437275,2.7901614,-2.9331684,-1.6363684,-0.18943131,-7.074243,-10.803886,0.029154371,0.28344327,0.6365987,0.0027512182,0.008522231,0.039410412,0.00011649402,3.2221446e-06,2,,,,0.048574984,Test
670,0,-4.060118,0.20390558,6.408397,-3.1140957,-0.5781447,1.8911134,-9.282113,-12.647071,2.802584e-05,0.0019925106,0.98622745,7.2178984e-05,0.00091150816,0.010768262,1.51243e-07,5.2274833e-09,2,,,,0.11862656,-3.4278343,0.07172637,5.931884,-2.8678272,-0.6789298,1.488252,-8.797499,-12.024971,0.002888572,0.010207668,0.96349496,0.0012967328,0.0040318994,0.018074283,5.5928263e-06,3.022215e-07,2,,,,0.015653647,Test
671,0,0.5441458,-1.2476794,1.3254076,-1.8899027,-0.64103085,-4.284365,-3.058034,-1.806116,0.25807366,0.043009453,0.5636914,0.022628192,0.0788911,0.0020641824,0.0070361802,0.024605827,2,,,,1.7787068,0.6245249,-1.0854459,1.0199738,-1.7716662,-0.71703386,-4.249603,-2.8912265,-2.0097134,0.3261736,0.060052574,0.46486673,0.028993692,0.0808763,0.0032241624,0.010778235,0.02503472,2,,,,0.0459703,Test
672,0,-4.01119,-2.5758407,1.666729,-0.6297696,-1.4925612,-1.6258255,-1.390996,1.6403571,0.0015415481,0.006476214,0.45065677,0.045340806,0.01913302,0.01674587,0.021178385,0.43892747,2,,,,1.6292635,-4.0714817,-2.6477745,1.6000344,-0.7231783,-1.4369801,-1.5096437,-1.384961,1.5436106,0.0018934216,0.0076748775,0.44902277,0.046612605,0.022671629,0.022848478,0.025274884,0.42400137,2,,,,0.0180502,Test
673,0,-0.83362114,2.4254632,3.6620452,-3.8556013,-1.2019274,-0.22536843,-8.729905,-12.033148,0.0083870245,0.21827817,0.75171125,0.00040848728,0.0058030263,0.015408795,3.1210109e-06,1.1474009e-07,2,,,,0.98718506,-1.0070466,2.287757,4.344587,-3.7139244,-1.0664384,0.18226537,-8.9049015,-12.091552,0.008941843,0.18703583,0.7785492,0.00082106947,0.004009704,0.02063158,1.0281655e-05,4.3636223e-07,2,,,,0.05889624,Test
674,0,-1.7689036,1.0260386,4.384809,-2.905403,-0.9903867,-0.13500805,-7.5676804,-11.0801325,0.0020183728,0.033023976,0.9495653,0.0006477779,0.0043965,0.010341733,6.1182113e-06,1.8246782e-07,2,,,,0.36105543,-1.9167637,1.2353659,4.653483,-3.1670668,-0.93024874,-0.29240316,-7.853897,-11.505568,0.0037977844,0.065240785,0.9169494,0.0004857441,0.004374291,0.00914535,6.465039e-06,1.9065575e-07,2,,,,0.03030291,Test
675,0,-1.0668261,1.5659641,4.602192,-3.11303,-0.86569613,-0.60672766,-8.137205,-12.289064,0.0032509812,0.04522938,0.9419711,0.0004201064,0.0039752466,0.0051503005,2.7630438e-06,4.347686e-08,2,,,,0.38574487,-0.84522516,2.038372,4.739725,-3.0540423,-0.6275743,-0.85666925,-8.323133,-12.962639,0.010514498,0.09713058,0.8818361,0.000705243,0.005558934,0.004245694,8.891931e-06,5.1251426e-08,2,,,,0.037944395,Test
676,0,-0.7391913,0.47999427,2.0883024,-2.5399983,-0.52737665,-1.1076303,-5.1480756,-5.0997543,0.042725343,0.14460096,0.72218835,0.007056755,0.052805055,0.02955797,0.0005199141,0.0005456536,2,,,,1.373113,-0.5748024,0.6252659,2.225178,-2.5184765,-0.48162213,-1.1276754,-5.215643,-5.4750743,0.049043782,0.15685345,0.70910865,0.007350272,0.05050668,0.02600376,0.0006758581,0.0004575621,2,,,,0.030252093,Test
677,0,4.7321,3.392224,-1.355242,-2.621187,-3.0371747,-4.602801,-4.5517178,-10.474679,0.7902677,0.20695385,0.0017950439,0.0005061537,0.0003339036,6.977154e-05,7.342832e-05,1.9658656e-07,0,,,,0.7664392,4.8211036,3.3641765,-1.6774601,-2.517165,-3.0069528,-4.7761087,-4.478438,-10.230178,0.7976637,0.19883582,0.0021193915,0.00063541485,0.00053738226,6.3677224e-05,0.00014395153,6.250433e-07,0,,,,0.020218022,Test
678,0,0.36237505,2.7624633,2.8367126,-3.445091,-1.5633367,-1.2131149,-7.632033,-11.695001,0.041197676,0.45416933,0.48917457,0.00091476855,0.006005467,0.008524052,1.3897786e-05,2.3901268e-07,2,,,,1.3237237,0.40555698,2.634601,3.1449695,-3.8137271,-1.4496951,-1.1468799,-8.47263,-12.664835,0.03808834,0.3690801,0.57447016,0.0005518432,0.007246945,0.010553097,9.27245e-06,1.9419704e-07,2,,,,0.072741814,Test
679,0,3.0959864,0.74025345,-0.7122806,-1.7223092,-2.057018,-3.255485,-3.2319186,-6.64049,0.8814749,0.083584964,0.019556928,0.0071228007,0.005096693,0.0015374499,0.0015741128,5.208489e-05,0,,,,0.69012284,2.866147,0.99501467,-0.7253499,-1.8111575,-2.1094258,-3.2099571,-3.063972,-6.52529,0.814864,0.13741173,0.025653755,0.009586199,0.006578737,0.0030440954,0.0027793273,8.213079e-05,0,,,,0.021124413,Test
680,0,-3.7490158,-2.8094487,3.0783734,-1.982082,0.37271512,-2.1600592,-3.2182872,3.0698986,0.0005220716,0.0013359151,0.48175645,0.0030556226,0.032194003,0.0025574376,0.000887611,0.4776909,2,,,,1.2513212,-3.7926068,-2.7010221,3.1723766,-1.8485609,0.48799938,-2.096269,-3.2383442,3.2200668,0.0005032864,0.0015392731,0.46449032,0.0033887965,0.03454179,0.0031427057,0.0008364939,0.49155736,7,,,,0.03480786,Test
681,1,-1.275924,1.9302002,4.0730386,-3.7292893,-0.9423411,-0.26927438,-8.519519,-11.492892,0.0041615977,0.102721706,0.87555844,0.00035791268,0.0058094272,0.011387873,2.9744504e-06,1.5208524e-07,2,,,,0.658862,-1.7116623,1.4126852,4.2372656,-3.5183358,-0.7259371,0.15472358,-8.424144,-11.667536,0.004087462,0.08366986,0.8855618,0.00046523055,0.006895677,0.019315755,3.91686e-06,2.3762024e-07,2,,,,0.024892189,Test
682,0,3.4453022,1.7376924,0.83305067,-2.4559298,-2.751198,-3.855148,-6.968706,-13.330711,0.7935591,0.14387114,0.05822277,0.0021712352,0.001616119,0.00053583854,2.3814035e-05,4.110066e-08,0,,,,0.94638395,2.897779,1.3142349,1.1214287,-2.8909707,-2.548885,-3.3978753,-7.371358,-13.459351,0.6655482,0.14174101,0.18023662,0.003605051,0.004203468,0.004630494,3.5124816e-05,1.200978e-07,0,,,,0.059423484,Test
683,0,-3.1705143,-1.1722502,1.1177877,-1.3231235,-1.9142966,1.3203448,-2.2997644,-3.4073756,0.0054510734,0.040208425,0.39707074,0.0345775,0.019144777,0.48622504,0.013020988,0.0043014465,5,,,,1.6548016,-3.3304722,-1.2117037,1.1579775,-1.3750771,-2.0129185,1.3137178,-2.4689183,-3.357938,0.004949105,0.039907616,0.40767854,0.03321232,0.019825105,0.47688514,0.011939754,0.005602423,5,,,,0.026093155,Test
684,0,-1.4554276,0.5452824,3.1343565,-3.6312697,-0.6726631,0.8531434,-8.264181,-10.994364,0.008387171,0.062017296,0.82591134,0.0009520492,0.01834703,0.08437528,9.260009e-06,6.03821e-07,2,,,,0.95104086,-1.7038065,0.26219848,3.4986813,-3.754591,-0.5098242,1.0367177,-8.1185255,-10.528189,0.006040807,0.03906914,0.8345032,0.0013024922,0.018285906,0.100771114,2.6119558e-05,1.2071395e-06,2,,,,0.028566964,Test
685,0,2.2809184,2.5489771,0.2072417,-2.9366047,-2.2745733,-2.7347043,-5.432548,-9.53644,0.40713885,0.5323031,0.051186595,0.0022069935,0.004278758,0.0027007556,0.00018189743,3.002819e-06,1,,,,1.3100368,2.1304317,2.5710568,0.12067737,-2.6998093,-2.1815572,-2.768691,-5.427335,-9.517742,0.37220168,0.5515015,0.060200185,0.004644357,0.0063224286,0.0047858697,0.000338929,5.04657e-06,1,,,,0.043509882,Test
686,0,-0.26340288,2.2567039,4.1116505,-3.7545595,-1.3521373,-1.3036638,-9.333231,-13.419941,0.0106843775,0.132806,0.84881055,0.00032550615,0.0035968123,0.0037754583,1.2296257e-06,2.0650823e-08,2,,,,0.7208958,-0.6599701,2.0645263,4.4180255,-4.003143,-0.8942563,-0.956998,-9.995508,-13.563327,0.007073117,0.13793337,0.8432271,0.00022936377,0.0047366275,0.0067998143,5.8402713e-07,2.1032363e-08,2,,,,0.04417382,Test
687,0,-4.6847367,-2.1396728,5.3222756,-1.9502984,-0.042990692,0.15289783,-5.6705456,-4.33547,4.4558717e-05,0.0005678582,0.98837763,0.00068625284,0.004621866,0.005621997,1.6626525e-05,6.31855e-05,2,,,,0.10966972,-5.017619,-2.2642646,5.3259273,-1.8947703,-0.49771962,0.20797296,-5.501642,-4.048337,0.00046194033,0.001227556,0.98574555,0.0013716705,0.0036057266,0.0072524054,0.00018796757,0.00014730406,2,,,,0.0030398052,Test
688,0,-0.7420801,1.6715304,2.1598768,-3.0133557,-1.8898156,0.5313459,-6.1598425,-9.467047,0.02908483,0.32500067,0.5296274,0.0030009868,0.009230208,0.10392222,0.00012905126,4.7256517e-06,2,,,,1.589808,-0.5599212,1.8209759,2.0315833,-2.989303,-2.056238,0.50251424,-5.966467,-9.583176,0.035669126,0.3935951,0.45576525,0.0029981234,0.0083369445,0.10344638,0.00018265846,6.4427995e-06,2,,,,0.066390894,Test
689,0,-3.7555468,-1.1744862,4.764394,-2.8358195,0.3145585,1.3035527,-7.0010767,-7.1429057,0.00019060112,0.002518058,0.95562726,0.00047814316,0.011162196,0.030009884,7.423516e-06,6.441904e-06,2,,,,0.31637308,-3.7310956,-1.4502457,4.972497,-2.8695912,0.27170044,1.1995407,-7.1859407,-7.1516314,0.00040797767,0.0023859201,0.9607584,0.0005234309,0.009154896,0.02675202,1.0132558e-05,7.3635492e-06,2,,,,0.0060039526,Test
690,0,-1.1723003,1.7092948,3.9745517,-3.434861,-1.4588242,0.311388,-8.247496,-12.690637,0.0051021134,0.09103554,0.87699986,0.00053104653,0.0038310199,0.022496127,4.3155046e-06,5.0745836e-08,2,,,,0.67941976,-0.9915824,2.3470755,4.035551,-3.6366715,-1.8008566,0.40572423,-8.191248,-12.827143,0.008409571,0.25246394,0.7118855,0.0004024615,0.0028361077,0.02399486,7.3893934e-06,1.3556186e-07,2,,,,0.06512358,Test
691,0,-5.6762238,-2.037796,7.2486415,-2.3520865,1.3257866,1.8811061,-8.448189,-9.464861,2.4185465e-06,9.198215e-05,0.9925498,6.717522e-05,0.002657597,0.0046308553,1.5125346e-07,5.4723042e-08,2,,,,0.071570106,-5.3718686,-1.7857628,7.05838,-1.9750417,0.92599154,1.9460542,-7.8588614,-9.357386,1.4167743e-05,0.0006388575,0.9850259,0.00030046268,0.0059168404,0.008099689,2.2188015e-06,1.9039502e-06,2,,,,0.004775738,Test
692,0,-3.9607117,-0.62340945,5.7119493,-3.3127675,0.25078273,1.5537391,-8.828976,-9.490537,6.163588e-05,0.0017346247,0.97862613,0.00011782349,0.004157788,0.015301325,4.7377625e-07,2.4448994e-07,2,,,,0.17398569,-4.0356913,-0.5986598,5.6938815,-3.3720798,0.62455904,2.125364,-9.06107,-9.847326,0.0001210258,0.0022259734,0.9508392,0.00021658656,0.007427822,0.039167903,9.917917e-07,5.167516e-07,2,,,,0.009709924,Test
693,0,-3.1037846,-0.06449179,3.8484335,-2.8908253,-0.355319,1.5760614,-7.369052,-8.555334,0.0008389372,0.017525788,0.8770804,0.0010380459,0.013103064,0.090398386,1.17854825e-05,3.5987491e-06,2,,,,0.68274033,-2.9278142,0.051805932,3.8631675,-2.878169,-0.49818835,1.5041156,-6.9099035,-8.960218,0.0015719294,0.023794377,0.8582802,0.0014381257,0.01244816,0.102435686,2.8031685e-05,3.5263886e-06,2,,,,0.02298379,Test
694,0,-1.3164251,1.3238062,4.571395,-3.4135034,-1.2538617,-0.16045247,-8.477183,-12.735704,0.0026315784,0.03688539,0.94899553,0.00032319658,0.0028014795,0.008360823,2.0433306e-06,2.8899267e-08,2,,,,0.35508108,-0.7459342,1.3644809,4.27992,-2.90202,-0.8529417,-0.24963427,-7.8815813,-12.943796,0.012208954,0.0631382,0.89955777,0.0015435002,0.0067790872,0.016756382,1.5960079e-05,1.5065939e-07,2,,,,0.015892366,Test
695,0,0.48553374,2.7651021,2.5525396,-3.4066916,-2.51652,-0.54748183,-8.657166,-14.442749,0.052356802,0.51165485,0.41367793,0.0010680733,0.0026013444,0.018635463,5.6020785e-06,1.7206883e-08,1,,,,1.3842882,0.068967186,2.926774,2.4875195,-3.4623513,-2.5784624,-0.4687729,-8.644175,-14.5067625,0.047351602,0.53971726,0.3759145,0.0012023931,0.002945142,0.032861404,7.676963e-06,5.4743133e-08,1,,,,0.052683126,Test
696,0,-4.3444185,-2.6914628,1.4479971,-0.5152214,-1.6383045,-0.8707589,-1.3594569,1.7291595,0.0011346942,0.005925819,0.37195718,0.05222494,0.016987488,0.03659907,0.022450767,0.49272004,7,,,,1.7087219,-4.4470162,-2.6479015,1.5064888,-0.5551628,-1.585439,-1.1228455,-1.3704569,1.9283135,0.0010249792,0.0063257455,0.34945518,0.047454983,0.016553793,0.027631974,0.023115259,0.5284381,7,,,,0.032156527,Test
697,1,6.6733427,3.862981,-2.0007792,-2.3926373,-4.627684,-5.8989334,-5.8024955,-15.23993,0.94296086,0.056750424,0.000161202,0.00010894031,1.1655204e-05,3.2690648e-06,3.6000304e-06,2.8686672e-10,0,,,,0.31858072,6.5436516,4.1725936,-2.406716,-2.1707263,-5.1171293,-5.2980423,-5.777858,-15.788051,0.86583805,0.13375327,0.00017262892,0.00020360816,1.26980985e-05,1.22975525e-05,7.303626e-06,5.967521e-10,0,,,,0.03444322,Test
698,0,-1.7216372,-0.6715752,3.0905797,-2.9079783,0.63505995,-1.8380134,-5.182919,-2.9944243,0.007198141,0.020571046,0.88540006,0.0021978542,0.075983785,0.0064073545,0.00022594607,0.0020158396,2,,,,0.69137526,-1.8790509,-0.751398,3.1985154,-3.0173368,0.6730055,-1.9677267,-5.177649,-2.8457618,0.007351294,0.019807357,0.8890551,0.0021031438,0.07344669,0.005497047,0.00026187114,0.0024775178,2,,,,0.009540765,Test
699,1,8.7102995,-0.26170936,-2.9787517,-0.019503476,-4.5140367,-7.572,-3.5502887,-13.167682,0.9996965,0.00012687448,8.382585e-06,0.00016164522,1.8055592e-06,8.4831186e-08,4.733284e-06,3.150516e-10,0,,,,0.0043777204,9.298792,-0.66301745,-3.4725928,0.11019337,-4.7178316,-8.096426,-3.6967533,-13.904103,0.9997119,9.785291e-05,6.1261844e-06,0.000176521,3.3597669e-06,1.4828704e-07,4.0935383e-06,6.673851e-10,0,,,,6.619961e-05,Test
700,0,-3.279849,-0.66469353,6.776627,-3.2745898,0.57130617,-1.4153937,-9.141333,-9.200053,4.277997e-05,0.0005847744,0.99704045,4.3005566e-05,0.0020126866,0.0002760346,1.2179542e-07,1.14849335e-07,2,,,,0.033084355,-3.455265,-0.57122695,6.804624,-3.4018166,0.6906449,-1.425636,-8.868548,-8.691676,0.00014150543,0.0013457176,0.9952509,6.7633904e-05,0.002659733,0.0005337332,5.276587e-07,2.8978727e-07,2,,,,0.0008120605,Test
701,0,-0.46896777,1.8767377,3.0887494,-3.173721,-1.4684229,-0.5047991,-7.235102,-10.567997,0.020866107,0.21785541,0.73204595,0.0013956678,0.0076803947,0.020131681,2.404067e-05,8.580033e-07,2,,,,1.1058781,-0.2934003,1.5872349,3.0782301,-3.1237593,-1.7068285,-0.70704097,-6.8312883,-10.36006,0.041924894,0.22446465,0.7063139,0.0018729486,0.007130063,0.018187076,0.000102413425,4.123826e-06,2,,,,0.051434517,Test
702,0,-2.4627402,-0.4598705,1.3940074,-2.1294444,-0.8545139,1.4760643,-3.6927426,-3.0391245,0.008747189,0.06481923,0.41384035,0.012207229,0.04368299,0.44923094,0.0025567324,0.004915279,5,,,,1.6956636,-2.6909013,-0.43300653,1.2924982,-2.3326535,-1.1112413,1.500171,-3.8623078,-3.1980054,0.008595857,0.06932772,0.3879704,0.011081392,0.037394784,0.47715268,0.002568822,0.0059083477,5,,,,0.027044663,Test
703,0,-2.0039284,-2.1626363,2.7049568,-2.186637,0.33194792,-3.548351,-3.1334624,1.6197482,0.0061741765,0.0052680904,0.6848917,0.0051431553,0.063831836,0.0013177858,0.0019953945,0.23137787,2,,,,1.2707638,-1.864568,-2.1999516,2.500853,-2.146978,0.2058717,-3.5950196,-2.9163966,1.6535476,0.01057473,0.0072464324,0.62631136,0.007148651,0.064938284,0.0017426526,0.00373777,0.2783002,2,,,,0.028334111,Test
704,0,-3.6393876,-0.6631577,6.2378473,-3.2684865,0.76779354,0.7185967,-8.848698,-9.799732,5.0854364e-05,0.0009974445,0.990734,7.369e-05,0.004171987,0.003971704,2.7794175e-07,1.0738044e-07,2,,,,0.08965361,-3.0449579,-0.53662294,5.967244,-3.328137,0.32166082,0.844601,-8.805814,-10.144213,0.00020990039,0.0022449065,0.98356897,0.00015315547,0.0043628984,0.0094587235,8.5009015e-07,6.1933804e-07,2,,,,0.003102114,Test
705,0,4.9059944,0.940684,-0.25997072,-1.5296073,-3.0083964,-4.7082033,-5.2874546,-11.449946,0.9739536,0.018468255,0.0055588908,0.0015616798,0.000355928,6.5034714e-05,3.6440102e-05,7.67791e-08,0,,,,0.20516013,4.954135,1.2152678,-0.2979589,-1.8774703,-2.9369373,-4.503764,-5.365419,-11.527703,0.9537078,0.03728418,0.007093376,0.001284129,0.0004679002,0.000119275726,4.3317053e-05,1.194534e-07,0,,,,0.010964455,Test
706,0,5.4725976,-0.25793737,-2.031387,-0.635022,-2.780955,-4.8742924,-2.2203383,-7.986586,0.9932735,0.0032235107,0.0005471794,0.0022108704,0.00025858099,3.187659e-05,0.00045296975,1.4184683e-06,0,,,,0.0704014,5.6264777,-0.34099635,-2.0941443,-0.7084516,-2.7058969,-5.1089754,-2.091866,-8.441794,0.993343,0.003021523,0.00045754627,0.0022849855,0.00027839822,3.422262e-05,0.00057844305,1.8706648e-06,0,,,,0.0009443923,Test
707,0,-4.531298,-1.7576542,4.3359075,-2.444157,0.2902088,1.1618801,-5.7608385,-4.419045,0.00013257495,0.0021234385,0.9406757,0.0010687972,0.01645945,0.039352953,3.876847e-05,0.00014832432,2,,,,0.39775908,-4.69721,-1.857996,4.321519,-2.62197,0.30069032,1.1953659,-5.9709125,-4.2959332,0.0001816222,0.003136314,0.9249898,0.0011067712,0.01918878,0.05105157,5.235195e-05,0.0002928215,2,,,,0.011001732,Test
708,0,-0.7377005,2.1059675,2.651751,-3.1750288,-1.1610355,-0.05193827,-6.833458,-9.959189,0.019779174,0.3397797,0.5864462,0.0017285815,0.012952573,0.039267283,4.4550692e-05,1.9559877e-06,2,,,,1.3737807,-1.0068668,1.9388965,3.0131757,-3.0899558,-0.9340302,0.021712119,-6.706847,-9.238396,0.012646938,0.25405172,0.67067516,0.0016420182,0.015804507,0.045126338,4.545772e-05,7.880165e-06,2,,,,0.035390258,Test
709,0,-3.9639554,-1.759631,2.4863214,-1.4583855,-0.98181,0.8810135,-3.117747,-2.396942,0.001235873,0.011202106,0.78215617,0.015140109,0.024383895,0.15707862,0.0028805628,0.0059226905,2,,,,1.0715625,-3.5518212,-1.6991726,2.2271068,-1.4395417,-1.0166819,1.0471605,-2.9100437,-2.2311885,0.0023902382,0.014663219,0.69235694,0.018929873,0.029022982,0.22658983,0.0053134225,0.010733464,2,,,,0.026458256,Test
710,0,-4.044612,-1.7821515,-0.25043833,-0.67908937,-2.758847,3.4421809,-1.4860166,-4.123236,0.00053028564,0.005094292,0.023566676,0.015351035,0.0019182728,0.9461991,0.006850048,0.000490189,5,,,,0.4119432,-4.0996943,-1.7732074,-0.14983478,-0.7158602,-2.536189,3.2657332,-1.6829107,-3.9428387,0.0009872516,0.009959038,0.033995938,0.018772256,0.0032094978,0.922743,0.009578951,0.0007541495,5,,,,0.0137394145,Test
711,0,-4.027374,-0.37414762,6.66331,-3.3075945,-0.11321272,1.5072818,-9.639273,-11.842608,2.2578657e-05,0.0008715132,0.9922084,4.6376095e-05,0.0011313488,0.0057196347,8.250525e-08,9.111389e-09,2,,,,0.07475727,-4.155626,-0.7083551,6.9039803,-3.3014026,-0.14941987,1.6659313,-10.217517,-12.126772,0.00018972527,0.0034019775,0.9878852,0.00013089248,0.001816043,0.0065757288,3.7645697e-07,4.045629e-08,2,,,,0.003476332,Test
712,0,12.715415,-3.8428116,-3.8953657,3.8903992,-6.884747,-10.006266,-3.5379024,-16.34332,0.9998528,6.4385674e-08,6.1089374e-08,0.00014698747,3.0739278e-09,1.3553016e-10,8.73394e-08,2.3982135e-13,0,,,,0.002088972,12.457932,-3.6561542,-3.871941,3.301648,-6.9083643,-9.50819,-4.3454504,-16.17064,0.9997872,1.7560919e-07,1.9492468e-07,0.00021244546,1.0788525e-08,9.505516e-10,7.0357025e-08,1.9643738e-11,0,,,,6.954779e-05,Test
713,0,8.212966,-1.1999173,-2.909173,0.6281217,-4.552667,-6.430912,-2.9823823,-12.17077,0.9993788,8.161437e-05,1.4772247e-05,0.0005077784,2.8555273e-06,4.3649044e-07,1.3729413e-05,1.4034154e-09,0,,,,0.008081857,7.8749695,-1.1240008,-2.7019296,0.7028151,-4.555957,-5.8585114,-2.9559717,-12.163626,0.9981977,0.0005129514,0.00013128376,0.0010804452,1.7336384e-05,9.837772e-06,5.0393963e-05,5.522798e-08,0,,,,0.0005273013,Test
714,0,-3.926643,-0.9728033,4.2430615,-2.8080096,-0.28276607,1.856558,-6.678838,-6.525626,0.0002551857,0.004894323,0.9013924,0.0007810387,0.009758252,0.08288358,1.6277701e-05,1.8972827e-05,2,,,,0.54718965,-3.918487,-0.85767573,4.3208857,-2.8273711,-0.43656397,1.8034742,-6.550564,-7.059005,0.00053224445,0.008707404,0.8831047,0.0009890277,0.008322562,0.0982537,5.647057e-05,3.388837e-05,2,,,,0.0293722,Test
715,0,1.1499474,2.8298035,2.7617993,-3.5773656,-2.4000773,-1.0278512,-8.887395,-14.645595,0.08674698,0.46537882,0.43478325,0.0007677297,0.0024917142,0.009827624,3.7939537e-06,1.1976702e-08,1,,,,1.437068,0.976171,2.8727915,2.6675124,-3.4142036,-2.4326062,-1.4733443,-8.492833,-13.595026,0.07849876,0.4778196,0.43096322,0.0009155132,0.0049656285,0.0068300604,7.048848e-06,1.252432e-07,1,,,,0.07646839,Test
716,0,-2.8394897,-0.26080176,5.051997,-2.7039452,-0.28590643,0.6383191,-7.496972,-9.374003,0.00036563125,0.0048189606,0.97785085,0.00041870645,0.004699488,0.011842313,3.4699601e-06,5.310558e-07,2,,,,0.18976909,-2.6719651,-0.288443,5.0083237,-2.7243664,-0.4845317,0.82388115,-7.3577104,-9.531569,0.0010385937,0.01270591,0.9600484,0.0007114544,0.0046480363,0.020826232,2.034096e-05,1.0996848e-06,2,,,,0.011788284,Test
717,0,-3.3613002,-0.9957375,1.9813728,-1.7396333,-1.0215302,2.0681915,-3.3038352,-4.4405475,0.0021477954,0.02287409,0.4490415,0.010871114,0.022291653,0.48976907,0.002274835,0.00072993117,5,,,,1.3875757,-3.4894576,-1.0109547,1.9580047,-1.7627201,-1.0618722,1.9817126,-3.2211316,-4.288577,0.0026632047,0.025619734,0.4573578,0.015156475,0.024170397,0.46971765,0.0039710444,0.0013437627,5,,,,0.027406476,Test
718,0,-1.492335,1.3057694,3.7693148,-3.039853,-1.0129502,0.33272308,-7.3236227,-10.628067,0.004581968,0.07520614,0.8834001,0.0009749299,0.007400248,0.028422654,1.3444848e-05,4.936896e-07,2,,,,0.6827139,-1.6737149,1.2161623,3.6343713,-2.8763103,-1.1203601,0.7055235,-7.0583405,-10.411989,0.013427575,0.13464078,0.77797997,0.0022950291,0.008070348,0.06349985,8.491183e-05,1.4993764e-06,2,,,,0.051016506,Test
719,0,-0.7997738,2.1031392,3.2714598,-3.4833727,-1.2424885,-0.21581359,-7.8953686,-11.279628,0.012443846,0.22681603,0.72957337,0.00085012463,0.007992564,0.022313379,1.0312812e-05,3.496327e-07,2,,,,1.0830377,-1.256798,1.7372379,3.210106,-3.363182,-0.9684057,-0.11379039,-8.031099,-11.378353,0.012466766,0.21065712,0.7261008,0.0011626227,0.013725445,0.035867848,1.8115168e-05,1.1055763e-06,2,,,,0.038929433,Test
720,0,-3.5540192,-0.63011366,3.6789377,-2.6263955,-0.6733767,2.0545294,-6.162846,-6.7497463,0.0005892265,0.010967767,0.8156719,0.0014898553,0.010503386,0.1607104,4.337937e-05,2.4121011e-05,2,,,,0.8253824,-3.774165,-0.80368435,3.672493,-2.8033137,-0.57441235,2.27086,-6.5664544,-6.736982,0.00095613254,0.009546882,0.77016795,0.0015157288,0.012500087,0.20522006,5.572674e-05,3.7457165e-05,2,,,,0.025908068,Test
721,0,-1.6794137,0.8281762,3.795284,-3.1574504,-0.38998023,-0.12342967,-7.090967,-8.791425,0.0038393985,0.047129802,0.9159972,0.00087570923,0.0139398165,0.018197779,1.7141752e-05,3.130083e-06,2,,,,0.55481577,-1.764883,0.5265438,3.6473038,-2.9629426,-0.6679377,-0.31399778,-6.995824,-8.541754,0.0068790717,0.06513159,0.88841295,0.002683681,0.013724135,0.023023115,0.00013898531,6.5065237e-06,2,,,,0.030969242,Test
722,0,-2.3926828,-0.39652634,2.343519,-1.955062,-0.9462179,0.4142939,-3.8968487,-4.3414106,0.0068926252,0.050734617,0.78576183,0.010676795,0.02928036,0.11414033,0.0015315586,0.0009818899,2,,,,1.1416119,-2.3535142,-0.37884012,2.2539134,-2.1239347,-0.82197654,0.26201454,-3.9474277,-3.8167732,0.009347385,0.061519325,0.7651635,0.012062425,0.03696073,0.11047779,0.0022801592,0.002188723,2,,,,0.024325423,Test
723,0,-3.0915866,-1.8855636,1.7216481,-2.0111802,-0.89333975,0.9740513,-3.335772,-1.7079332,0.004938286,0.016494738,0.60804754,0.014547585,0.044490036,0.2879124,0.0038683685,0.019701049,2,,,,1.5202956,-3.2589755,-1.9266809,1.8541723,-1.9915473,-0.7839695,1.0053129,-3.5722928,-1.8147042,0.00548028,0.016325608,0.6190925,0.014098221,0.045934334,0.27793747,0.0032464154,0.017885137,2,,,,0.03476158,Test
724,0,-0.97712743,-0.8351296,2.077155,-2.2628143,0.052288286,-2.432334,-3.486358,-1.3989047,0.036489695,0.04205708,0.7737993,0.010087962,0.10215035,0.00851495,0.0029677371,0.023932865,2,,,,1.2682707,-1.1369283,-0.9057478,2.3032088,-2.4803004,0.12511201,-2.5017612,-3.6538453,-1.247094,0.03279304,0.037263267,0.79522544,0.008101974,0.092224814,0.0071041496,0.0025941136,0.024693202,2,,,,0.017043449,Test
725,0,-4.483927,-1.3052053,7.143928,-2.9246294,0.38660294,1.3759512,-9.297257,-11.1799135,8.873876e-06,0.00021311545,0.9954667,4.2199536e-05,0.0011570649,0.0031119045,7.206275e-08,1.0966895e-08,2,,,,0.04709201,-4.281984,-1.8608806,6.6924353,-2.633473,0.53145754,1.2215881,-8.433885,-10.4294815,6.66188e-05,0.00042277118,0.9876251,0.00030529062,0.0045038117,0.0070726923,3.5194898e-06,2.1680394e-07,2,,,,0.0033815026,Test
726,0,-4.9526424,-2.1733441,5.7192636,-2.6840227,0.7184987,0.4698926,-6.795762,-4.699703,2.2897924e-05,0.00036883305,0.98751974,0.00022133243,0.006648768,0.0051852884,3.6252588e-06,2.9488061e-05,2,,,,0.11310024,-5.007207,-2.3188996,5.665331,-2.981723,0.8260878,0.35322174,-7.0612745,-4.333129,5.0185936e-05,0.00047850638,0.98379266,0.00026156966,0.00844578,0.006895794,6.1068386e-06,6.943116e-05,2,,,,0.0023975295,Test
727,0,-3.7340863,-1.1072681,3.9625049,-2.6557698,0.17812514,1.9364403,-6.379958,-6.3904214,0.0003907867,0.005404464,0.8600564,0.0011488062,0.01954302,0.11340139,2.7723785e-05,2.7435204e-05,2,,,,0.7113281,-3.7501876,-1.2520797,4.059105,-2.9687824,0.0884761,1.9104474,-6.6958227,-6.229303,0.0006116527,0.007836832,0.85618085,0.0009186498,0.020163232,0.11420469,2.8032611e-05,5.6139612e-05,2,,,,0.019304208,Test
728,0,-4.136907,-2.2414987,2.6161096,-1.8076332,-0.35515124,0.8775954,-3.552544,-1.2277228,0.00091812643,0.006110374,0.78650284,0.009429599,0.040299356,0.13825256,0.0016469791,0.016840115,2,,,,1.085973,-4.031983,-2.176111,2.430104,-1.6069597,-0.40415835,0.80758536,-3.2604415,-1.5185398,0.0014478173,0.008981395,0.7446333,0.014835032,0.045689438,0.16530678,0.0034404397,0.01566577,2,,,,0.029281039,Test
729,0,2.3148549,2.534795,0.23057817,-2.9704554,-2.0792801,-2.4489436,-5.711595,-9.826283,0.4172439,0.51988685,0.051903922,0.0021135325,0.0051527782,0.003560398,0.00013631606,2.2261825e-06,1,,,,1.3270158,2.5120897,2.5923862,0.29787502,-3.3996327,-2.0501962,-2.6249862,-6.265001,-10.139948,0.44421378,0.48192334,0.05955885,0.0016856448,0.008280094,0.0042384835,9.5793934e-05,4.0667555e-06,1,,,,0.048527192,Test
730,1,-3.7774267,0.35258043,7.517523,-3.7809882,0.14411433,0.3446405,-10.895461,-13.451863,1.2408361e-05,0.0007715318,0.9978119,1.2364242e-05,0.0006263515,0.0007654302,1.0055225e-08,7.8011675e-10,2,,,,0.026123084,-2.9465384,0.4029061,7.520814,-3.3965645,0.2682149,0.78633046,-10.092369,-12.984662,0.00012995307,0.003205973,0.9935976,3.530806e-05,0.0010063888,0.0020245733,1.3230418e-07,1.00421085e-08,2,,,,0.0023027654,Test
731,1,3.1103842,1.2628022,0.3367368,-2.2825515,-2.2952988,-3.3777835,-4.917507,-10.193449,0.8123869,0.12804666,0.050720457,0.0036952228,0.003648418,0.0012359117,0.0002650294,1.3551321e-06,0,,,,0.91589594,3.0583758,1.3400762,0.48635548,-2.2937675,-1.9629529,-3.288137,-4.8082757,-9.879586,0.7710816,0.14171882,0.07242553,0.004574039,0.007964306,0.0017493546,0.00047920784,7.1036216e-06,0,,,,0.02257062,Test
732,0,-2.2538254,1.0489755,3.5103264,-2.960725,-0.8775932,1.0570731,-6.918859,-9.34443,0.002640401,0.07178902,0.8414128,0.0013021688,0.010455864,0.0723727,2.486974e-05,2.1991727e-06,2,,,,0.86090326,-2.5984454,0.8211047,3.4582534,-3.3075995,-1.1245136,0.8595502,-7.2609644,-8.9003315,0.003933892,0.071580335,0.83733904,0.0013793006,0.0105791595,0.07515615,2.6696755e-05,5.3558724e-06,2,,,,0.025476066,Test
733,0,8.03751,5.252829,-1.2649252,-3.4526846,-5.3698087,-5.8961287,-9.737185,-21.898643,0.9417502,0.05815194,8.58894e-05,9.6340245e-06,1.4164833e-06,8.3682255e-07,1.796735e-08,9.3935446e-14,0,,,,0.32156292,7.689096,4.8662996,-1.48789,-3.231691,-4.879862,-5.8614883,-9.078779,-20.900467,0.8927248,0.10708831,0.00012972287,4.22135e-05,7.759982e-06,7.0628644e-06,1.7963313e-07,3.2687973e-12,0,,,,0.03178101,Test
734,0,-2.0645587,1.4087251,4.1893744,-3.423166,-1.1325516,1.0015701,-8.422927,-11.436108,0.0017314407,0.055825878,0.9004429,0.00044501224,0.004397168,0.03715441,2.9991868e-06,1.4736534e-07,2,,,,0.60044855,-1.5231056,1.7699478,3.698862,-3.270066,-1.4567726,0.49999523,-8.085235,-11.658647,0.0071773194,0.16205809,0.78416157,0.0011007965,0.0047018137,0.04079014,9.997221e-06,2.9515795e-07,2,,,,0.04192221,Test
735,0,2.212611,-0.2577408,-0.17051052,-1.5634285,-1.1796744,-3.4660406,-2.446688,-4.296391,0.80144686,0.067766435,0.0739432,0.018363759,0.026954042,0.0027394765,0.0075921877,0.0011941289,0,,,,1.1317087,2.1665301,-0.5816306,-0.054404844,-1.6910708,-1.2900488,-3.7371383,-2.5461693,-4.145585,0.7925745,0.055886995,0.09492752,0.017892797,0.027053032,0.0024774964,0.007462655,0.0017250165,0,,,,0.020756604,Test
736,0,1.8357162,2.1478171,0.5218668,-2.737239,-1.9478645,-2.4182992,-5.211743,-8.193298,0.37268028,0.50919026,0.10017026,0.0038488165,0.008475164,0.005294695,0.0003240886,1.6435786e-05,1,,,,1.4922717,1.7901583,2.2410798,0.42912894,-2.759862,-1.9883671,-2.5796537,-4.893213,-8.156458,0.35787243,0.5231448,0.09833217,0.0047468552,0.007858829,0.0074191233,0.00060063624,2.518596e-05,1,,,,0.042181265,Test
737,0,-3.4461336,0.14282072,6.246099,-3.3088472,-0.74663484,1.501179,-9.547788,-13.021282,6.1030092e-05,0.002209057,0.9881593,7.001106e-05,0.0009076558,0.008592796,1.3665621e-07,4.237497e-09,2,,,,0.106435806,-3.4236348,0.0046434207,6.3386564,-3.5033545,-1.0349461,1.7249911,-9.829375,-13.468294,0.00014799801,0.0036722817,0.9809786,8.461838e-05,0.00074724446,0.014368987,2.370214e-07,4.6904978e-09,2,,,,0.00293473,Test
738,0,-2.4647343,-0.022051161,2.7536557,-2.6762028,-0.4062787,1.214429,-5.43605,-5.945396,0.0040736673,0.046862926,0.7521484,0.0032972058,0.03191255,0.16137114,0.0002087178,0.0001254161,2,,,,1.1629412,-2.658482,0.040655356,2.6682715,-2.7169557,-0.68399143,1.3006365,-5.4860697,-5.744316,0.0045467303,0.056265824,0.7121282,0.0037613593,0.028797876,0.19404875,0.00024528627,0.0002059299,2,,,,0.024719443,Test
739,0,-3.656084,-1.3548148,2.5247202,-1.8869092,-1.1423843,1.9312977,-3.847485,-4.2561955,0.0012804194,0.012787357,0.61892986,0.0075109527,0.015813872,0.34191748,0.0010573721,0.0007026307,2,,,,1.2159276,-4.0908613,-1.4691166,2.60861,-2.0514605,-1.1709831,1.7465454,-3.8855052,-4.0516577,0.0012624267,0.020302096,0.66482073,0.007140278,0.016455611,0.28713584,0.0017307267,0.001152287,2,,,,0.02469931,Test
740,0,-0.1378213,0.8172011,2.3682728,-2.8190777,-1.0915276,-2.1952572,-5.856668,-6.1464148,0.06081616,0.1580447,0.7454213,0.0041645127,0.023433095,0.007771161,0.00019968949,0.00014945828,2,,,,1.2009152,-0.09085198,0.7542652,2.1472251,-2.8549528,-1.0017415,-2.068314,-5.6212144,-5.3073335,0.09017564,0.20210128,0.6624404,0.004734572,0.029965099,0.009593505,0.00032674716,0.0006627475,2,,,,0.057217848,Test
741,0,-3.6932285,-2.0089324,1.8678758,-1.2482718,-0.84843224,0.16874903,-2.4182057,-0.5012037,0.0026975814,0.01453634,0.70166767,0.03110325,0.046393145,0.12829511,0.00965406,0.0656528,2,,,,1.5343009,-3.7166748,-2.0416486,1.9713223,-1.2198241,-0.8381173,0.2037228,-2.5382824,-0.5960968,0.002912656,0.013797181,0.71278965,0.03141897,0.044083536,0.13057168,0.008661298,0.055765074,2,,,,0.02133726,Test
742,0,-3.2036235,-1.3513469,1.6684892,-1.822556,-1.343899,2.0229366,-3.0968604,-3.9263868,0.0029751156,0.018964328,0.3885398,0.011838422,0.019106094,0.5538218,0.0033103244,0.0014441477,5,,,,1.3612714,-3.3089623,-1.2223766,1.7121996,-1.8560143,-1.2911425,2.068735,-3.261547,-3.813055,0.0035760067,0.022589726,0.38961485,0.012110802,0.01975492,0.5467147,0.0039172894,0.001721678,5,,,,0.033989545,Test
743,0,-2.6870937,0.81254274,4.430094,-3.0905766,-0.79197264,1.2024401,-7.807757,-10.350878,0.0007556881,0.025015859,0.9317467,0.00050479174,0.005027861,0.03694416,4.513018e-06,3.5481625e-07,2,,,,0.45578247,-2.6409173,1.3445432,4.3685136,-3.3978786,-0.8454002,1.0491987,-7.830672,-10.738424,0.0033896677,0.04756976,0.90059614,0.0007556666,0.0058241375,0.041847665,1.6327389e-05,6.940255e-07,2,,,,0.014652232,Test
744,0,-4.4182467,-0.5695617,6.104317,-2.8466594,-0.11144206,2.137169,-8.633761,-10.854122,2.633364e-05,0.0012358725,0.978143,0.00012677765,0.0019540354,0.018513637,3.8880867e-07,4.221297e-08,2,,,,0.16931176,-4.6018243,-0.71985406,6.4984503,-2.9959798,-0.21950248,2.3807147,-8.968886,-12.204176,0.00010307287,0.002275817,0.9724029,0.00018934102,0.002388685,0.02263715,2.4540946e-06,4.5471137e-07,2,,,,0.0058887955,Test
745,0,-3.9801307,-2.1474092,1.8088627,-1.1805928,-1.4065561,0.91319484,-2.4187694,-1.3855845,0.0019416087,0.012136755,0.63429254,0.03191432,0.025459563,0.2590037,0.009252356,0.025999133,2,,,,1.5089445,-4.0024843,-2.0765653,1.6732261,-1.1882141,-1.4634755,0.997157,-2.4429646,-1.5477679,0.002245712,0.015529826,0.5766729,0.0351355,0.026573896,0.30732214,0.01084663,0.025673345,2,,,,0.030279832,Test
746,0,-3.4723024,-2.3389432,3.2099702,-2.422012,0.64458966,-1.4655437,-4.012154,1.1211516,0.0010274099,0.0031912113,0.8200079,0.0029368326,0.063050345,0.0076430733,0.0005988105,0.10154433,2,,,,0.9427585,-3.3421593,-2.1221714,3.23219,-2.3664982,0.58459085,-1.2905906,-3.9579482,0.8399124,0.002221273,0.005053789,0.8282528,0.0040755393,0.061173566,0.0125769,0.0012997567,0.085346326,2,,,,0.020156894,Test
747,0,1.0341941,0.3074854,1.2161263,-2.3079584,-0.73359334,-2.8577769,-4.038407,-5.1708193,0.3427249,0.1657067,0.41110978,0.012119015,0.05850666,0.0069933324,0.0021475486,0.00069205806,2,,,,1.8795289,1.2061731,0.34919882,1.054214,-2.177829,-0.95391923,-3.0004103,-3.7454975,-5.308001,0.4049809,0.16745043,0.35469398,0.0132179465,0.049577586,0.0063778185,0.002999866,0.00070146425,0,,,,0.048092224,Test
748,0,-3.4669185,0.14541316,5.965049,-3.447307,0.21580765,0.037631374,-9.101085,-10.296812,7.9408266e-05,0.0029422618,0.9910986,8.098094e-05,0.0031568436,0.0026416315,2.8377767e-07,8.5838245e-08,2,,,,0.0885651,-3.516254,-0.048670404,6.1476045,-3.5828223,0.035895556,-0.12880161,-9.36122,-10.764793,0.00010208363,0.0038581688,0.9908341,7.513462e-05,0.0027655573,0.0023643053,4.02571e-07,1.5886637e-07,2,,,,0.0018746962,Test
749,1,-0.02189724,1.9356569,2.0368018,-3.3424022,-1.6753589,-0.4340553,-6.8968015,-9.332885,0.059493285,0.42133054,0.4661757,0.0021497656,0.011386199,0.039397623,6.148016e-05,5.3796957e-06,2,,,,1.5582184,-0.01901068,2.0276573,2.1637619,-3.2739072,-2.003941,-0.30967656,-7.2027464,-9.61663,0.057038635,0.4133474,0.46644124,0.0026670867,0.0076330206,0.052818637,4.8988433e-05,5.0399003e-06,2,,,,0.04721603,Test
750,0,-2.5681536,-0.19818723,4.489413,-2.893194,-0.39938045,0.38416386,-7.394506,-8.409623,0.0008319859,0.008899782,0.9664474,0.00060110865,0.0072778384,0.015932769,6.6689563e-06,2.4165618e-06,2,,,,0.2701516,-2.3434258,-0.2995294,4.25622,-2.6838725,-0.5403267,0.22595766,-7.4422846,-8.311844,0.002120195,0.016597535,0.94532746,0.0013404739,0.009932496,0.024663094,1.1751827e-05,7.0249494e-06,2,,,,0.012234909,Test
751,0,9.064528,1.5289367,-2.6789045,-0.9269379,-5.0933537,-7.7161655,-5.3971972,-15.935728,0.9994116,0.0005334313,7.936632e-06,4.5762063e-05,7.096661e-07,5.152073e-08,5.237173e-07,1.3876225e-11,0,,,,0.007469164,9.2554,1.0958655,-2.78028,-0.96310747,-5.499658,-7.8627906,-5.257614,-15.1876955,0.99930465,0.00060430577,1.6882452e-05,6.8806534e-05,2.6374596e-06,2.455345e-07,2.4464073e-06,1.735028e-10,0,,,,0.0002123187,Test
752,0,-1.6859137,-0.0020493604,4.07018,-2.4754963,-0.49511474,0.03848816,-6.9877815,-9.783563,0.0030133591,0.016230945,0.9525561,0.0013681682,0.009913072,0.016902432,1.5013395e-05,9.168253e-07,2,,,,0.3672862,-1.5861301,0.38817292,3.748961,-2.598154,-0.81220007,-0.108987905,-6.5622253,-9.78858,0.0049907737,0.048388354,0.9096117,0.0018549111,0.0125526935,0.022522666,7.389113e-05,5.010284e-06,2,,,,0.01874346,Test
753,0,-3.411098,-1.2166213,2.4099648,-1.8827205,-0.95668465,1.0556713,-3.5201662,-3.2086253,0.0022087141,0.019823885,0.7450665,0.010183696,0.025708564,0.19232371,0.0019804866,0.0027044085,2,,,,1.149397,-3.2114987,-1.0388525,2.1344135,-1.846044,-0.95551234,0.90924853,-3.3533187,-2.6896186,0.003655389,0.032278977,0.69874275,0.013309171,0.03321808,0.20957763,0.003004136,0.006213897,2,,,,0.017383672,Test
754,0,-4.0251803,-1.8539081,1.7277414,-1.2784122,-1.5732514,2.1258345,-2.4921043,-2.951206,0.0012065128,0.010580435,0.38018423,0.018812137,0.014008487,0.5660877,0.005589054,0.0035314495,5,,,,1.3409599,-4.147958,-1.9310112,1.8412758,-1.2035065,-1.710234,2.1166584,-2.3538592,-2.8915546,0.0011911297,0.011233851,0.40964904,0.0209079,0.012295848,0.53320014,0.0071749664,0.0043471046,5,,,,0.028970065,Test
755,0,7.6226196,-2.2271943,-2.30049,1.2768048,-3.8506043,-6.292887,-2.5332263,-10.056729,0.9980976,5.265667e-05,4.8935217e-05,0.0017507361,1.038521e-05,9.031198e-07,3.877442e-05,2.094738e-08,0,,,,0.020982739,7.261528,-2.466479,-2.148531,1.6049467,-3.5790443,-5.523513,-2.021334,-9.259489,0.9950331,0.00012722876,0.00020134733,0.0043802117,9.788111e-05,7.918241e-06,0.00015209868,2.9666262e-07,0,,,,0.00079749606,Test
756,0,6.1424756,1.2218887,-2.5767143,-1.2469516,-3.4041262,-4.964791,-2.9936013,-10.075602,0.9917977,0.0072350125,0.00016207914,0.0006126827,7.085759e-05,1.4879851e-05,0.00010682559,8.974327e-08,0,,,,0.07443799,5.911462,1.3606415,-2.4402843,-1.2537737,-3.3485837,-4.5338445,-3.4480488,-9.892469,0.9836354,0.014499307,0.00037439427,0.001099135,0.0001919007,5.280383e-05,0.00014680714,2.5465295e-07,0,,,,0.0038337905,Test
757,0,-3.4610732,-0.72745657,3.3277483,-2.4199212,-0.52843153,1.9406611,-5.469756,-6.3062634,0.00087119587,0.013406342,0.7735055,0.0024676432,0.016358588,0.19322312,0.00011688419,5.063666e-05,2,,,,0.95780605,-3.7230077,-1.0703369,3.4496224,-2.4222176,-0.48428053,2.3188796,-5.6704755,-6.205764,0.0008588486,0.010605202,0.7167702,0.002917171,0.01592974,0.25263432,0.00017249947,0.000112053545,2,,,,0.03528621,Test
758,0,13.775201,-0.94362706,-5.344267,2.027653,-7.354428,-10.15629,-3.3698015,-19.255575,0.99999166,4.0521965e-07,4.971834e-09,7.908626e-06,6.660626e-10,4.0427932e-11,3.5811002e-08,4.517646e-15,0,,,,0.00015572463,13.573494,-0.36382976,-5.0287633,2.057455,-7.0087814,-9.81863,-3.704995,-18.706547,0.999967,8.4161e-06,3.8891976e-08,2.4471261e-05,5.3072724e-09,6.460926e-10,7.051161e-08,3.263299e-13,0,,,,1.0916048e-05,Test
759,1,4.744746,1.202046,-1.0558171,-1.7789947,-2.5662377,-4.751784,-4.1529183,-9.606656,0.96682847,0.027975267,0.0029254775,0.0014194654,0.0006459956,7.26204e-05,0.00013217295,5.657371e-07,0,,,,0.23900908,4.794269,1.2393835,-0.9867384,-1.6618111,-2.460523,-4.551077,-4.1904993,-10.365461,0.95278203,0.039729357,0.0040462585,0.002159897,0.0009356766,0.000136863,0.00020922613,6.2872954e-07,0,,,,0.010737336,Test
760,0,0.08666234,1.6243832,3.1801753,-3.2540395,-0.45723101,-1.6265254,-7.3453994,-9.470188,0.035081267,0.16326723,0.773697,0.0012423015,0.020364108,0.0063248076,2.076691e-05,2.4807769e-06,2,,,,1.0558022,0.70286155,1.6943964,2.7816985,-3.170669,-0.56681144,-1.8940928,-7.0102096,-9.768442,0.091071524,0.26106653,0.6173084,0.001752416,0.021724619,0.0070318617,4.059666e-05,4.0523582e-06,2,,,,0.071258985,Test
761,0,-4.3562603,-0.56949747,6.046029,-2.9178746,-0.45761836,2.2302516,-8.741963,-10.656309,2.962185e-05,0.0013067193,0.9755938,0.00012482319,0.001461406,0.021483148,3.689143e-07,5.4392036e-08,2,,,,0.1821638,-4.8839655,-0.56184757,6.179462,-2.7650943,-0.734327,2.4120736,-8.850881,-10.285913,5.6228695e-05,0.0019418864,0.962249,0.00035505928,0.0012368783,0.034159623,1.012467e-06,2.9820603e-07,2,,,,0.009114848,Test
762,0,-1.7119972,1.1709422,3.3347187,-2.9310718,-0.9769529,0.776017,-7.017789,-9.597841,0.005296572,0.09463232,0.82367456,0.0015651552,0.011046391,0.06375667,2.6285652e-05,1.9916647e-06,2,,,,0.9324726,-2.0574756,1.1686639,3.5799935,-2.8353329,-0.88698757,1.1177148,-7.3103666,-9.559799,0.0036650957,0.097266614,0.80942166,0.0015585215,0.0123017635,0.075765215,1.822073e-05,2.9190876e-06,2,,,,0.03099722,Test
763,0,6.726733,-0.8375246,-2.0208733,0.29330796,-3.5263267,-6.3355837,-2.5572705,-9.72776,0.997591,0.00051741285,0.00015845845,0.0016030659,3.516458e-05,2.1186556e-06,9.26746e-05,7.126174e-08,0,,,,0.02780773,6.9415445,-0.67025876,-2.32439,0.36027583,-3.6758149,-6.443199,-2.444306,-9.252641,0.9968977,0.0006470532,0.00017255446,0.0021140801,5.2123003e-05,4.57389e-06,0.00011161553,2.6703302e-07,0,,,,0.00079037953,Test
764,0,-3.7411463,-2.1681008,4.0676928,-1.893129,0.005747119,-1.0412667,-4.368597,-1.3038582,0.000393131,0.0018954057,0.9679946,0.0024952898,0.016664505,0.00584898,0.00020991276,0.0044981916,2,,,,0.26804933,-3.783411,-2.2380433,4.1362195,-1.8587868,-0.15932862,-1.2215524,-4.429122,-1.1726625,0.00039949943,0.001858078,0.968709,0.0026086394,0.014487538,0.0052350527,0.00021221724,0.0064899446,2,,,,0.00409509,Test
765,1,19.688452,-6.2389507,-6.385834,6.454144,-10.160206,-14.257794,-4.2141476,-24.71537,0.9999982,5.4937816e-12,4.7433034e-12,1.7881839e-06,1.0886591e-13,1.8085538e-15,4.1613307e-11,5.195933e-20,0,,,,3.6723486e-05,19.24451,-6.886468,-6.3337445,6.570272,-9.450551,-14.064737,-3.7876942,-23.462727,0.9999749,7.578037e-11,2.7587121e-10,2.509458e-05,7.855313e-12,3.270658e-13,1.2423891e-09,7.9365095e-17,0,,,,1.1594296e-05,Test
766,0,8.36548,-0.71132535,-3.2771676,0.76251376,-4.443112,-6.396707,-2.0218086,-11.6656685,0.9993444,0.00011421112,8.777635e-06,0.00049864175,2.7353597e-06,3.8777375e-07,3.0801573e-05,1.9966306e-09,0,,,,0.008579009,8.748568,-0.826176,-3.207419,0.97296077,-4.18826,-6.2499857,-1.8878685,-11.950944,0.9992461,0.00014032256,1.6461465e-05,0.0005380922,7.3297097e-06,5.365866e-07,5.1117684e-05,1.4478088e-08,0,,,,0.00016585585,Test
767,0,-5.5949154,-3.1178167,6.524937,-1.9622037,0.7360299,-0.1875112,-5.9615517,-4.039823,5.4253683e-06,6.4598054e-05,0.9954378,0.00020516146,0.0030473599,0.0012101382,3.760115e-06,2.569195e-05,2,,,,0.04773117,-5.3345103,-2.9387918,6.494334,-1.8689597,0.51075715,-0.33262542,-5.8107553,-4.364711,5.798693e-05,0.0002565701,0.9930378,0.00060556486,0.0038582236,0.0019575239,4.370685e-05,0.00018259605,2,,,,0.0021197342,Test
768,0,-2.965212,0.087172054,4.9994135,-2.9542155,-0.43278265,1.042333,-7.862272,-9.974199,0.00033691223,0.0071309973,0.9694148,0.0003406375,0.0042397166,0.018534098,2.5162333e-06,3.044754e-07,2,,,,0.24221897,-2.9775248,-0.09786053,4.9817185,-2.8149316,-0.72137994,0.975844,-7.538701,-9.317828,0.00062526006,0.010958028,0.959284,0.00055750407,0.004602096,0.023962539,7.590804e-06,2.984736e-06,2,,,,0.0077211824,Test
769,0,10.904029,-1.6347919,-3.9682543,1.6514587,-5.498951,-8.7168455,-2.8635178,-14.559709,0.999899,3.5843937e-06,3.4754075e-07,9.585527e-05,7.5202465e-08,3.011055e-09,1.0490269e-06,8.733643e-12,0,,,,0.0015201269,9.936672,-1.715277,-3.9340148,1.2344282,-5.5922003,-8.280855,-2.906522,-13.66054,0.999617,5.5076096e-05,5.1472375e-06,0.00030980873,5.076697e-07,1.3041755e-07,1.2301028e-05,8.2927026e-10,0,,,,0.00012567268,Test
770,0,-1.4621452,-0.3124219,3.043808,-3.091381,0.50709605,-1.5021218,-5.572348,-4.4738255,0.00969935,0.030623952,0.87832105,0.0019018425,0.06949816,0.009319251,0.00015911255,0.00047729464,2,,,,0.737964,-1.5858424,-0.6304952,3.105935,-2.878539,0.60811055,-1.5434605,-5.359395,-4.3482747,0.0098724095,0.025096273,0.8709629,0.0030475678,0.08038295,0.0097838435,0.00028864536,0.0005653597,2,,,,0.01601464,Test
771,0,0.5201186,3.3678236,3.621135,-4.1354856,-1.9813643,-1.0978225,-9.796511,-14.988817,0.024534764,0.4231794,0.5451754,0.00023328069,0.0020109527,0.0048654056,8.115716e-07,4.51166e-09,2,,,,1.1916271,0.53751737,3.8534374,3.9174867,-4.1955786,-1.5160602,-0.8983115,-10.143649,-14.684642,0.028271133,0.5064182,0.45749253,0.00019390497,0.0024328632,0.00519045,8.5547606e-07,2.9737308e-08,1,,,,0.058655247,Test
772,0,13.022357,-2.0887902,-4.1959386,2.4668226,-6.604186,-9.775067,-3.5398571,-17.847052,0.99997354,2.7371638e-07,3.327956e-08,2.6048228e-05,2.9942575e-09,1.256588e-10,6.413726e-08,3.92261e-14,0,,,,0.00044326932,13.04035,-2.2613275,-3.8167312,2.0541224,-6.0285926,-9.702959,-3.810978,-17.985819,0.9999695,1.0208662e-06,1.5728027e-07,2.916828e-05,3.2652554e-08,2.2231903e-09,1.8625883e-07,4.7574016e-13,0,,,,5.776239e-06,Test
773,0,-1.5214664,2.1376083,4.0799637,-3.47325,-1.2852482,0.70411044,-8.792472,-12.866903,0.0031122903,0.12083591,0.84284985,0.00044200913,0.003941561,0.028816137,2.164325e-06,3.679759e-08,2,,,,0.7861237,-1.3360846,2.5055528,4.058049,-3.847969,-1.4624827,0.34705225,-8.8258295,-12.772708,0.005744464,0.23254855,0.7341405,0.0004542075,0.0043730806,0.022732731,5.9931617e-06,4.83082e-07,2,,,,0.060384408,Test
774,0,-4.916928,-2.6608489,-0.5151598,0.81059915,-3.4422977,2.0792277,-0.2746691,-2.3658943,0.00062006165,0.005918854,0.05059394,0.1904883,0.00270931,0.67737114,0.06434907,0.007949409,5,,,,1.4378126,-4.934474,-2.8032813,-0.67348754,0.866471,-3.6989331,2.2952971,-0.08080442,-2.4987006,0.00056673,0.0053974963,0.038841937,0.17690304,0.0020544745,0.6989653,0.0702525,0.007018483,5,,,,0.03203875,Test
775,0,19.892687,-5.254042,-6.748892,5.725304,-10.12583,-14.189324,-4.068915,-25.358723,0.9999993,1.1992625e-11,2.6897323e-12,7.0336915e-07,9.1859395e-14,1.5789554e-15,3.9229113e-11,2.2261857e-20,0,,,,1.5410107e-05,19.687923,-6.2344546,-6.431278,4.8411784,-9.331439,-14.751018,-2.822637,-25.91192,0.9999458,1.9490851e-09,4.1475076e-10,5.3918753e-05,8.85226e-12,8.225537e-12,1.698555e-07,6.071556e-15,0,,,,4.2346266e-05,Test
776,0,-2.1909833,-0.95463294,1.7026709,-2.1304321,-0.53598684,-0.70857847,-3.0400946,-0.7947,0.014556053,0.05011686,0.7145559,0.01546467,0.07617273,0.06409792,0.0062270076,0.05880873,2,,,,1.5677835,-1.9547333,-0.89162815,1.5419883,-2.017304,-0.66489494,-0.66904,-2.9379153,-0.8518666,0.021773499,0.06230243,0.6712688,0.019932019,0.07409267,0.0782572,0.008359341,0.06401404,2,,,,0.019512234,Test
777,0,-2.587856,0.5330404,6.0004706,-3.8436995,-0.16887629,0.31913638,-10.168127,-12.750846,0.00018443006,0.0041804183,0.99013513,5.2532243e-05,0.0020719592,0.0033753768,9.413725e-08,7.1137953e-09,2,,,,0.09641813,-1.9907392,0.95188,6.050045,-3.7126222,-0.014005984,0.34025756,-10.036628,-12.8372555,0.0009983563,0.013522543,0.9772725,0.00012769482,0.0034276228,0.004650646,6.3566074e-07,4.9039006e-08,2,,,,0.0068763588,Test
778,0,-1.7655925,1.4457576,4.858407,-3.4125066,-1.4627414,0.5975625,-9.334576,-13.939227,0.0012643271,0.0313712,0.9519759,0.00024356427,0.0017115361,0.013432739,6.526674e-07,6.53006e-09,2,,,,0.3386393,-2.3087327,1.3135649,5.3656855,-3.3818603,-1.1152099,0.54652154,-10.277182,-13.961329,0.00056645845,0.019367728,0.96699303,0.0002276701,0.0017425541,0.011102153,3.6019287e-07,2.6064797e-08,2,,,,0.0042885966,Test
779,0,7.673891,-0.27189347,-2.588616,-0.24539764,-4.009981,-6.7012467,-3.198337,-11.924042,0.9992199,0.00035387566,3.4890814e-05,0.0003633772,8.422089e-06,5.709765e-07,1.8963225e-05,3.0788392e-09,0,,,,0.01030204,7.7775636,-0.2904323,-2.221428,-0.0810527,-3.7571666,-6.097972,-3.4227219,-12.485582,0.99880046,0.0005741959,8.5398744e-05,0.0004871919,2.279457e-05,3.5168523e-06,2.6421045e-05,4.2590846e-09,0,,,,0.0002821422,Test
780,0,6.427053,1.837429,-1.9436519,-1.744593,-3.6571891,-5.5235844,-4.8594565,-12.413678,0.9893824,0.010048837,0.0002290938,0.00027955248,4.1288924e-05,6.386577e-06,1.2407816e-05,6.5003807e-09,0,,,,0.08891287,6.311271,1.6947982,-1.9675839,-1.7831017,-3.5084233,-5.6147766,-4.4438744,-11.7535305,0.9844228,0.014543099,0.0004251659,0.00048538134,7.449156e-05,1.4495541e-05,3.451894e-05,3.52459e-08,0,,,,0.0036677197,Test
781,1,-3.0646627,-0.35211158,5.489397,-2.932249,-0.09650211,0.93053347,-8.516016,-10.805169,0.00018943769,0.0028543838,0.98275995,0.00021625841,0.0036857186,0.010293383,8.1278154e-07,8.237717e-08,2,,,,0.15153047,-2.7048423,0.056487948,5.0200524,-2.8081481,-0.24664107,0.60958374,-7.897876,-10.6156025,0.0012159239,0.012764568,0.9648782,0.00058176,0.005956148,0.014596375,6.6700727e-06,3.555227e-07,2,,,,0.006019874,Test
782,0,-3.2522776,0.22132841,5.1024523,-3.0369587,-0.49785447,1.4684492,-8.228253,-10.443935,0.00022661874,0.0073090945,0.963183,0.0002810655,0.0035606278,0.0254379,1.5640726e-06,1.7060762e-07,2,,,,0.2737875,-2.9710202,0.31417748,5.274146,-2.8937955,0.07266294,1.4671636,-8.247793,-10.272759,0.00045326972,0.015801312,0.95049316,0.0004100431,0.0069462694,0.0258917,3.3848203e-06,8.5556593e-07,2,,,,0.009836902,Test
783,0,-4.0744257,-0.46773118,6.7077966,-3.0305014,0.20784199,0.97394526,-8.863071,-10.945137,2.06501e-05,0.0007608341,0.9944478,5.865334e-05,0.0014951596,0.0032166366,1.7188586e-07,2.1429425e-08,2,,,,0.057687677,-4.7423525,-1.0197042,6.8522825,-3.2352586,0.092994764,1.2571602,-9.380651,-10.85422,2.0808455e-05,0.000911595,0.99052924,0.0001032594,0.0017837507,0.0066505386,6.368105e-07,1.0379408e-07,2,,,,0.0028208003,Test
784,0,-3.4162197,0.14324808,5.28837,-3.0222263,-0.33325222,1.2730067,-8.255594,-10.432821,0.00016132269,0.0056696036,0.97286105,0.00023922394,0.0035205553,0.017546905,1.2763854e-06,1.4468522e-07,2,,,,0.21690238,-3.260704,0.09820001,5.2204905,-3.1400542,-0.22190948,1.1418906,-8.212394,-10.48481,0.00031255186,0.0077810287,0.96203613,0.0003877856,0.0046740565,0.024805697,2.4458102e-06,3.1321912e-07,2,,,,0.007791668,Test
785,0,-2.279202,-2.080272,2.411806,-2.0863502,0.14971697,-2.356012,-3.439324,0.99493223,0.0066049225,0.008058646,0.719692,0.008009808,0.07494347,0.0061165905,0.0020702996,0.17450431,2,,,,1.2842884,-2.1940188,-1.9575729,2.3513157,-2.0047326,-0.037607282,-2.4009469,-3.240212,1.0360367,0.008041633,0.01019357,0.6935106,0.009722996,0.06623311,0.0066149784,0.0030182302,0.20266488,2,,,,0.029318217,Test
786,0,-3.8973393,-2.0820675,1.3019859,-1.0757784,-1.5899541,0.84387904,-2.2162817,-1.2661877,0.0028655056,0.017602073,0.5190862,0.048149258,0.028792927,0.3283116,0.015391299,0.03980118,2,,,,1.7812583,-4.2336802,-2.2601213,1.2641474,-1.1433424,-1.6818273,0.795649,-2.3062282,-1.338272,0.0023605027,0.016204108,0.5120013,0.047211327,0.027764931,0.3334606,0.015522917,0.04547428,2,,,,0.04162102,Test
787,0,-2.4494789,0.7489299,4.865982,-3.4469762,-0.8143589,0.71656775,-8.786494,-11.228286,0.0006418185,0.015720403,0.96488744,0.00023670366,0.0032925776,0.015219802,1.1357469e-06,9.881538e-08,2,,,,0.27267194,-2.3874593,0.6547669,5.13334,-3.2199428,-0.4144989,0.8603908,-8.641609,-10.70338,0.0020284855,0.01764551,0.9575697,0.00038972212,0.0052064825,0.017154938,4.860106e-06,4.03878e-07,2,,,,0.008859933,Test
788,0,-4.512393,-2.2919824,0.4501031,-0.07370071,-2.5762103,0.96384305,-1.1072494,-1.4705337,0.0018699769,0.017224561,0.26731348,0.15831998,0.012963122,0.44682273,0.056321118,0.03916507,5,,,,2.0650542,-4.8149066,-2.2907732,0.5974102,0.058292925,-2.6594775,0.8889632,-1.2194927,-1.4774264,0.0013799787,0.017910078,0.2993713,0.18145972,0.01204372,0.39304265,0.054885488,0.039906994,5,,,,0.042028192,Test
789,0,-2.5999577,-0.9878172,2.044313,-2.119996,-0.688974,0.13216516,-3.494857,-2.0820065,0.0073621706,0.036910478,0.76557386,0.011897362,0.049766336,0.11312325,0.0030085417,0.012358032,2,,,,1.2735754,-2.8645601,-1.0340675,2.153553,-2.1146567,-0.5487541,0.17397487,-3.6643665,-1.8723243,0.005962244,0.036512695,0.76612365,0.011558158,0.052507408,0.11031506,0.002590789,0.0144299865,2,,,,0.016463041,Test
790,0,2.9579093,1.2173421,-0.8273402,-2.0994134,-2.2700157,-2.2054918,-3.779874,-8.41782,0.8218478,0.14416927,0.018658575,0.005229066,0.0044089206,0.0047027813,0.0009741127,9.427028e-06,0,,,,0.8630364,2.9513812,1.0287392,-1.035569,-2.170581,-2.4612114,-2.236115,-3.9272988,-8.142683,0.8310915,0.12887755,0.020192787,0.0059663006,0.00524887,0.0073509403,0.0012474593,2.4648654e-05,0,,,,0.015443289,Test
791,0,-4.076982,-1.4838313,4.3077188,-2.441172,-0.27556935,1.5166906,-6.166376,-5.3578253,0.00021218178,0.0028372598,0.92926025,0.0010892594,0.009498185,0.05701765,2.6260075e-05,5.8944697e-05,2,,,,0.43633518,-3.8947563,-1.0836419,4.2110357,-2.4205418,-0.29978186,1.3771493,-5.889501,-5.270062,0.00045749708,0.006560295,0.9106245,0.0017169919,0.011827817,0.068575405,6.192718e-05,0.00017552057,2,,,,0.014039778,Test
792,0,-4.1300836,-1.8613654,1.656288,-1.4768605,-1.3451035,2.345721,-3.0419805,-3.5325365,0.0009795064,0.009468886,0.31915116,0.013908725,0.015867505,0.63593596,0.0029077989,0.0017804035,5,,,,1.2360054,-4.296833,-1.6740814,1.7026123,-1.6381836,-1.2085577,2.450156,-3.2053463,-3.4956055,0.0009353687,0.011515841,0.3110711,0.012280147,0.019063532,0.6405922,0.0023788973,0.002162932,5,,,,0.028462451,Test
793,0,-3.5528488,-0.21090987,5.9668794,-2.999729,-0.32648543,1.2752632,-8.789062,-11.597447,7.242661e-05,0.0020477814,0.98687774,0.00012592587,0.0018242723,0.009051496,3.8533585e-07,2.3236622e-08,2,,,,0.11776942,-3.5593553,0.050850093,5.735069,-3.3346233,-0.344868,1.1627653,-8.737363,-10.704793,0.00021082054,0.006506455,0.96614873,0.00020411336,0.0039815637,0.022946913,1.0097134e-06,3.3611892e-07,2,,,,0.013367634,Test
794,0,-3.399575,-1.8812237,0.9678739,-1.2869033,-1.2124354,1.6436037,-2.317782,-1.6462449,0.0037697093,0.017207561,0.29721224,0.03117665,0.03358694,0.58416086,0.011120505,0.021765536,5,,,,1.6172987,-3.0863197,-1.7587929,0.8824145,-1.1486857,-1.2800801,1.4733198,-2.0582943,-1.6447275,0.006432389,0.022498114,0.30709517,0.039862026,0.036592882,0.54422176,0.016523544,0.026774103,5,,,,0.033758108,Test
795,1,10.467248,-3.6481233,-3.472034,2.728464,-5.342148,-8.733562,-2.2568564,-12.703027,0.99955994,7.4059506e-07,8.831934e-07,0.00043540934,1.3610544e-07,4.581453e-09,2.97715e-06,8.6514e-11,0,,,,0.0055871303,10.50038,-3.6695282,-3.6039433,3.0259151,-5.548997,-8.94412,-1.8949816,-12.273306,0.99916095,4.0320465e-06,9.1977745e-06,0.0008182335,4.3267173e-07,5.0044797e-08,7.096557e-06,1.99609e-09,0,,,,0.00021059783,Test
796,0,4.7186723,0.81254375,-1.3144076,-1.4195789,-2.3701892,-4.5648923,-2.987628,-8.51447,0.9746075,0.019607387,0.0023372027,0.0021038805,0.0008131606,9.0579284e-05,0.00043855704,1.7448128e-06,0,,,,0.20101373,4.655381,0.49225983,-1.077565,-1.4909247,-2.4053903,-4.703412,-2.9868562,-8.535537,0.97029483,0.018663112,0.005788408,0.0029211694,0.0013928361,0.00023447143,0.0006897295,1.5437954e-05,0,,,,0.005889573,Test
797,0,-4.177131,-0.44874534,6.7124295,-3.1742265,0.5721522,0.75608605,-9.093149,-10.451102,1.8548259e-05,0.0007718281,0.99444157,5.0566072e-05,0.0021423514,0.0025749693,1.3592641e-07,3.4958433e-08,2,,,,0.05813739,-4.0400453,-0.47912177,6.394929,-2.930647,0.5370633,0.17665747,-8.858875,-9.915736,7.574506e-05,0.0017403609,0.9906672,0.00017072959,0.0040546157,0.0032898083,1.1214784e-06,5.0609617e-07,2,,,,0.001936881,Test
798,0,3.5106928,-1.1620803,-0.1993562,-0.8516006,-2.08419,-5.3850603,-2.802284,-5.627927,0.95025814,0.00888141,0.023258822,0.012114952,0.0035319522,0.0001301563,0.0017224657,0.00010209151,0,,,,0.38143167,3.8097339,-1.2861127,-0.25491333,-0.79134053,-2.474783,-5.6252832,-2.5455344,-6.0873413,0.9551833,0.0069416733,0.021290354,0.012036987,0.0022842227,0.00012980173,0.0020690083,6.470289e-05,0,,,,0.010103924,Test
799,0,-3.4133592,-1.3573471,1.6362182,-2.2130225,-0.94659466,3.1773899,-4.2365713,-4.8624067,0.0011002595,0.008598242,0.17159262,0.0036542192,0.01296574,0.8013476,0.0004830348,0.00025833398,5,,,,0.8814619,-3.527507,-1.4740679,1.4216974,-2.0912879,-1.1804978,3.0654283,-4.244612,-4.785494,0.002573599,0.012622963,0.16784959,0.006271486,0.016370498,0.79282993,0.0009688518,0.00051309343,5,,,,0.025819745,Test
800,0,1.6297697,1.9515069,0.6335103,-2.6304686,-2.0118244,-1.4810222,-4.8205514,-8.828415,0.35269833,0.48655516,0.13023673,0.004979726,0.00924441,0.015718233,0.00055726845,1.0126786e-05,1,,,,1.6198936,1.5694444,1.8137286,0.7490207,-2.729976,-1.8980114,-1.4921299,-5.149287,-9.02887,0.3501351,0.43187276,0.17927536,0.005509966,0.012179723,0.020469557,0.0005298646,2.76767e-05,1,,,,0.046279706,Test
801,0,-2.6633098,0.20577455,4.2821445,-3.4454463,-0.44536173,1.351662,-8.246187,-9.239283,0.00089117617,0.015703306,0.92541426,0.00040764885,0.008188538,0.04939055,3.3523615e-06,1.2418095e-06,2,,,,0.4824002,-2.905237,0.045100212,4.3479795,-3.2422214,-0.38829762,1.7531942,-7.9961753,-9.59256,0.00095729565,0.012996525,0.8897257,0.0006216233,0.009700574,0.08599036,6.3580455e-06,1.4770269e-06,2,,,,0.019782638,Test
802,0,2.6793213,0.65765333,-0.1641551,-2.1091604,-1.3748939,-3.2761734,-3.7468615,-6.1385336,0.819209,0.108491436,0.047696732,0.0068199867,0.014212527,0.0021230301,0.0013259861,0.000121296696,0,,,,0.96211404,3.0599728,0.5882176,-0.64092547,-1.955993,-1.4564995,-3.3832848,-3.736863,-6.4147844,0.8676392,0.08572252,0.02457697,0.0074142986,0.010764867,0.002207197,0.0015359652,0.00013902641,0,,,,0.018930221,Test
803,0,-0.7184246,0.85447174,2.2684221,-2.6375525,-0.67511445,-0.50990105,-5.6061916,-6.851968,0.03561732,0.17169648,0.70604485,0.0052263043,0.037193805,0.04387548,0.00026849177,7.724979e-05,2,,,,1.3807614,-0.4058467,0.9462086,2.2919059,-2.465022,-0.5958273,-0.38720345,-5.2762475,-6.8564935,0.047969986,0.19164535,0.6647797,0.0064708567,0.03924928,0.04926693,0.0005268537,9.0968846e-05,2,,,,0.033545807,Test
804,0,-2.419298,0.67433465,4.4866614,-3.1249156,-0.7087391,0.70217764,-7.830427,-10.478362,0.00095240545,0.021007255,0.95069635,0.000470301,0.0052687544,0.021600379,4.254005e-06,3.0117224e-07,2,,,,0.3606457,-2.362886,0.55541193,3.9547474,-2.9791365,-0.77122325,0.62882817,-7.5833406,-10.009143,0.0026660534,0.050923426,0.8912923,0.0012926988,0.009783978,0.04402283,1.7059054e-05,1.625093e-06,2,,,,0.02245648,Test
805,0,-4.2507973,-0.2613834,7.740366,-3.5444636,0.3830835,0.8355417,-10.683153,-13.335231,6.186409e-06,0.00033420985,0.9980095,1.2537047e-05,0.0006366598,0.001000939,9.951808e-09,7.0164863e-10,2,,,,0.023772726,-4.5739226,-0.63789386,7.534224,-3.4491563,0.2425911,0.8270796,-10.264676,-12.960402,2.4697776e-05,0.0007190372,0.9960248,4.958182e-05,0.001073096,0.0021087409,1.256061e-07,7.248693e-09,2,,,,0.0009790175,Test
806,0,-2.3376908,0.9180735,4.950127,-3.2955267,-1.0069511,1.0310612,-8.768298,-12.090884,0.0006568028,0.017037096,0.9604928,0.0002520299,0.002485238,0.019075038,1.0584187e-06,3.8166007e-08,2,,,,0.29639354,-1.6885376,1.0367118,4.7413306,-2.8062415,-0.9304757,1.2169762,-8.564122,-12.538031,0.0027452507,0.051862974,0.90296346,0.00096033904,0.005234592,0.03622573,7.3877627e-06,2.7390223e-07,2,,,,0.021023022,Test
807,0,-3.9277022,-1.8797983,1.3824538,-1.2841299,-1.6483829,1.9785606,-2.7255704,-2.5078146,0.0016399855,0.012712572,0.33190325,0.023063695,0.016022703,0.60241723,0.005456563,0.0067840545,5,,,,1.3746835,-3.9290974,-1.7781727,1.2883761,-1.2395371,-1.8532896,1.9854895,-2.6035836,-2.5915656,0.0017278831,0.014859565,0.31739804,0.025501704,0.013454972,0.61067104,0.0072007924,0.009186022,5,,,,0.037551884,Test
808,0,-2.530466,-0.55923855,3.8140042,-3.0113733,0.850842,-0.33507532,-6.233301,-4.8433533,0.0016216666,0.011642725,0.9232725,0.0010025502,0.04769193,0.014568258,3.9979812e-05,0.00016050458,2,,,,0.5070119,-2.5368829,-0.74435943,4.0300055,-3.0991182,0.82312316,-0.5469683,-6.381741,-5.0024314,0.002601767,0.01131974,0.9293769,0.0012341146,0.042736925,0.012515294,8.4620966e-05,0.00013068625,2,,,,0.011146802,Test
809,0,-1.7582684,1.2679143,4.684326,-3.2394397,-0.7921406,0.28520876,-8.664034,-12.155258,0.0015146327,0.031229265,0.9512411,0.0003443838,0.0039800755,0.011689021,1.5176495e-06,4.6232998e-08,2,,,,0.34971783,-1.9322227,1.496341,4.60614,-3.4537811,-0.7817413,0.2768751,-8.897664,-12.628168,0.0026937253,0.08086168,0.8937048,0.0007578816,0.0065308167,0.015444743,6.1804203e-06,1.9620015e-07,2,,,,0.029906267,Test
810,0,-0.96245813,2.3001978,4.230269,-3.6863885,-1.5035229,0.18931581,-9.227188,-13.850693,0.004741825,0.12385086,0.85333246,0.00031114128,0.0027603498,0.015002187,1.2207287e-06,1.1985512e-08,2,,,,0.7230792,-1.0496008,2.2261796,4.192137,-3.46532,-0.91731423,0.37136793,-9.278758,-12.765551,0.006563054,0.16037574,0.79721063,0.00044730966,0.007899818,0.02750202,1.4018832e-06,4.1386507e-08,2,,,,0.050615206,Test
811,0,-4.5043077,-2.157596,3.998753,-1.7190884,-0.16357066,0.76034755,-4.160158,-3.0459633,0.00019108236,0.0019970306,0.942005,0.0030961793,0.014668269,0.03695146,0.0002695773,0.0008214322,2,,,,0.40405777,-4.468014,-2.137378,4.065336,-1.7740465,-0.13055676,0.6929917,-4.346797,-3.1688447,0.00020098148,0.002114155,0.9420725,0.0031993878,0.015665224,0.035583545,0.00027367883,0.0008905569,2,,,,0.0054816776,Test
812,0,-3.7403224,-1.9105351,1.7010618,-1.4058317,-1.0909023,0.7439838,-2.6223834,-0.65098244,0.0026588633,0.016571527,0.61356306,0.027450642,0.037611846,0.23561639,0.00813225,0.058395494,2,,,,1.6606839,-3.7569404,-1.872254,1.8498573,-1.5867822,-0.8586354,0.6163343,-2.7134345,-0.5555148,0.0024966344,0.01643599,0.6480135,0.021183753,0.04471811,0.19693825,0.0069742417,0.06323953,2,,,,0.023500325,Test
813,0,-5.5994754,-1.7250341,7.608804,-3.1281545,0.21198785,2.298781,-10.015075,-10.974355,1.825e-06,8.78843e-05,0.994365,2.1604486e-05,0.00060974655,0.004913965,2.2059346e-08,8.45245e-09,2,,,,0.053857718,-4.992127,-1.4207466,7.296206,-2.7260857,0.0067876815,2.0164757,-9.200854,-10.741929,5.0641276e-05,0.00043964735,0.9864723,0.0003132535,0.0018405914,0.0108820405,1.2142534e-06,2.390228e-07,2,,,,0.0034189904,Test
814,0,-4.3545723,-0.6802915,7.161805,-3.295601,0.20717375,1.1690687,-10.0631275,-11.913793,9.926998e-06,0.00039132513,0.9961325,2.8623543e-05,0.0009505152,0.002487166,3.2932405e-08,5.1747606e-09,2,,,,0.04165589,-4.5381646,-0.39633593,6.744338,-3.1522758,0.088751756,1.6340481,-9.526899,-11.757479,4.374622e-05,0.0022007388,0.98649454,0.00017714904,0.0026877765,0.008395099,8.231003e-07,3.3487094e-08,2,,,,0.0032385092,Test
815,0,3.7950554,2.5010448,-1.2794422,-2.3336112,-2.7926013,-3.5782874,-3.6321142,-8.9177,0.7780857,0.21332696,0.0048663244,0.0016958258,0.0010716288,0.00048845605,0.00046285885,2.3439482e-06,0,,,,0.8312549,3.7963939,2.7062542,-1.32672,-2.3358078,-2.7768476,-3.0340075,-3.8641658,-9.087668,0.72964036,0.25953096,0.005612842,0.002205266,0.0013298796,0.0011649102,0.0005123667,3.4427583e-06,0,,,,0.026125316,Test
816,0,-4.9728847,-0.7005458,7.395316,-3.2106733,0.11361365,1.9083164,-9.954786,-12.222925,4.2298284e-06,0.00030323263,0.9948644,2.4640027e-05,0.00068447983,0.004118986,2.9020878e-08,3.0037954e-09,2,,,,0.051219948,-4.6561117,-0.6125118,7.3780622,-2.918467,0.26959878,1.9176174,-10.001432,-12.717551,1.587479e-05,0.0013679762,0.99136573,9.1964495e-05,0.001240111,0.005918091,2.3096857e-07,4.3587384e-08,2,,,,0.0021690691,Test
817,0,-3.9978395,-1.4178327,2.4364996,-1.9515443,-0.8870389,2.6870928,-4.391625,-5.012399,0.0006809486,0.008986632,0.42414296,0.0052699805,0.015279805,0.5449335,0.00045929896,0.0002468861,5,,,,1.2104646,-4.173267,-1.314121,2.525953,-2.118029,-0.7840015,3.1158986,-4.7480183,-5.3697004,0.0005879344,0.008408511,0.3507283,0.004126354,0.013773675,0.6218362,0.00032370054,0.00021531238,5,,,,0.024510667,Test
818,0,9.289241,-0.62845033,-3.20843,0.8069956,-4.7254777,-8.133178,-2.610664,-12.825577,0.9997323,4.928164e-05,3.7343423e-06,0.00020705767,8.191597e-07,2.7128356e-08,6.789237e-06,2.486223e-10,0,,,,0.0038265085,8.911473,-0.68432295,-3.1499548,0.6274487,-4.6806393,-8.040918,-2.6042616,-12.342146,0.99924994,0.00022348517,1.8928442e-05,0.00046789966,5.934789e-06,2.9930072e-07,3.3355012e-05,5.836813e-09,0,,,,0.00022928524,Test
819,0,-3.49365,-1.3002958,3.0929582,-1.9268152,-0.631901,1.1385497,-4.0883565,-4.1575146,0.0011609393,0.010408087,0.8420483,0.0055625904,0.020307254,0.11927465,0.0006405186,0.0005977183,2,,,,0.8236338,-3.8664193,-1.2662649,3.221962,-2.081512,-0.55097467,1.1127211,-4.4209123,-3.774004,0.00086057384,0.011295441,0.8532583,0.004973471,0.02076776,0.10729281,0.0005121543,0.0010394721,2,,,,0.009757893,Test
820,0,-1.1869814,-0.75678444,0.822551,-1.7745508,-0.80636245,-0.12172833,-2.5251062,-1.9135317,0.063841715,0.09816049,0.47624823,0.035475332,0.093412556,0.18524142,0.016748054,0.030872216,2,,,,2.2865067,-1.2440951,-0.78449327,0.86561215,-1.7345102,-0.7787789,-0.11907345,-2.8382893,-2.1436777,0.061353903,0.09542708,0.48125687,0.03688892,0.0950112,0.1909639,0.012733136,0.026364971,2,,,,0.030058771,Test
821,0,-3.1353543,-2.0012305,1.5902004,-1.3293113,-1.255513,0.70792294,-2.7300708,-1.8273151,0.0055121607,0.017134264,0.62173325,0.033548743,0.03611823,0.25729766,0.008266735,0.020389002,2,,,,1.5811346,-3.1246142,-2.0500176,1.700572,-1.2457268,-1.3255352,0.8238713,-2.6898856,-1.8958212,0.005313826,0.015709093,0.6169443,0.03386279,0.030252282,0.2709096,0.008286598,0.018721504,2,,,,0.028238863,Test
822,0,5.807454,4.8365498,-0.33242452,-3.5154305,-4.0035825,-4.6001735,-8.262027,-17.739166,0.72407585,0.27423677,0.0015605174,6.470037e-05,3.971045e-05,2.1867998e-05,5.6167636e-07,4.3014727e-11,0,,,,0.86551094,5.4842973,5.1825438,0.28362268,-3.1457324,-3.9965923,-4.648304,-7.4764047,-17.794376,0.55471003,0.4411561,0.0038833537,0.00011470631,7.065364e-05,6.252033e-05,2.5829995e-06,2.356741e-10,0,,,,0.059935108,Test
823,1,4.0416665,0.8808144,-0.23567604,-2.341245,-2.0818012,-4.631999,-4.97868,-8.966761,0.9430009,0.039973434,0.013088382,0.001593855,0.00206597,0.00016128235,0.00011403163,2.1136068e-06,0,,,,0.38419113,3.9905682,1.004634,-0.4626852,-2.2057643,-2.1812692,-4.603524,-4.7630296,-8.914457,0.87474763,0.08292395,0.03130984,0.0043050437,0.005251871,0.0011417882,0.000303299,1.659241e-05,0,,,,0.038634572,Test
824,0,0.94569,0.8638565,1.3425238,-2.4885216,-0.5306256,-2.0530386,-4.454718,-6.3546004,0.26850662,0.24740879,0.39929852,0.00865956,0.06134784,0.013385164,0.0012122367,0.0001813339,2,,,,1.9404067,0.89955807,0.7410634,1.1556207,-2.4447625,-0.63124263,-1.8817602,-4.3669567,-6.477084,0.28959116,0.24159384,0.37056187,0.010569738,0.06445203,0.021140942,0.0018824737,0.00020798498,2,,,,0.049466737,Test
825,1,0.1420838,2.5286715,3.49708,-3.7539043,-1.0211533,-1.0271658,-8.669398,-13.022988,0.024292268,0.2642104,0.6958641,0.0004936987,0.0075906795,0.0075451774,3.619846e-06,4.6553204e-08,2,,,,1.1137927,-0.08818888,2.6071754,3.5881317,-3.9155564,-0.9683612,-1.0324996,-8.627437,-13.094254,0.018224224,0.313601,0.65072995,0.00047454424,0.008749188,0.008212164,8.796865e-06,1.9557285e-07,2,,,,0.05872985,Test
826,0,0.5227892,1.6635616,1.9457499,-2.8168304,-1.4763179,-1.9535403,-5.674246,-7.7870035,0.11715347,0.36659485,0.4861152,0.004153142,0.015869167,0.0098468885,0.0002384609,2.8830882e-05,2,,,,1.5956812,0.8138297,1.6176188,2.1540143,-2.9727812,-1.384859,-2.2717528,-5.99364,-8.388537,0.15377489,0.31426772,0.5025702,0.003684239,0.017761752,0.007727305,0.00018066188,3.325219e-05,2,,,,0.058366265,Test
827,0,4.8424172,1.1424403,-1.1393743,-1.1286956,-2.8757932,-3.8204393,-3.8099139,-10.223878,0.9703158,0.023990182,0.0024493681,0.0024756645,0.00043145646,0.00016775756,0.00016953265,2.77782e-07,0,,,,0.22301938,4.860166,1.076791,-1.2652967,-0.8318515,-2.7318544,-3.411723,-3.5532231,-10.0501375,0.9591471,0.030779863,0.0030114497,0.0052570538,0.0006805002,0.0005652498,0.00055629783,2.425054e-06,0,,,,0.00836562,Test
828,0,2.9261413,-0.08627613,0.24669208,-1.794932,-1.5979007,-4.4114733,-4.3285623,-6.7356415,0.87800515,0.043173857,0.060231976,0.007819178,0.009522052,0.0005712307,0.00062061084,5.5903358e-05,0,,,,0.73689395,2.8725026,-0.2023867,0.5241949,-1.5683271,-1.4767864,-4.5011806,-3.886189,-6.498727,0.83974135,0.040204193,0.08992312,0.0108456975,0.017193627,0.00080623024,0.0011860116,9.985293e-05,0,,,,0.019743107,Test
829,0,-1.706956,1.0494225,3.3701725,-3.2074897,-1.3007784,1.0640051,-7.400488,-10.253261,0.0051345937,0.080832504,0.82314235,0.001145071,0.0077073793,0.08201989,1.7291655e-05,9.974545e-07,2,,,,0.9250146,-1.4889325,0.80047834,3.1014516,-2.7896,-1.0872716,1.2988762,-6.9453826,-10.307599,0.010802114,0.110669896,0.7118918,0.0024029936,0.012221395,0.15196232,4.794077e-05,1.6155891e-06,2,,,,0.041880567,Test
830,0,-4.1782975,-1.5631844,3.9352627,-2.7705534,-0.042424105,1.8668994,-6.02071,-5.258399,0.00026019153,0.0035564955,0.86889523,0.0010633308,0.016273463,0.10982184,4.122336e-05,8.8350884e-05,2,,,,0.667152,-3.6549213,-1.4102833,3.8866413,-2.5953062,-0.0063364445,1.5848703,-5.7204447,-4.834765,0.0009295295,0.005128952,0.87099504,0.0018216383,0.020466026,0.10017878,0.0001509249,0.00032914904,2,,,,0.017479317,Test
831,0,1.2670076,-0.5500935,0.30942518,-1.8906915,-1.1999321,-2.866394,-2.9204314,-3.5544047,0.58378744,0.09486321,0.22406912,0.024824668,0.049530927,0.009357098,0.008864885,0.0047026435,0,,,,1.76616,1.3663896,-0.6215149,0.38922834,-1.9100742,-1.1408044,-2.988609,-3.0610967,-3.4996848,0.5777119,0.09454541,0.22983825,0.02243396,0.051523834,0.01009613,0.0072897635,0.00656078,0,,,,0.046431,Test
832,0,-3.720506,-0.20163152,5.33853,-2.8660989,-0.55047977,1.8723816,-8.274947,-10.301586,0.0001120412,0.0037809906,0.9630907,0.0002632947,0.0026674892,0.030084172,1.1787154e-06,1.5532854e-07,2,,,,0.26218638,-3.6530967,-0.20792356,5.2712774,-2.4835002,-0.7737375,1.6636982,-7.8862486,-10.033064,0.00016948242,0.0055642934,0.943828,0.0004965208,0.0032519072,0.046686333,2.8455913e-06,5.9446967e-07,2,,,,0.017158875,Test
833,0,10.324006,0.8611296,-3.8927119,-0.062241517,-5.476035,-8.412004,-3.6548598,-15.555097,0.99988973,7.767427e-05,6.694375e-07,3.085049e-05,1.3742995e-07,7.294671e-09,8.491959e-07,5.765017e-12,0,,,,0.0017158755,10.298858,0.71426445,-4.225119,-0.4013752,-5.689782,-8.756793,-3.8771205,-15.099263,0.9998021,0.00014565079,1.0297274e-06,4.6120153e-05,2.6372174e-06,1.247602e-08,2.4835201e-06,6.0747025e-11,0,,,,5.425252e-05,Test
834,0,-4.78428,-0.83430785,6.6403656,-3.021767,0.23043182,1.7048715,-9.132463,-10.2858305,1.0820427e-05,0.0005619472,0.9906149,6.305131e-05,0.001629694,0.00711946,1.3991112e-07,4.4152053e-08,2,,,,0.08648938,-5.365354,-1.3600919,6.8122597,-3.495379,0.20491251,1.7133802,-9.775511,-10.743463,4.1173098e-05,0.0009756251,0.9887724,5.1001574e-05,0.0016170035,0.00854222,5.568543e-07,5.703105e-08,2,,,,0.002436805,Test
835,1,6.8117666,-1.2752651,-2.51316,0.34935206,-3.4382024,-6.105937,-1.6975087,-8.939947,0.99780756,0.00030682707,8.897802e-05,0.0015575992,3.5281057e-05,2.4488343e-06,0.00020114786,1.4393434e-07,0,,,,0.025505237,7.1976776,-0.82408655,-3.1141744,0.40500155,-3.5045063,-6.0793242,-2.0021865,-9.5471735,0.99724597,0.0007598492,7.788673e-05,0.001736921,4.302174e-05,9.8548435e-06,0.00012622456,2.0449436e-07,0,,,,0.0006374042,Test
836,0,-4.3514667,-1.835356,1.7258507,-1.6663988,-1.5965968,3.6985369,-3.4938948,-4.9944496,0.0002765254,0.0034234805,0.12052585,0.0040536374,0.0043466995,0.8665765,0.00065188896,0.00014537536,5,,,,0.6533274,-4.493325,-1.8091028,1.6492703,-1.7185091,-1.6872101,3.811877,-3.658792,-5.189888,0.000456021,0.0040973416,0.12562887,0.0058761747,0.0047508506,0.8578162,0.0010808622,0.00029369473,5,,,,0.026590163,Test
837,0,-3.2178988,0.9770536,6.1068707,-3.760626,-0.998569,1.5138916,-10.40625,-13.669037,8.769645e-05,0.005818713,0.98328215,5.0965802e-05,0.0008069097,0.00995343,6.6240105e-08,2.5357745e-09,2,,,,0.14351813,-3.3220837,0.8809,6.0540023,-4.4242105,-1.0894821,1.3474338,-10.850784,-14.539839,0.00021812975,0.011710808,0.97467566,6.0926548e-05,0.0012526029,0.012081656,2.63167e-07,3.7139956e-09,2,,,,0.006467352,Test
838,0,-1.302842,0.91328996,1.8956237,-2.9184866,-0.9348815,0.82620937,-5.468405,-6.987928,0.022353332,0.20502,0.5475431,0.0044430047,0.032295763,0.18792197,0.0003469456,7.591732e-05,2,,,,1.7199907,-1.1385716,0.82705575,1.8314282,-2.8652005,-0.97706395,0.7068584,-5.36876,-7.1971693,0.036307335,0.21413691,0.5181734,0.00567475,0.034674827,0.19039637,0.0005527792,8.35895e-05,2,,,,0.04499154,Test
839,0,-3.3665388,-1.7476925,4.2327285,-2.436763,-0.35626486,-1.8236123,-5.0307903,-2.002267,0.00049154874,0.0024809754,0.98149097,0.0012455548,0.009974973,0.002299593,9.306599e-05,0.0019233671,2,,,,0.1704097,-3.1972895,-1.5865177,4.177455,-2.4781783,-0.25281048,-2.0972364,-5.166938,-1.9903355,0.00081548124,0.004168429,0.9748746,0.0015813546,0.012550766,0.0023472789,0.00013819638,0.0035238701,2,,,,0.003392451,Test
840,0,-3.3841245,-1.7170298,1.4024248,-1.5540301,-1.0638345,1.0205286,-2.4974675,-1.3722273,0.004267447,0.022603635,0.5116114,0.026605302,0.04343675,0.34920847,0.010357108,0.031909805,2,,,,1.7445105,-3.4133725,-1.7280849,1.375621,-1.4173928,-0.95159894,0.9155731,-2.5987296,-1.2545444,0.0050255815,0.025032755,0.5080069,0.03254819,0.051016383,0.32514054,0.01099669,0.04223308,2,,,,0.031553894,Test
841,0,-2.742837,0.5076587,5.986515,-3.2885065,-0.44258636,0.61738497,-9.399416,-12.465707,0.00016005435,0.004129904,0.9894114,9.274409e-05,0.0015968113,0.004608858,2.0575575e-07,9.586922e-09,2,,,,0.10177424,-2.304756,1.0445417,5.8554134,-3.315269,-0.20776471,0.36269194,-9.123555,-11.907017,0.0011316247,0.0168932,0.9722665,0.00025883788,0.0032377888,0.0062085916,3.2844491e-06,4.9975295e-08,2,,,,0.008381055,Test
842,0,-3.9943671,-1.5368445,3.1376035,-2.3572223,-0.4967472,2.397414,-5.360389,-4.839405,0.00052637217,0.0061458414,0.65867066,0.0027058003,0.01738961,0.31420138,0.00013428796,0.00022609836,2,,,,1.1016352,-3.8319767,-1.6407187,2.966165,-2.1326303,-0.50920475,2.339216,-5.0469356,-4.528002,0.0012252406,0.008031558,0.6230942,0.00454399,0.02065178,0.34157726,0.00029712502,0.00057880103,2,,,,0.030719917,Test
843,0,-4.9313626,-1.2587403,5.759163,-2.916621,0.03389223,3.058563,-8.5106735,-9.6634655,2.1240492e-05,0.00083591853,0.9332557,0.00015927789,0.0030447184,0.062682316,5.9250146e-07,1.8708468e-07,2,,,,0.37982467,-4.980936,-1.1371138,5.429799,-2.982383,0.034806132,2.877718,-8.371174,-8.828314,7.532724e-05,0.0032241377,0.9110258,0.0003658683,0.005193311,0.08009178,1.6836477e-05,6.890138e-06,2,,,,0.011073417,Test
844,0,0.4676882,1.2918143,0.1241391,-2.402716,-1.7115744,-0.6114157,-3.825019,-5.9354997,0.2215251,0.5050523,0.15711638,0.012555161,0.025060005,0.07529638,0.0030277777,0.00036690515,1,,,,1.9219869,0.31629092,1.2604438,0.23285937,-2.5625024,-1.654913,-0.40796193,-4.001891,-5.6838913,0.19897811,0.4808467,0.17775741,0.011113609,0.028045917,0.099713154,0.0029590135,0.0005861217,1,,,,0.039847646,Test
845,0,-2.398379,0.05077473,3.9892468,-2.515043,-0.69460106,0.9371403,-6.731227,-8.521444,0.0015588102,0.018048752,0.92662466,0.0013871606,0.008565142,0.0437916,2.0467323e-05,3.4164882e-06,2,,,,0.49095982,-2.394085,0.027841318,4.096854,-2.5943937,-0.8127319,0.98509455,-6.8857584,-8.772008,0.002071069,0.019990541,0.91913974,0.0013947407,0.0080239605,0.04934872,2.6901942e-05,4.3272858e-06,2,,,,0.011351946,Test
846,1,-4.020415,-3.0923235,3.5578377,-2.0150375,0.21682303,-2.8830476,-3.298363,3.4687357,0.00026115833,0.0006606462,0.51061934,0.0019401191,0.018076446,0.0008144346,0.0005376345,0.4670902,2,,,,1.1545305,-3.937284,-3.141445,3.6783233,-1.966532,0.28172094,-2.9950175,-3.2963421,3.4415581,0.000317809,0.00064181176,0.5415388,0.0020905654,0.01885847,0.0008482123,0.00069369754,0.43501073,2,,,,0.034994222,Test
847,0,-2.7445781,0.24606827,5.294015,-3.0037253,-0.74971604,0.9974969,-8.458574,-12.0813875,0.00031551093,0.0062782103,0.9775324,0.0002434829,0.0023193818,0.013309973,1.0410163e-06,2.7802878e-08,2,,,,0.18782678,-2.4533317,0.20404771,4.894424,-2.91049,-0.43853664,0.43597597,-8.284345,-11.967841,0.0013299522,0.017065156,0.95915574,0.0005430379,0.0069999523,0.014902486,3.6393903e-06,7.9533365e-08,2,,,,0.009848056,Test
848,0,-3.95152,-1.2312788,3.9536278,-2.366893,-0.3528736,1.9929043,-5.9617696,-5.970744,0.00031738987,0.0048192423,0.86050826,0.0015480598,0.0116001945,0.121122174,4.2516014e-05,4.213618e-05,2,,,,0.6864285,-3.9326382,-1.074103,3.8923657,-2.48069,-0.39630583,1.9161114,-5.9816217,-6.0824447,0.0005267425,0.008248001,0.83896077,0.0022652852,0.014183087,0.13563907,0.000100908335,7.615589e-05,2,,,,0.022500752,Test
849,0,-2.9413412,0.8738891,5.347803,-3.4798598,-0.840294,1.3258032,-9.2683115,-12.226252,0.0002434931,0.011051472,0.9692066,0.00014210548,0.00199049,0.01736537,4.3522962e-07,2.2599632e-08,2,,,,0.23971996,-3.28117,0.67836154,6.0561886,-3.494809,-0.36422485,1.3703984,-10.11827,-12.238589,0.00013214911,0.006524896,0.9800148,0.00011560718,0.0021681932,0.0110440245,2.2141668e-07,1.1293107e-07,2,,,,0.003013947,Test
850,0,4.367817,3.0658557,-1.2876096,-2.603315,-3.5287077,-3.7188435,-4.8789926,-11.289642,0.7829559,0.21296231,0.0027391561,0.0007348742,0.00029128647,0.00024084924,7.54917e-05,1.2410496e-07,0,,,,0.78988904,4.318219,2.7879143,-1.4405546,-2.7024517,-3.3683496,-3.7682464,-4.72352,-11.119957,0.7878531,0.2030122,0.0060171555,0.0014060417,0.0008802338,0.00063392887,0.00019615961,1.1632383e-06,0,,,,0.038386937,Test
851,0,-0.751121,2.2008595,3.1895125,-3.2351134,-1.5214106,0.17000896,-7.7265453,-11.704396,0.013395061,0.2564328,0.68919176,0.0011172761,0.0062002917,0.033650097,1.2518622e-05,2.344217e-07,2,,,,1.1782169,-1.0867484,1.7916934,2.8376236,-3.141563,-1.3272214,0.14050119,-7.299099,-10.484718,0.01698589,0.27082983,0.6522513,0.0017240628,0.012322575,0.045849483,3.2145053e-05,4.7225853e-06,2,,,,0.057002865,Test
852,0,-4.429948,-0.37784946,7.9032936,-3.592134,-0.100311235,1.390316,-11.263451,-13.970513,4.393759e-06,0.00025272032,0.9979182,1.0155328e-05,0.00033355967,0.0014809646,4.7324242e-09,3.1580694e-10,2,,,,0.024039613,-4.4889784,-1.0951664,7.5437546,-3.430036,-0.4614799,1.5371152,-10.852558,-13.735123,5.2678468e-05,0.00045870355,0.99445295,5.6120996e-05,0.0009140329,0.0040653246,1.9308175e-07,9.554799e-09,2,,,,0.0015031357,Test
853,0,4.514625,3.694118,1.6979166,-3.5280514,-2.4408455,-3.9142268,-9.48418,-17.33891,0.66599846,0.2931781,0.03982834,0.0002140834,0.0006349664,0.00014550211,5.5445844e-07,2.1508181e-10,0,,,,1.105941,4.528797,3.5850048,1.9530137,-3.170184,-2.1848938,-3.1434233,-9.710867,-18.107555,0.6350368,0.2808009,0.08185804,0.00034707534,0.001543612,0.00041298993,5.511803e-07,5.001895e-10,0,,,,0.053083252,Test
854,1,-2.2791812,0.697033,4.4903936,-3.4583385,-0.47300982,0.06789771,-8.134987,-9.365529,0.0011008263,0.021590976,0.95875555,0.00033854568,0.006700837,0.011509126,3.151917e-06,9.2078267e-07,2,,,,0.31504875,-2.2024343,0.81863785,4.694479,-3.471681,0.03559487,-0.27105612,-8.079321,-9.18934,0.0014148568,0.025020763,0.95455015,0.0003534245,0.010897746,0.0077570863,4.400504e-06,1.4960045e-06,2,,,,0.0055391765,Test
855,0,-2.6997588,1.004392,5.0312347,-3.1705644,-0.8338118,0.9595887,-8.575561,-11.550606,0.00042276067,0.01717065,0.9629911,0.00026401345,0.002731901,0.016418323,1.1864956e-06,6.056482e-08,2,,,,0.28158203,-2.8523726,0.93689525,5.167134,-3.0552013,-0.9928266,0.90692776,-8.248523,-11.568495,0.0006581689,0.021690877,0.954535,0.0005356608,0.002915906,0.019659935,4.0246573e-06,4.0084578e-07,2,,,,0.009819734,Test
856,0,-2.7531595,0.13498828,4.6097035,-2.8248408,-0.19084662,0.2578467,-7.421017,-8.6860075,0.0006136777,0.011021661,0.96736676,0.000571228,0.007956807,0.01246246,5.763888e-06,1.6268107e-06,2,,,,0.26514497,-2.8441844,0.14591496,4.4923577,-2.694021,-0.22960858,0.62939024,-7.4514327,-8.608284,0.0010559815,0.019324088,0.9438914,0.000881618,0.009729436,0.02509888,1.2780838e-05,5.8180754e-06,2,,,,0.00952754,Test
857,0,-0.021082832,-0.47391453,1.1625719,-2.043893,-0.6323071,-1.7048193,-3.465737,-3.245419,0.17139545,0.108977534,0.5598272,0.022672737,0.09301393,0.031824518,0.0054702205,0.0068184845,2,,,,1.9441984,-0.06690091,-0.3153641,1.210294,-1.9860369,-0.6516819,-1.6489162,-3.3547726,-3.0904896,0.16749893,0.124125585,0.54816335,0.024493976,0.08894,0.03188894,0.0069127334,0.007976422,2,,,,0.03787517,Test
858,0,3.2529259,1.227558,-0.7806495,-2.2597427,-2.2281265,-3.4359782,-3.631921,-8.085538,0.86196774,0.113732606,0.015266216,0.0034783194,0.0035900478,0.0010728451,0.0008819421,1.0262633e-05,0,,,,0.71078956,2.8172174,1.3294002,-0.708611,-2.316566,-2.1591377,-2.875411,-3.651497,-7.806259,0.7608102,0.19396706,0.027328182,0.0053921575,0.006677418,0.0039419197,0.0018400351,4.299688e-05,0,,,,0.027556395,Test
859,0,-4.1979156,-0.64505816,7.5472608,-3.269746,0.5135914,0.7296914,-10.093401,-12.010046,7.9094325e-06,0.00027614148,0.99772435,2.0009862e-05,0.00087968406,0.0010918874,2.1765503e-08,3.201698e-09,2,,,,0.026663449,-4.3697796,-0.94853354,7.455461,-3.2123058,0.511532,0.46927857,-9.889009,-11.806906,3.6429876e-05,0.00075820263,0.99590605,5.9981987e-05,0.0018095241,0.0014296612,1.6528315e-07,2.7504356e-08,2,,,,0.0009807707,Test
860,0,-2.2667673,0.9528974,5.028137,-3.5594895,-0.9122695,0.6250481,-9.2753525,-12.470765,0.00065747404,0.016449828,0.9683123,0.00018049146,0.0025475903,0.011851632,5.9441373e-07,2.4341041e-08,2,,,,0.24945666,-2.521167,0.87494147,5.3003674,-3.633695,-1.0660646,0.5309007,-9.173695,-12.902072,0.00046307556,0.017306615,0.9664501,0.00017078329,0.002720369,0.012888084,9.627738e-07,3.862413e-08,2,,,,0.007387703,Test
861,0,1.6919639,4.310007,1.9021972,-3.9139452,-2.7508647,-1.3887571,-8.424472,-14.759231,0.062483422,0.8565773,0.07710243,0.00022969389,0.0007349686,0.0028696219,2.524949e-06,4.478187e-09,1,,,,0.76103175,1.2219577,3.8646655,2.10187,-3.8235939,-2.5881724,-1.4773564,-7.947867,-13.583122,0.059822332,0.68478936,0.24583511,0.00032784604,0.0018798457,0.007340306,5.033784e-06,1.1456666e-07,1,,,,0.07820529,Test
862,0,-1.8506496,1.2105238,4.973022,-3.2292843,-1.0023658,0.5405799,-9.166987,-12.794291,0.0010468772,0.022353543,0.96245086,0.0002637315,0.002445123,0.01143914,6.9574605e-07,1.8498334e-08,2,,,,0.2842228,-1.6478958,1.197626,4.933487,-3.4073174,-0.65588707,0.8077157,-9.317627,-12.556475,0.0021875806,0.050346144,0.925529,0.00029032747,0.003591008,0.018054899,1.0337739e-06,3.3696644e-08,2,,,,0.020825991,Test
863,0,-1.6586311,1.3033974,3.5261374,-3.3891172,-1.053237,0.52811694,-7.591255,-9.680959,0.0047667236,0.09217491,0.8510134,0.00084465527,0.008732516,0.04245342,1.2639042e-05,1.5637504e-06,2,,,,0.8139546,-1.6715752,1.1692494,3.5330014,-3.5720131,-0.97083205,0.42869583,-7.893126,-9.630122,0.00759863,0.11148838,0.8204139,0.0008750992,0.011879314,0.047722828,1.9011004e-05,2.8860152e-06,2,,,,0.026876116,Test
864,1,-3.4437556,-0.26421466,6.0649204,-2.8112466,-0.095201105,0.3896896,-8.09734,-10.075002,7.364986e-05,0.0017702283,0.99251634,0.00013863317,0.0020961913,0.0034042087,7.016916e-07,9.7108696e-08,2,,,,0.07630505,-3.27215,-0.9098196,6.1893315,-2.3774173,-0.047923822,0.82649183,-8.080675,-10.612262,0.000120252735,0.0016558565,0.98721933,0.00028373252,0.0024628856,0.008256859,1.0043289e-06,1.0172198e-07,2,,,,0.0032149297,Test
865,0,-1.5288182,-2.0903473,2.0607896,-2.1061242,-0.4954238,-3.608886,-2.8221266,0.61055005,0.019977802,0.011394065,0.7235933,0.01121571,0.05614941,0.0024956611,0.0054811393,0.16969283,2,,,,1.3270055,-1.5877478,-2.071702,1.9340427,-2.0799384,-0.5541178,-3.5946822,-2.7316926,0.76959485,0.026569908,0.013817628,0.6635616,0.01588412,0.056052804,0.0030893337,0.0075117773,0.21351287,2,,,,0.0253248,Test
866,1,-2.8075426,-0.8584667,1.9940054,-2.4046957,-0.677857,0.94514793,-4.179312,-3.0923367,0.005456412,0.038315993,0.66403806,0.0081632165,0.04590055,0.23263763,0.0013840605,0.004104146,2,,,,1.4093412,-2.9330528,-0.7585184,1.9930423,-2.199927,-0.59108424,0.87863815,-4.0455027,-2.8544188,0.0071388916,0.048275087,0.65032184,0.012249109,0.05358117,0.2196209,0.002343628,0.006469354,2,,,,0.027027944,Test
867,0,-3.3542864,-1.5566409,1.5454363,-1.576038,-1.2148451,0.7077475,-2.6160693,-1.7957964,0.0045323046,0.027354365,0.60847336,0.02682888,0.03850052,0.26329216,0.009482495,0.021535879,2,,,,1.6242684,-3.500615,-1.7867086,1.5381168,-1.5247159,-1.2443831,0.9656421,-2.6202826,-1.9844687,0.0038677745,0.020706892,0.55318254,0.025673399,0.03341537,0.3354829,0.009226518,0.018444559,2,,,,0.044128884,Test
868,0,-3.4506352,-0.017335666,7.1508684,-3.361151,-0.31961957,0.9316555,-10.443738,-14.071588,2.4794692e-05,0.0007681067,0.9966281,2.7115724e-05,0.0005677294,0.0019840987,2.2766312e-08,6.0497524e-10,2,,,,0.037528254,-3.277417,-0.22508994,7.3597617,-3.272286,-0.7591998,0.8136565,-10.512196,-14.89221,6.847562e-05,0.001591422,0.99512136,4.0598294e-05,0.000649599,0.0025284041,9.312198e-08,2.6171028e-09,2,,,,0.0012415211,Test
869,1,0.7633364,1.4356838,1.4914911,-2.4422312,-1.8888936,-1.6340767,-5.2678723,-8.921205,0.19103901,0.37421298,0.3956905,0.007743936,0.013467073,0.017375557,0.00045898816,1.1889929e-05,2,,,,1.7610023,0.4678672,1.0573803,1.4553615,-2.4109664,-1.8652575,-1.6476061,-5.013433,-8.197962,0.17738691,0.31182805,0.4582328,0.009591261,0.018797692,0.023348887,0.00076640164,4.7968064e-05,2,,,,0.049353935,Test
870,0,-5.517224,-2.2092526,7.034117,-2.7947376,1.1077054,1.2388854,-8.139444,-7.378557,3.5195094e-06,9.618684e-05,0.9941691,5.3560296e-05,0.0026524817,0.0030242873,2.5566214e-07,5.4716145e-07,2,,,,0.058523733,-5.6429663,-2.0154603,6.7338705,-2.8635538,1.1515095,1.4629338,-8.066313,-7.244377,5.50251e-06,0.00022511123,0.98873556,8.8188666e-05,0.0044788118,0.006464382,5.403168e-07,1.8805949e-06,2,,,,0.0019528916,Test
871,0,1.2153536,0.9076742,1.223763,-3.0010836,-1.1099447,-1.6563627,-5.9149857,-8.630314,0.34322318,0.25232086,0.34612164,0.00506292,0.03355153,0.019427016,0.00027473224,1.8182673e-05,2,,,,1.8775079,0.9481969,1.1585267,1.0495584,-3.0794575,-1.1456908,-1.4922371,-6.2113934,-8.714324,0.27718627,0.3426451,0.31152943,0.0051704952,0.03511592,0.028087988,0.00024477058,1.9947815e-05,1,,,,0.047861304,Test
872,0,-1.6351011,1.7855874,4.5135217,-3.6908324,-0.81284004,0.056057196,-9.140064,-12.547393,0.0019704718,0.06027764,0.9223231,0.0002522187,0.0044840826,0.010691307,1.0844419e-06,3.5927073e-08,2,,,,0.4775804,-1.4236033,1.7417368,4.177883,-3.426941,-1.0360245,-0.31119356,-8.455522,-12.198183,0.00510186,0.10475959,0.8724586,0.0006708281,0.0055606393,0.01144062,7.518434e-06,4.4819407e-07,2,,,,0.020869952,Test
873,0,-1.4398751,0.03254436,2.7295773,-3.3655725,-0.0034136157,0.06631377,-6.7280645,-6.847275,0.012672598,0.05524963,0.8196641,0.0018473361,0.053298257,0.05714724,6.400801e-05,5.6814868e-05,2,,,,1.0257267,-1.4399817,0.12615499,2.8686554,-3.3851237,0.20721178,-0.25386223,-6.7187834,-6.3988433,0.013021561,0.062069494,0.8201965,0.0018047697,0.059745103,0.04296177,6.365559e-05,0.0001371198,2,,,,0.01771897,Test
874,0,-2.8642516,0.063532494,5.3476143,-2.9225545,-0.579821,0.84992254,-8.476933,-10.659905,0.0002662484,0.0049751666,0.98096895,0.00025116946,0.0026145852,0.010922765,9.721446e-07,1.0956661e-07,2,,,,0.16505502,-2.7625606,0.4783659,5.3279095,-2.9072645,-0.40116578,0.663517,-8.652777,-10.598768,0.00042526744,0.01083825,0.9737655,0.00047545639,0.0040512145,0.010441778,2.0531218e-06,5.881035e-07,2,,,,0.004700696,Test
875,0,-2.3979247,0.08469334,4.9152594,-2.8270915,-0.12261869,0.019549306,-7.479047,-9.134002,0.0006516676,0.007802133,0.9774656,0.00042426906,0.0063413084,0.007310072,4.0487666e-06,7.73722e-07,2,,,,0.1966785,-2.590395,0.35711643,5.250516,-2.7689605,-0.28018647,0.16476586,-8.016219,-10.072767,0.0006796679,0.009700952,0.97566164,0.00041216324,0.0051502762,0.008391785,3.046501e-06,5.129701e-07,2,,,,0.00427536,Test
876,0,-0.16117167,2.2238848,4.0815115,-3.7667058,-1.2792273,-0.5261219,-9.65189,-14.323843,0.012120855,0.13162859,0.84354305,0.0003293593,0.0039624884,0.008414676,9.157288e-07,8.565718e-09,2,,,,0.762749,-0.47945508,2.1938415,4.0392594,-3.7432785,-1.8197387,-0.384713,-9.486221,-14.326742,0.01496613,0.15117961,0.81454265,0.0007062199,0.0032486408,0.015352773,3.983283e-06,4.541161e-08,2,,,,0.026545357,Test
877,0,-1.6290407,1.698464,4.148669,-3.4719644,-1.0257583,0.48173386,-8.583083,-11.822888,0.002761445,0.07695792,0.89199775,0.00043728529,0.0050482242,0.022794712,2.6365374e-06,1.0327719e-07,2,,,,0.6230786,-1.6685734,2.047293,4.200408,-3.6021202,-1.4180795,0.32308215,-9.051161,-13.082387,0.0038614492,0.12834239,0.84115064,0.0004203787,0.0038636383,0.02235886,2.664684e-06,8.5457785e-08,2,,,,0.030775161,Test
878,0,-3.7684343,-0.25551236,5.42069,-3.0855234,-0.6721871,1.6704537,-8.381696,-9.76692,9.921707e-05,0.0033283497,0.97134227,0.00019641328,0.0021941648,0.022838378,9.841755e-07,2.4630702e-07,2,,,,0.21580791,-4.0270605,-0.3100509,5.311406,-2.840077,-0.91759604,1.7181737,-7.6595244,-9.9894495,0.00021804927,0.0075926594,0.95733166,0.0004584863,0.0030719156,0.03131652,1.0123763e-05,6.733393e-07,2,,,,0.005855013,Test
879,0,-3.427211,-1.6374342,1.2231032,-1.4615321,-1.4831436,1.4954351,-2.4879692,-2.0683393,0.0037099104,0.022215374,0.38812283,0.026487859,0.025921565,0.5096141,0.009490104,0.014438225,5,,,,1.6049273,-3.470766,-1.6067909,1.2732539,-1.5181174,-1.4319861,1.5501827,-2.7174144,-2.0207405,0.004280638,0.022051727,0.38637125,0.026378244,0.028535342,0.5063808,0.008923003,0.017079001,5,,,,0.025950965,Test
880,0,-3.4727085,-0.12333525,6.0276814,-3.094562,-0.07602428,0.92048097,-8.740347,-10.828975,7.403759e-05,0.0021089518,0.98950785,0.00010806351,0.002211127,0.0059894947,3.81721e-07,4.7278853e-08,2,,,,0.099980116,-3.4388847,0.0039453567,5.738147,-3.001225,-0.11266899,0.6953881,-8.890462,-11.002039,0.00018313898,0.0040086783,0.984148,0.0001898791,0.003296721,0.008172153,1.1452905e-06,1.8192272e-07,2,,,,0.0022175387,Test
881,0,-0.53651506,1.977159,5.114781,-3.6043484,-1.6469202,-1.101834,-10.015497,-16.32281,0.0033449896,0.041311372,0.95218533,0.00015561507,0.0011019249,0.0019005531,2.5569688e-07,4.6611665e-10,2,,,,0.314717,-0.40989667,2.2910933,5.222669,-3.4895768,-1.4534338,-1.4834725,-9.742997,-16.41506,0.010273946,0.11897147,0.8656274,0.00040048888,0.0015098829,0.0032153304,1.5525056e-06,2.6331648e-09,2,,,,0.04870693,Test
882,0,-1.8178235,1.6759436,5.3026958,-3.6206973,-1.0507141,0.29571316,-9.65585,-13.8093,0.0007802756,0.025678623,0.9652731,0.00012860852,0.0016803487,0.006458701,3.0777713e-07,4.8352167e-09,2,,,,0.257084,-1.7207295,1.8406496,5.386588,-3.4252174,-1.0403355,0.42318177,-9.30828,-14.101915,0.0026021996,0.045439582,0.94131243,0.0004291051,0.0020261924,0.008181763,8.7856115e-06,1.4044706e-08,2,,,,0.016088761,Test
883,0,-1.4436679,0.15839536,1.4770983,-2.7455816,-0.84855235,0.27611968,-4.7250066,-4.518462,0.030987443,0.15379883,0.5749876,0.008428917,0.056187697,0.17301354,0.0011644436,0.0014315931,2,,,,1.7840154,-1.5973718,0.2886037,1.5392083,-2.7166324,-0.8375514,0.5972162,-4.8733516,-4.8883104,0.026940968,0.16670616,0.5343534,0.007822751,0.04965203,0.21250243,0.0010828834,0.0009394873,2,,,,0.033828367,Test
884,0,-1.7288039,0.6637322,4.7969937,-3.342249,-0.6997603,0.07936545,-8.707016,-11.933391,0.0014213367,0.01555114,0.9700965,0.0002831307,0.003977452,0.008669118,1.3246411e-06,5.2589755e-08,2,,,,0.24380983,-1.835686,0.47636563,4.8796325,-3.4415965,-0.7291312,0.16657403,-8.736204,-11.835833,0.0035728351,0.021582747,0.9590438,0.0005476059,0.0042527323,0.010996779,3.3976398e-06,1.8683315e-07,2,,,,0.0084716985,Test
885,0,0.12701985,3.4902356,1.9410634,-3.5745316,-2.129472,-0.006539304,-7.394312,-12.185548,0.027010934,0.7801275,0.16571762,0.00066677044,0.0028285093,0.023633908,1.462402e-05,1.214114e-07,1,,,,1.0088421,-0.054356586,3.4386704,1.9905987,-3.6005619,-2.3596103,0.3170757,-7.6050606,-11.899464,0.02829575,0.7027352,0.21513867,0.00091815664,0.0036110939,0.049286276,1.449348e-05,4.2364059e-07,1,,,,0.04539661,Test
886,0,-1.6888933,0.8959657,2.778602,-2.6367252,-0.92992985,0.7456145,-5.9237094,-8.002945,0.00866929,0.114967056,0.755426,0.0033600463,0.018518126,0.09891832,0.0001255527,1.5697327e-05,2,,,,1.190046,-1.9547428,0.7954775,2.8460126,-2.712988,-1.1562302,1.0842202,-6.3584304,-8.324844,0.006605096,0.099895984,0.7296523,0.0036139518,0.014679177,0.14543131,0.00010461869,1.7551254e-05,2,,,,0.027719347,Test
887,0,-2.977161,0.12807828,4.0296125,-3.5226939,-0.99349856,2.3222299,-8.4056,-10.83558,0.00074880046,0.016709149,0.8267404,0.00043395456,0.0054432666,0.14992094,3.2871926e-06,2.8939974e-07,2,,,,0.7896443,-2.9086301,0.3958907,4.306685,-3.206697,-0.80592793,2.3508227,-8.401522,-11.351904,0.0009493618,0.033296537,0.81166714,0.000805372,0.007156228,0.14611843,6.57713e-06,3.7301226e-07,2,,,,0.04019505,Test
888,0,-3.9811316,-0.19003515,6.5799937,-3.3666356,-0.23936023,1.4677854,-9.683737,-12.09772,2.5689531e-05,0.0011381726,0.9917321,4.749283e-05,0.0010833943,0.0059729726,8.573255e-08,7.669491e-09,2,,,,0.078880824,-4.0617194,0.07378349,6.8576217,-3.293534,-0.52118015,1.6613314,-10.387592,-13.431374,5.0214305e-05,0.0034838212,0.98900354,7.755797e-05,0.0010169563,0.0063677407,1.8241107e-07,1.8734031e-08,2,,,,0.0025728776,Test
889,0,-2.5510378,-1.8833752,2.5506818,-2.144069,0.27988225,-2.048921,-3.1899009,1.1431215,0.004383867,0.008547115,0.7202879,0.0065856976,0.07435503,0.0072430936,0.0023142104,0.176283,2,,,,1.2736988,-2.7117667,-1.864908,2.4221056,-2.19561,0.11081815,-2.0906017,-2.9838767,1.2106756,0.0043658502,0.010574652,0.68365806,0.0069701434,0.07010546,0.008558237,0.0035305787,0.212237,2,,,,0.022337455,Test
890,0,-3.8561285,-0.6515897,4.5550447,-2.7806644,-0.33667743,2.5141714,-7.351624,-8.81897,0.00019441471,0.004791179,0.87428916,0.000569898,0.0065645827,0.11358346,5.8973187e-06,1.3595484e-06,2,,,,0.61908317,-3.4822655,-0.22627194,4.3086715,-2.7362344,-0.27628487,2.3134756,-6.9971647,-8.597087,0.0011846292,0.020437647,0.83022374,0.0016554641,0.009879983,0.13653302,7.547375e-05,9.967847e-06,2,,,,0.030335892,Test
891,0,-1.8924623,0.37459186,4.937047,-3.095202,-0.34302312,-0.48536947,-8.369942,-9.999286,0.0010587805,0.010218214,0.9790933,0.00031802588,0.004985614,0.004324127,1.6280671e-06,3.1919586e-07,2,,,,0.18370129,-1.2838227,0.76634544,4.5452976,-3.343055,-0.5587124,-0.800666,-8.357819,-10.614048,0.005053061,0.031190842,0.94921523,0.000594374,0.008176711,0.005764273,4.6705272e-06,8.01523e-07,2,,,,0.009455916,Test
892,0,-0.44128072,1.0192893,2.124412,-2.6733677,-0.8197562,-1.1732988,-5.1804733,-6.8695636,0.051016267,0.21979924,0.66370475,0.005474261,0.034941286,0.024535635,0.00044617325,8.240261e-05,2,,,,1.4394695,-0.13976759,0.8583787,2.030079,-2.6484783,-0.8333621,-1.3206222,-5.07504,-6.6131926,0.08073764,0.22955534,0.6181198,0.007684623,0.038313072,0.024662394,0.00077755307,0.000149651,2,,,,0.04474665,Test
893,0,5.923283,4.018692,-1.0467749,-3.0081604,-3.7498736,-4.990788,-6.8395753,-15.4416895,0.8695355,0.1294595,0.0008170142,0.00011492403,5.4737975e-05,1.582583e-05,2.4914282e-06,4.577174e-10,0,,,,0.5681601,5.7015266,4.3639956,-1.166491,-3.0566854,-4.3453593,-5.40426,-6.799862,-15.772882,0.7580819,0.24004284,0.0015488568,0.00023677542,5.6298177e-05,2.2591015e-05,1.07554915e-05,3.0572884e-09,0,,,,0.03537236,Test
894,0,4.654043,0.6225159,-0.98984987,-1.4621397,-2.5566075,-4.689153,-3.5981486,-9.163267,0.97600865,0.017321423,0.0034541562,0.0021539181,0.0007209547,8.5458414e-05,0.0002544324,9.742536e-07,0,,,,0.19461136,4.7216883,0.98060167,-1.1879933,-1.4079022,-2.6244204,-4.9973,-3.7962775,-8.857038,0.9596499,0.03255085,0.003857575,0.002581354,0.0010137033,8.0139595e-05,0.00026420451,2.2080817e-06,0,,,,0.011098081,Test
895,1,-1.781206,1.835854,5.951641,-3.956378,-1.0117278,-0.42649418,-10.4624605,-15.04095,0.00042983633,0.016001932,0.9809255,4.8824524e-05,0.0009278619,0.001665893,7.295964e-08,7.4932327e-10,2,,,,0.1529464,-1.8971512,2.0814378,5.9043603,-3.9005692,-1.271919,-0.10595379,-10.276118,-15.344154,0.00073272624,0.041247394,0.95324004,9.130657e-05,0.0013266753,0.0033617937,1.2351452e-07,5.3515463e-09,2,,,,0.014634045,Test
896,0,-4.6048937,-2.1195006,4.813311,-1.782425,-0.018372273,1.1530132,-5.1702642,-4.713463,7.8390825e-05,0.000941148,0.96502775,0.0013184025,0.0076942528,0.024825193,4.453771e-05,7.03258e-05,2,,,,0.26071775,-4.8310523,-2.3468618,5.06201,-1.7846088,-0.030086573,1.1305286,-5.261554,-4.9177694,0.000110314766,0.0010453576,0.96595895,0.0014502924,0.007446746,0.023854317,7.2423645e-05,6.1600054e-05,2,,,,0.0053331335,Test
897,1,-4.8849716,-1.5412939,6.825327,-2.732642,0.485197,1.3443267,-8.484827,-9.468268,8.15793e-06,0.00023105781,0.9937977,7.0198e-05,0.0017531319,0.0041393293,2.2293725e-07,8.3383455e-08,2,,,,0.06164442,-4.186744,-0.8928297,6.863186,-2.7631545,0.46734747,1.2632506,-8.35488,-9.086029,6.422515e-05,0.000861804,0.99179524,0.00017762369,0.0022292763,0.0048704725,9.817561e-07,4.3624513e-07,2,,,,0.0016803546,Test
898,1,-3.9170618,-2.3609087,3.5033581,-1.9253287,-0.105666205,-1.0600914,-3.7091975,0.20756426,0.00055294414,0.0026212584,0.9232697,0.004052096,0.025000531,0.00962604,0.00068069936,0.034196645,2,,,,0.5382354,-3.9486508,-2.4647489,3.6489437,-1.9087303,-0.109213784,-1.0171186,-3.7826748,0.22959955,0.00058517774,0.0022558882,0.92608994,0.0039375047,0.024392355,0.009479605,0.00070681056,0.032552686,2,,,,0.0073394263,Test
899,0,-4.4331083,-2.3410907,5.0348434,-1.9006463,0.35739005,0.26573846,-5.408816,-3.863658,7.5801385e-05,0.0006140855,0.98074555,0.0009539189,0.009123555,0.008324542,2.8571494e-05,0.00013396345,2,,,,0.16615705,-4.7087317,-2.340343,5.43635,-1.9828743,0.3920444,0.3516323,-5.80057,-3.9906936,0.000106284126,0.00071522564,0.98092604,0.00087747053,0.009101601,0.00808942,3.4623503e-05,0.0001494021,2,,,,0.003826353,Test
900,1,-4.0313764,-0.49866816,6.3362308,-3.3420215,-0.25217605,1.8866103,-9.565265,-12.085709,3.0993415e-05,0.0010604863,0.9859707,6.175221e-05,0.0013569236,0.011519099,1.2244259e-07,9.847301e-09,2,,,,0.11901337,-3.7920105,-0.66538566,6.5317903,-3.34613,-0.7004503,1.4842167,-9.481775,-12.164503,0.000109569075,0.0014719454,0.985548,8.2957136e-05,0.00091179356,0.0118750585,6.1753707e-07,3.1805993e-08,2,,,,0.0035838038,Test
901,0,4.23937,1.1188335,-1.3532007,-1.6216378,-2.8117964,-3.0361533,-3.7679844,-9.230081,0.95002806,0.041928057,0.0035392726,0.0027060332,0.00082310213,0.00065768335,0.00031636356,1.3428535e-06,0,,,,0.33311194,4.3185277,1.248672,-1.2074553,-1.698364,-2.846332,-3.2880788,-3.925111,-9.399595,0.9349326,0.056233488,0.0043513505,0.0026629535,0.0008449221,0.0006254789,0.00034704912,2.1341887e-06,0,,,,0.010966176,Test
902,0,-3.1096613,-0.46408254,3.0292263,-2.6580927,-0.3279029,1.2828863,-5.4015455,-4.9686217,0.0017317507,0.02440313,0.80273145,0.0027201893,0.027963249,0.14000529,0.0001750381,0.00026986652,2,,,,0.9710657,-3.264274,-0.36524358,3.0548995,-2.7389796,-0.1319025,1.502187,-5.4839253,-4.62385,0.0019250493,0.030234307,0.7468201,0.0027481564,0.03294361,0.18470459,0.00023967089,0.00038457653,2,,,,0.032369275,Test
903,0,-2.5688233,0.43179175,4.3823996,-2.8448436,-0.48822063,0.70118284,-7.256487,-9.261737,0.00090858364,0.018260619,0.9489485,0.0006894308,0.0072771134,0.0239062,8.366397e-06,1.12634e-06,2,,,,0.37423563,-2.5318654,0.2309274,4.692601,-2.6828623,-0.35881385,0.74819505,-7.3183465,-9.485801,0.0013106541,0.016458092,0.95073575,0.000730066,0.008377242,0.022368895,1.4883313e-05,4.3933915e-06,2,,,,0.009683093,Test
904,0,-1.231167,1.4548993,2.9664915,-2.917218,-0.9846593,-0.022566516,-6.4652057,-8.881985,0.011491135,0.16861908,0.76450944,0.0021287287,0.014703469,0.03848145,6.127015e-05,5.4658153e-06,2,,,,1.0934567,-1.3705931,1.323981,2.9666932,-3.1259542,-1.043327,0.023884946,-6.9555006,-9.148429,0.0123071205,0.16854945,0.75566125,0.002217039,0.015240153,0.045973063,4.5976536e-05,5.996733e-06,2,,,,0.031649478,Test
905,0,-3.0041494,-0.29977864,2.1589012,-2.0346649,-1.257109,2.3675184,-4.2815995,-5.8175707,0.0024121033,0.036048666,0.42138618,0.006359714,0.013839673,0.51913655,0.000672367,0.00014472468,5,,,,1.350971,-3.0557039,-0.3590111,2.1980681,-2.008453,-1.2114738,2.253161,-4.3369207,-5.339932,0.0027403985,0.03758136,0.4530131,0.007900812,0.016642995,0.4810656,0.00077306735,0.00028269447,5,,,,0.0349461,Test
906,0,-4.454981,-3.6873176,4.2436395,-2.3350182,0.7427395,-3.896207,-3.7590303,4.7598996,6.159065e-05,0.00013271089,0.3692133,0.00051310076,0.0111392485,0.00010769283,0.00012352697,0.6187088,7,,,,1.042769,-4.7573338,-3.9808075,4.473656,-2.4010644,0.751917,-4.4067335,-4.031367,5.3332243,4.6159264e-05,6.906047e-05,0.30252278,0.0003139734,0.008128255,5.4448006e-05,7.40722e-05,0.6887913,7,,,,0.025431495,Test
907,0,-2.5706387,1.0038649,5.468435,-3.5512097,-0.9332128,1.0448658,-9.621187,-12.931533,0.00031455385,0.011222312,0.97503555,0.00011798818,0.0016174103,0.011692004,2.7269718e-07,9.954426e-09,2,,,,0.20350075,-2.8480954,1.2978363,5.2336664,-3.9780052,-1.586436,0.83646524,-9.266119,-13.385678,0.0010566249,0.03535991,0.94210327,0.00014209586,0.001668469,0.019667234,2.1883777e-06,8.612285e-08,2,,,,0.015564091,Test
908,0,-1.208412,-0.8351416,1.4465419,-2.1579096,-0.88814896,-1.2441965,-3.2221732,-2.0348635,0.050057147,0.072706856,0.7120294,0.019368878,0.06895322,0.048297547,0.0066819126,0.021904979,2,,,,1.5965445,-1.473415,-0.8130264,1.4729149,-2.3703465,-0.8777485,-1.2980528,-3.4109433,-1.9351288,0.049034238,0.07820007,0.70680463,0.016474035,0.06807562,0.049288362,0.0070081004,0.025114927,2,,,,0.028598096,Test
909,0,-0.17354849,-0.11150141,0.8941765,-1.9962989,-1.1403307,-0.89991087,-3.3631532,-3.687701,0.16476421,0.17531118,0.47925866,0.026622724,0.06266062,0.07969072,0.0067863315,0.004905528,2,,,,2.1445956,-0.36918122,-0.2844116,0.89186174,-1.964871,-1.1074245,-0.71560603,-3.387509,-3.5575428,0.14171296,0.16056703,0.48810688,0.030169627,0.06680297,0.09832908,0.0074368627,0.0068745255,2,,,,0.030159347,Test
910,0,-1.547668,0.37873814,1.4990537,-2.515107,-0.5784419,0.47243482,-4.5506535,-4.593014,0.025275946,0.17351417,0.53196347,0.009606252,0.06662496,0.19055785,0.0012546636,0.0012026255,2,,,,1.8612224,-1.7182233,0.44827443,1.4741228,-2.5183158,-0.63300467,0.6739203,-4.659982,-4.700001,0.025682399,0.18358333,0.48838812,0.010081732,0.062773004,0.22673574,0.0014031545,0.0013524488,2,,,,0.03400049,Test
911,0,-1.2848127,0.58453614,4.426688,-2.7590923,-0.7965864,-0.12684058,-8.16452,-11.234227,0.0031760994,0.020594064,0.9602129,0.0007271478,0.005175212,0.010111024,3.2664439e-06,1.5167655e-07,2,,,,0.31192076,-1.4479017,0.45414907,4.593076,-2.5483425,-0.77891344,-0.0817536,-7.965049,-10.697914,0.005260532,0.025161976,0.95210713,0.0012566687,0.006251931,0.009951649,9.067067e-06,9.445821e-07,2,,,,0.010549363,Test
912,0,-3.0621998,-1.4218807,3.4109085,-2.1548028,0.17888168,-0.8670704,-4.259337,-2.0097919,0.0014412608,0.0074323136,0.93320656,0.0035712495,0.036840573,0.012944198,0.00043534406,0.004128551,2,,,,0.482462,-3.1653142,-1.2454118,3.3715072,-2.0755515,0.09411754,-1.0284905,-4.181512,-1.7768795,0.0018557716,0.010535521,0.9263857,0.004908296,0.03566187,0.01397838,0.0006942615,0.005980238,2,,,,0.006664821,Test
913,1,2.1814706,1.2556672,-0.18208337,-2.234101,-1.8413458,-2.1593146,-4.013053,-7.538979,0.6512896,0.25804937,0.06127674,0.007872555,0.011659692,0.008483892,0.001329005,3.9105384e-05,0,,,,1.3556151,2.0390525,1.4430759,0.27169114,-2.2961555,-1.7586386,-1.9246662,-4.3055434,-7.690511,0.5401737,0.30992657,0.11381272,0.0077821473,0.014392557,0.012739925,0.0011197173,5.2658004e-05,0,,,,0.03853274,Test
914,0,-0.7928834,1.9289538,4.5008407,-3.6389623,-1.1327684,-0.46219468,-9.125643,-13.135016,0.0045986786,0.06993778,0.9155207,0.00026705253,0.00327358,0.0064010206,1.106016e-06,2.006841e-08,2,,,,0.49755403,-1.2775991,1.6263136,4.3176355,-3.6394558,-1.2044723,0.2752355,-9.592207,-13.094464,0.0074970005,0.108158365,0.8590002,0.0005597308,0.004797076,0.01998549,1.9951026e-06,1.1571806e-07,2,,,,0.03797834,Test
915,1,-2.0498486,1.7868918,5.725382,-4.0683475,-1.1632011,0.47994477,-10.708121,-15.02237,0.00040926965,0.018979501,0.97442675,5.4373388e-05,0.0009932887,0.005136707,7.1083676e-08,9.508555e-10,2,,,,0.19932123,-2.155122,1.8133625,6.2530065,-3.9805474,-1.3190857,1.0001686,-11.343283,-15.695627,0.00083492615,0.021645205,0.9669651,7.790366e-05,0.00088716793,0.009589752,7.377246e-08,3.495399e-09,2,,,,0.0074064876,Test
916,0,-4.1351714,-2.7614348,3.8681822,-2.219974,0.77555734,-1.9260767,-4.1888223,1.9654688,0.0002781916,0.0010988797,0.8320628,0.0018884412,0.03776123,0.0025336193,0.00026365943,0.12411326,2,,,,0.8289641,-4.3378644,-2.9146836,4.0063105,-2.4844618,0.8590349,-1.9694027,-4.4280906,2.1607118,0.00023751604,0.0009175829,0.82148254,0.0016120846,0.036877,0.0022038105,0.0002328322,0.13643654,2,,,,0.013687955,Test
917,0,1.2704808,2.5800579,1.269437,-3.0822759,-1.7722976,-1.7152975,-5.875465,-9.816357,0.171956,0.6370294,0.17177662,0.0022132949,0.008202675,0.008683811,0.00013551042,2.6330856e-06,1,,,,1.4253467,1.0643932,2.513279,1.5044581,-3.0625222,-1.4869715,-1.3457123,-5.6823616,-9.424379,0.14343005,0.589745,0.22726324,0.0029819198,0.015293459,0.020912288,0.0003600742,1.4036038e-05,1,,,,0.04158869,Test
918,0,-2.7010648,-0.363043,1.4395827,-2.2657795,-1.3096492,2.5096507,-3.9869,-5.1002445,0.0037970482,0.039340146,0.23861977,0.0058679725,0.015266173,0.6957145,0.0010495787,0.00034474308,5,,,,1.2215632,-2.4965858,-0.36633727,1.3537239,-2.0652483,-1.3364866,2.3343718,-3.8784347,-4.692148,0.008219964,0.052899294,0.25760046,0.010540167,0.0185153,0.64942986,0.0019422164,0.000852832,5,,,,0.035670716,Test
919,0,-1.3957683,-0.19464348,1.1515882,-2.1315088,-0.85912925,0.06987968,-3.3381526,-2.9737146,0.041724637,0.1386866,0.5329611,0.019992383,0.07135953,0.18068223,0.005981717,0.008611905,2,,,,2.0042615,-1.6856525,-0.17864649,1.275594,-2.3138251,-0.90598106,0.075614415,-3.6304555,-3.0052857,0.03452301,0.13635752,0.5599663,0.016322777,0.06390729,0.17556813,0.0048229625,0.008531921,2,,,,0.034163866,Test
920,0,1.0597582,2.0549624,1.6197807,-2.7582026,-2.061513,-0.7719328,-6.634417,-11.331423,0.17597379,0.4760578,0.3080794,0.003866596,0.007760635,0.02818089,8.01512e-05,7.3118383e-07,1,,,,1.7057619,1.2644031,2.3686357,1.5046576,-2.7333722,-2.404768,-0.6717006,-6.6615677,-12.057843,0.18873592,0.5155176,0.2459548,0.0036192264,0.0065936386,0.039496522,8.16983e-05,5.9362077e-07,1,,,,0.04985707,Test
921,0,-4.0196004,-2.0087643,1.968518,-1.576562,-0.942658,1.6802222,-2.905398,-1.9083947,0.0013325289,0.009953402,0.53123087,0.015334674,0.028905177,0.39817867,0.0040603983,0.011004278,2,,,,1.4367541,-4.13477,-1.7476313,2.0434425,-1.6212629,-0.68303984,1.7337196,-3.2499802,-1.8060071,0.0013296644,0.013641909,0.5239408,0.014983021,0.036966298,0.39175007,0.0031459653,0.014242245,2,,,,0.032816816,Test
922,0,-3.5418174,-1.1683265,1.8167021,-1.8120788,-0.9880818,2.43925,-3.7899988,-4.3409033,0.0015631544,0.016780159,0.3320301,0.0088149095,0.02009441,0.6187947,0.0012196018,0.0007030131,5,,,,1.2627628,-3.3724322,-1.3048861,1.7826189,-1.7009213,-0.93310946,2.210957,-3.7732556,-4.4342756,0.002527772,0.019011946,0.37430778,0.012333092,0.026239535,0.563013,0.0016860261,0.000880872,5,,,,0.026754165,Test
923,0,8.150094,-0.17004247,-2.7963219,0.49569294,-4.2651095,-6.479207,-2.5336773,-12.110841,0.999238,0.00024337713,1.760763e-05,0.00047359237,4.053356e-06,4.4283732e-07,2.2896342e-05,1.586561e-09,0,,,,0.009963925,7.4760313,0.32968646,-2.578938,0.64212954,-4.339145,-6.2077684,-2.6228614,-11.055571,0.99710643,0.00092938717,9.142092e-05,0.0017900516,1.1744161e-05,2.253992e-06,6.8616835e-05,2.347039e-08,0,,,,0.0007345486,Test
924,0,0.52471304,1.332409,2.1954365,-2.9316783,-1.2750027,-2.0374966,-6.8166294,-9.860852,0.11320606,0.25389117,0.6018048,0.0035709026,0.018718155,0.008732049,7.337788e-05,3.4952318e-06,2,,,,1.4960855,0.21387069,1.0023743,2.3546128,-2.8607256,-1.0790762,-1.8161522,-6.882286,-9.268606,0.10465147,0.21061699,0.63638616,0.0041091526,0.032580405,0.011509499,0.0001029445,4.3321554e-05,2,,,,0.057061143,Test
925,0,3.4208107,0.8485169,-0.34710497,-1.7142457,-2.0286725,-3.848777,-3.8461611,-7.5338936,0.9000432,0.06872747,0.020791141,0.0052983016,0.0038688597,0.00062678935,0.00062843115,1.5728805e-05,0,,,,0.60308254,3.4667218,0.54100335,-0.69447976,-1.6670834,-2.2378573,-4.131882,-3.5420024,-7.5701294,0.89133596,0.056363232,0.033849068,0.007985754,0.0065767355,0.002802382,0.0010435097,4.3343887e-05,0,,,,0.03001588,Test
926,0,-1.7791632,1.338664,5.0746326,-3.477371,-0.6121939,-0.39577472,-8.968923,-12.026257,0.0010220221,0.023094872,0.96833605,0.0001870415,0.003282983,0.0040762266,7.7088134e-07,3.6241342e-08,2,,,,0.24243328,-1.8595661,1.3820908,4.88503,-3.5695095,-0.87746775,-0.15363681,-9.144502,-12.405925,0.0021681308,0.03686654,0.9405549,0.00033875243,0.0053174365,0.014751771,2.2641184e-06,2.3882833e-07,2,,,,0.011039522,Test
927,0,-1.6953062,1.7623314,3.4494786,-3.2991722,-1.2616224,0.98254234,-7.852759,-11.479578,0.0045335754,0.14390431,0.77766496,0.0009117816,0.006994994,0.06598052,9.600485e-06,2.5537938e-07,2,,,,1.038107,-1.509855,2.0873952,3.3914444,-3.2983334,-1.4945694,0.72707045,-7.3462586,-11.795291,0.009219414,0.23347394,0.693673,0.0012320324,0.005463538,0.056905486,3.2227566e-05,3.3831893e-07,2,,,,0.039701838,Test
928,0,-1.9149289,-0.041727334,0.7290584,-2.0906367,-1.4341451,1.9125413,-3.4082434,-4.777303,0.014232359,0.09263989,0.2002378,0.011938999,0.02301859,0.65392226,0.0031969713,0.0008131367,5,,,,1.5069556,-2.0972874,-0.050716985,0.7897371,-2.197063,-1.7038914,2.093545,-3.4237797,-5.1076145,0.012579334,0.08594723,0.19078794,0.010038022,0.016402725,0.67984855,0.003750847,0.0006453574,5,,,,0.024052281,Test
929,0,2.8808491,-1.1587914,-0.4196235,-0.9423539,-1.6795828,-2.9843595,-3.0377116,-5.8256674,0.9153521,0.016113676,0.03374513,0.02000747,0.009572332,0.0025963332,0.0024614432,0.00015149427,0,,,,0.60041595,2.9760833,-1.0196193,-0.5063476,-0.91855526,-1.6991613,-3.2357278,-2.9757445,-6.4115486,0.9111099,0.021107841,0.029899403,0.021927765,0.009711315,0.0029079812,0.0032180105,0.00011776413,0,,,,0.011088701,Test
930,0,-2.9051201,0.7077388,4.520089,-2.9376829,-0.77205366,1.5531522,-7.6737857,-10.564782,0.00055200496,0.020463863,0.9261265,0.00053431944,0.0046593123,0.04765911,4.687464e-06,2.6025194e-07,2,,,,0.47459456,-2.5434947,0.7945467,4.346536,-2.859027,-0.59055984,1.5249411,-7.535404,-10.723467,0.0014071983,0.03453838,0.8882165,0.001172958,0.008790143,0.06585501,1.7516373e-05,2.3206449e-06,2,,,,0.019351205,Test
931,0,-4.424991,-1.5733962,5.719344,-2.9611533,0.7456037,0.5216498,-7.471264,-5.9148955,3.8780483e-05,0.0006714983,0.98682886,0.00016762926,0.0068261176,0.0054564714,1.8434594e-06,8.740895e-06,2,,,,0.118939504,-4.667071,-1.7605976,5.5129113,-2.7493103,0.48471475,0.5513969,-7.4027643,-6.4146204,4.5399876e-05,0.0009009455,0.98295724,0.00037467966,0.008146742,0.0075567393,4.9768996e-06,1.3189095e-05,2,,,,0.002510505,Test
932,0,-5.198739,-2.1400611,5.729648,-2.119288,0.58774835,0.80738574,-5.9737244,-5.1956134,1.7694865e-05,0.00037688957,0.9862461,0.00038480054,0.00576616,0.007182473,8.152204e-06,1.7750253e-05,2,,,,0.12309273,-5.3425517,-2.1407206,5.734867,-2.2631917,0.30970383,0.9760572,-5.9639273,-5.3634787,4.0964507e-05,0.00058969675,0.9836321,0.00056812953,0.005349205,0.009697756,4.742911e-05,7.4833755e-05,2,,,,0.002397832,Test
933,0,-0.8462535,2.170517,2.7124038,-3.2653828,-1.3276591,0.15706928,-7.1562085,-10.231214,0.016672954,0.34054872,0.5854876,0.0014838773,0.010302454,0.045472626,3.0313344e-05,1.4001556e-06,2,,,,1.3650639,-0.8874466,1.941827,2.5674343,-3.3256536,-1.2131844,0.08385339,-7.178529,-10.377581,0.020795632,0.33286583,0.5716593,0.0019986245,0.015317175,0.057294965,6.46471e-05,3.755542e-06,2,,,,0.051608313,Test
934,0,-1.5931439,1.3009799,3.6264577,-3.348459,-0.89089143,-0.23528981,-7.5146527,-9.782211,0.004761675,0.08603234,0.88024575,0.00082306896,0.009610458,0.018512638,1.2766774e-05,1.3221879e-06,2,,,,0.68279904,-1.4801931,1.3213607,3.566269,-3.5286453,-1.1579792,-0.31309104,-7.3765326,-10.1142235,0.0073977932,0.14878786,0.8128068,0.0013912141,0.008468676,0.021114092,3.15901e-05,1.9369227e-06,2,,,,0.03922429,Test
935,0,-2.620064,1.0646672,4.6359377,-3.1101437,-0.9387489,1.299058,-8.411549,-11.492635,0.0006606067,0.026314877,0.9358029,0.00040467278,0.003549186,0.033265643,2.0171262e-06,9.260498e-08,2,,,,0.43147084,-3.1307955,1.0000455,4.7982764,-3.179006,-0.89101094,1.8402445,-8.927665,-12.2113285,0.0009408135,0.048674867,0.8903786,0.00075040717,0.0036305152,0.055617373,7.2992725e-06,1.17731e-07,2,,,,0.024284128,Test
936,1,-4.9650908,-1.3953831,6.0318327,-2.8974125,-0.06758106,2.5785227,-8.552046,-9.081594,1.6192425e-05,0.0005749318,0.96652937,0.00012802453,0.0021690684,0.030581696,4.4824668e-07,2.6395932e-07,2,,,,0.22864354,-4.4290485,-1.0562496,6.012421,-2.874741,0.043479703,2.5475907,-8.470434,-9.153129,5.0810962e-05,0.0012755394,0.9573201,0.00018318018,0.0033415866,0.037827007,1.2798582e-06,4.3419095e-07,2,,,,0.0071267835,Test
937,0,8.159044,1.2869229,-2.6791508,-0.97251517,-4.466812,-7.9450593,-3.832601,-12.816165,0.99882764,0.0010350615,1.961202e-05,0.000108069886,3.2820922e-06,1.01290205e-07,6.1884934e-06,7.763782e-10,0,,,,0.013853859,8.108816,1.3414168,-2.8112757,-1.1498963,-4.1131825,-8.308718,-3.7855136,-12.825724,0.99704105,0.0024915177,0.0001837614,0.00021597832,3.8090813e-05,1.514157e-06,2.8079045e-05,2.554314e-08,0,,,,0.0008387363,Test
938,0,6.7787824,-0.26571247,-1.7842087,-0.6601714,-3.4842317,-6.729051,-3.809843,-10.335697,0.99829024,0.00087070634,0.00019072034,0.0005868947,3.4840676e-05,1.357936e-06,2.515796e-05,3.6858104e-08,0,,,,0.020900035,6.9895887,-0.72432244,-1.9981266,-0.5874046,-3.1900575,-6.993234,-3.513759,-10.314153,0.9982599,0.0007792412,0.0001993496,0.000625915,6.715933e-05,1.8177641e-06,6.640006e-05,2.0286754e-07,0,,,,0.00036412492,Test
939,0,3.322024,3.3756504,0.19419485,-3.1285045,-2.6961753,-2.9813488,-6.338048,-11.827959,0.47510198,0.5012755,0.020815548,0.00075051223,0.0011564209,0.0008694942,3.0301968e-05,1.2509292e-07,1,,,,1.1541959,3.6659381,4.0620866,-0.15443745,-3.304659,-2.7219846,-3.4440117,-6.2472906,-11.986486,0.4189484,0.56382406,0.014710357,0.00073528074,0.0009926346,0.00075903814,2.9941957e-05,2.9983386e-07,1,,,,0.051731464,Test
940,0,2.457787,2.9268448,-0.08859013,-2.8625336,-2.6153498,-1.8102171,-5.1948724,-10.217538,0.37002853,0.591486,0.02899731,0.0018098786,0.0023173946,0.005183995,0.00017568204,1.1572087e-06,1,,,,1.205288,2.3117652,2.7742035,0.04975284,-2.6757607,-2.7222605,-1.5717399,-4.967437,-10.705965,0.36746806,0.55862784,0.058854915,0.0028254131,0.0036705001,0.008280399,0.00027127206,1.563037e-06,1,,,,0.04153138,Test
941,0,6.05217,0.11113331,-2.3360536,-0.24607085,-3.3082502,-4.819504,-2.0731387,-9.335407,0.99492836,0.0026159675,0.00022637715,0.0018302088,8.562744e-05,1.8892262e-05,0.0002944523,2.0656275e-07,0,,,,0.054035872,6.3567014,0.022106942,-2.144736,-0.42445487,-3.3629978,-5.0990953,-2.2654424,-9.821114,0.99561006,0.0022767768,0.00035077037,0.0013947118,0.00010070589,2.9489709e-05,0.0002371935,3.056387e-07,0,,,,0.0007607384,Test
942,1,-4.0702972,-2.7979007,2.030764,-0.98366535,-1.2698412,-2.235327,-1.6786999,2.4052963,0.00086538406,0.003088899,0.38624793,0.01895466,0.014237426,0.005421587,0.009459461,0.5617246,7,,,,1.3322351,-3.9357612,-2.707191,1.93736,-1.0366899,-1.1986582,-2.3083282,-1.7040207,2.3703194,0.001207197,0.0039220406,0.37013686,0.020941494,0.016673043,0.0070689567,0.012491541,0.5675589,7,,,,0.02550453,Test
943,0,-1.657013,-0.68398744,1.5693234,-2.3438895,-0.19643128,-0.041076917,-4.082906,-2.2313871,0.025426649,0.067277335,0.64042646,0.012793299,0.10954984,0.12796208,0.0022476944,0.014316656,2,,,,1.7253795,-1.518353,-0.53810716,1.4621681,-2.3322356,-0.32663807,-0.03568742,-4.2131033,-2.2535713,0.035140537,0.08807351,0.5993839,0.014762734,0.10255053,0.14167146,0.0025560306,0.01586131,2,,,,0.028187366,Test
944,0,-0.48366114,1.930913,2.8023994,-3.1460412,-1.7218573,0.09126131,-7.514257,-11.940239,0.024354659,0.27240703,0.6511785,0.0016995154,0.0070605795,0.043278057,2.153938e-05,2.5766383e-07,2,,,,1.3071014,-0.115580395,1.8337761,2.475727,-3.1180747,-1.8095608,0.10437576,-7.418668,-12.41098,0.054796122,0.30922976,0.54901576,0.0031772163,0.009343563,0.074384674,5.2557414e-05,4.1061276e-07,2,,,,0.06293692,Test
945,1,-2.626173,0.36313337,3.8099957,-2.7566612,-0.5570187,1.0348617,-6.660593,-8.353399,0.0014438314,0.028691664,0.90096724,0.0012672025,0.011432435,0.056167305,2.5549953e-05,4.701254e-06,2,,,,0.61591345,-2.7959218,0.33750945,3.7026558,-2.825655,-0.542466,1.0073911,-6.357095,-7.8177977,0.0016530205,0.04234159,0.872873,0.001699971,0.013863875,0.0674896,5.408785e-05,2.4810963e-05,2,,,,0.0195038,Test
946,0,6.9130363,-0.30007657,-2.7952433,0.1955585,-3.8139963,-5.243244,-1.8994024,-10.2056265,0.99782145,0.00073525455,6.064578e-05,0.00120695,2.1895847e-05,5.2438145e-06,0.00014854541,3.668695e-08,0,,,,0.025664449,6.836839,-0.49856502,-2.9123971,0.05501621,-3.5905857,-5.4141364,-1.8784351,-10.10783,0.9952024,0.0026854463,0.00011357253,0.0016511176,8.74863e-05,1.9325109e-05,0.00024038542,2.4012482e-07,0,,,,0.002205901,Test
947,0,-4.815599,-0.5859049,7.8533134,-3.3342497,0.0831625,1.7696337,-10.5466175,-13.331371,3.1382547e-06,0.00021558626,0.9970734,1.3804805e-05,0.000420914,0.0022731004,1.0179787e-08,6.285436e-10,2,,,,0.031802826,-4.405916,-0.8591865,7.8143015,-3.047339,-0.045889832,2.1975656,-10.632269,-13.898338,1.9316289e-05,0.000348251,0.9934093,8.9702844e-05,0.0006968898,0.0054364726,1.587082e-07,6.7375225e-09,2,,,,0.0013414539,Test
948,0,7.8164697,1.2510499,-2.7071388,-0.82307243,-4.367791,-6.803062,-3.5831559,-12.926,0.99837375,0.0014059427,2.685024e-05,0.0001766802,5.101944e-06,4.4679803e-07,1.1181462e-05,9.79384e-10,0,,,,0.018557904,8.310833,1.0902863,-2.993242,-1.0740277,-4.850189,-6.971125,-3.7688115,-13.652669,0.9987345,0.001124883,1.910444e-05,0.00010940741,2.6701139e-06,4.910277e-07,8.856888e-06,7.607478e-10,0,,,,0.0002486488,Test
949,0,-0.8122887,-0.43295202,2.306056,-2.41702,-0.17313933,-1.4996476,-4.8013086,-4.435102,0.03608261,0.052728064,0.81578904,0.007250569,0.068371795,0.018146036,0.00066817255,0.000963674,2,,,,1.0742246,-1.0338942,-0.5464594,2.4952233,-2.3539553,-0.08029655,-1.3031396,-4.8298373,-4.3089705,0.030865664,0.046001263,0.82957953,0.0069805635,0.065188274,0.019390073,0.0006296295,0.0013649954,2,,,,0.016755154,Test
950,0,-2.1115022,0.73193,5.027883,-3.297187,-0.6110887,0.06841332,-8.594668,-10.904042,0.00077371596,0.0132882735,0.97538745,0.00023639867,0.0034689882,0.0068439497,1.1829828e-06,1.17497905e-07,2,,,,0.20633449,-2.0051548,0.7205998,4.2539434,-3.2982678,-0.8228011,-0.084033094,-8.063733,-10.08594,0.0033458993,0.046241045,0.92010754,0.00070187374,0.010424672,0.0191625,1.4599919e-05,1.812042e-06,2,,,,0.01697762,Test
951,0,-1.0528203,1.7258372,3.504068,-3.3851,-1.0564954,0.26080182,-8.036926,-11.371036,0.008532577,0.13735227,0.8130394,0.0008282931,0.008501278,0.031737965,7.905354e-06,2.8179707e-07,2,,,,0.91987485,-0.46736926,1.9594166,3.3250446,-3.3542805,-1.1573876,-0.1724375,-7.3343325,-11.410442,0.021617135,0.2305429,0.70707434,0.0014250785,0.008793003,0.030508349,3.8258815e-05,9.4995966e-07,2,,,,0.054840136,Test
952,0,-3.7633889,-0.48589483,5.493832,-3.4956787,0.3403095,2.0981116,-9.175531,-10.6969595,9.157e-05,0.0024274536,0.95965093,0.00011967914,0.0055458345,0.032164045,4.0859203e-07,8.9236316e-08,2,,,,0.28195003,-3.1773155,0.097289234,5.281348,-3.373207,0.44958526,1.8095095,-8.722837,-10.554132,0.00035409312,0.007777942,0.9456924,0.0002925359,0.010217236,0.035663206,1.7313299e-06,7.6995974e-07,2,,,,0.008471584,Test
953,0,-3.6933842,-1.8806217,1.1604971,-1.191142,-1.8402367,1.8810734,-2.2518597,-2.688389,0.0023556028,0.014433608,0.3020758,0.028761536,0.015028436,0.6209523,0.009957451,0.0064352583,5,,,,1.408708,-3.7918544,-1.8637692,1.117395,-1.2539312,-1.8276983,1.956068,-2.3136864,-2.7001014,0.0022924226,0.014635377,0.2887487,0.02762669,0.016093068,0.6338188,0.009332153,0.0074527236,5,,,,0.03576132,Test
954,0,5.4350953,-0.1315366,-1.952251,-0.5960459,-2.8854346,-4.5569134,-2.229869,-8.573974,0.9924533,0.0037944827,0.00061436486,0.0023846175,0.00024162943,4.5418838e-05,0.00046543434,8.1780263e-07,0,,,,0.07741753,5.5766544,-0.22282645,-2.085291,-0.72903883,-2.7816353,-4.716201,-2.4017422,-8.746748,0.99123096,0.0045397407,0.0006704679,0.002697729,0.00033983463,8.992608e-05,0.0004301401,1.2480617e-06,0,,,,0.001838538,Test
955,0,-1.5136038,-1.9900024,2.344284,-2.1181142,0.42522407,-3.2102866,-3.0052733,0.99628395,0.014451914,0.008974864,0.68451774,0.007895682,0.10044945,0.0026488986,0.0032516327,0.17780982,2,,,,1.4044524,-1.6215866,-2.0896933,2.5346074,-2.1775975,0.6431149,-3.4754329,-3.269666,1.1225766,0.01325157,0.0076007145,0.6882921,0.0068421005,0.105520844,0.0021212562,0.002436658,0.17393483,2,,,,0.019365333,Test
956,0,1.2920063,0.76849943,0.45689076,-2.2441835,-1.3966874,-2.677374,-3.9140065,-5.5806017,0.4653843,0.27571195,0.20189504,0.013553892,0.03163202,0.0087888455,0.0025519321,0.00048203205,0,,,,1.8211097,1.1204207,0.61340725,0.57581055,-2.2345984,-1.3708293,-2.4982429,-3.7626731,-5.2422495,0.42706186,0.24945779,0.25569463,0.015143113,0.036231656,0.0120683,0.0035350346,0.00080763863,0,,,,0.047411162,Test
957,0,4.570954,2.9242954,-1.2605524,-2.631021,-2.9053524,-4.442724,-4.6927805,-10.870662,0.835314,0.16095893,0.0024505227,0.00062240317,0.00047307642,0.00010168557,7.918826e-05,1.6430134e-07,0,,,,0.676558,4.3937635,2.7780976,-1.3988518,-2.6712928,-2.7600262,-4.0853972,-4.760987,-10.625769,0.812871,0.18142536,0.0031805006,0.0008784036,0.0011503784,0.00034472518,0.00014868937,8.560004e-07,0,,,,0.02077416,Test
958,0,0.14748457,-2.1813097,1.1980166,-1.0063167,-0.65012026,-3.398435,-2.8362083,-0.92532456,0.19440421,0.018937524,0.5558351,0.061321985,0.08756093,0.0056070234,0.009837944,0.066495255,2,,,,1.9608523,0.1362146,-2.095509,1.0796413,-1.0716664,-0.7419105,-3.171042,-2.6440935,-0.81448317,0.21103406,0.02376404,0.5096531,0.0620717,0.08734236,0.008036174,0.013675052,0.08442356,2,,,,0.03615591,Test
959,0,-3.2654798,-0.8092959,2.8750956,-2.398953,-0.596745,2.1519418,-5.17419,-6.1291976,0.0013902712,0.016210884,0.6455317,0.0033069474,0.020050092,0.3132246,0.00020613756,7.932364e-05,2,,,,1.1857222,-3.5119107,-0.7100547,2.9704585,-2.426405,-0.6903702,2.2711806,-5.3061867,-6.3888392,0.0014614415,0.019694904,0.6339943,0.0034464144,0.019550737,0.3215122,0.00022786068,0.00011219536,2,,,,0.025547603,Test
960,0,-1.1807095,0.7568326,3.2425616,-2.8178802,-0.92553586,-0.39182144,-6.436099,-8.9124155,0.01052609,0.073068626,0.8775448,0.002047636,0.013585874,0.023167375,5.493897e-05,4.6177447e-06,2,,,,0.73958266,-0.90691644,0.7350863,3.5637202,-2.8572342,-0.9011884,-0.18680717,-6.7798233,-9.395148,0.030792162,0.089781605,0.8432881,0.0017210376,0.010869172,0.02348833,5.612503e-05,3.5106955e-06,2,,,,0.04194373,Test
961,0,-4.017658,-2.409396,1.791083,-1.5571364,-0.96714306,1.5573157,-2.9114444,-1.1781851,0.0015246158,0.0076141213,0.5080011,0.017854653,0.032209378,0.40210623,0.004608747,0.02608122,2,,,,1.529036,-3.9915395,-2.4766324,1.8907192,-1.655906,-0.85352516,1.5496229,-2.9242713,-0.8497518,0.0017081844,0.007286088,0.523062,0.015504648,0.035563596,0.37531146,0.0050550047,0.036508996,2,,,,0.03315619,Test
962,0,8.230083,4.501181,-0.7008239,-2.9726956,-4.426538,-7.6083193,-8.616834,-19.344694,0.97640187,0.023452377,0.00012911743,1.331446e-05,3.1111972e-06,1.2915096e-07,4.7109214e-08,1.0328919e-12,0,,,,0.16255878,8.729285,5.090884,-0.93857366,-2.8860915,-4.7825737,-7.6692057,-9.560595,-20.292467,0.9293133,0.07031792,0.00033851835,2.2408627e-05,5.3822387e-06,2.4558938e-06,2.8142287e-08,1.20099234e-11,0,,,,0.036788944,Test
963,0,-2.92749,-0.81057245,1.3839443,-1.8638785,-1.1343268,2.1197171,-3.513128,-3.740086,0.004010495,0.033309147,0.29897162,0.011617656,0.024096763,0.623982,0.0022328452,0.0017794749,5,,,,1.3808796,-2.92131,-0.8582119,1.3158896,-1.8843988,-1.0167309,2.039699,-3.3462913,-3.5124218,0.0049196114,0.034670062,0.3038039,0.0136896325,0.030182194,0.6062206,0.003673081,0.0028409604,5,,,,0.028834794,Test
964,0,5.444251,2.5283737,-2.4982905,-1.9811745,-3.3459768,-4.667757,-3.0625017,-10.159661,0.94741577,0.051308718,0.000336619,0.00056457194,0.00014420926,3.8454866e-05,0.00019147176,1.584337e-07,0,,,,0.30842036,5.5370326,2.5577188,-2.6600523,-2.0577364,-3.110034,-4.6649885,-2.9429178,-10.2860775,0.94374496,0.05449894,0.00039662296,0.0008122027,0.0002251222,5.7174835e-05,0.0002646291,3.6447312e-07,0,,,,0.007748471,Test
965,0,-3.792089,-1.6924354,1.8507818,-1.2982783,-1.4827671,1.3416957,-2.6723397,-2.674022,0.002043355,0.016680608,0.57678175,0.024739563,0.02057167,0.34667155,0.0062610167,0.0062504928,2,,,,1.4434093,-3.8738663,-1.6144321,1.9757063,-1.3179208,-1.5015914,1.3791093,-2.6014934,-2.605391,0.0019073945,0.017113674,0.59049857,0.022573125,0.019975062,0.33096686,0.00862815,0.00833719,2,,,,0.035299823,Test
966,0,5.1201434,0.7650482,-1.4321116,-1.27144,-2.7466152,-4.5587683,-3.5177355,-9.797124,0.9837028,0.012631938,0.0014036397,0.0016482932,0.00037702848,6.1569575e-05,0.0001743737,3.2687163e-07,0,,,,0.13885932,4.8960676,0.914081,-1.3780956,-1.1918051,-2.8568518,-4.527816,-3.416301,-9.468563,0.96343565,0.028755466,0.0030150374,0.0032321967,0.0008971946,0.0002486145,0.00041373502,2.1044057e-06,0,,,,0.008663541,Test
967,0,-3.266374,-1.0220524,2.0601933,-2.1367567,-0.6825563,1.7896199,-4.1115904,-3.7914264,0.0025608966,0.024159536,0.5268548,0.007924626,0.033925787,0.4019596,0.0010998145,0.0015148331,2,,,,1.4133469,-3.2740097,-0.81274873,1.9887094,-2.1222844,-0.89198524,2.1433015,-4.3028383,-4.136642,0.0037314356,0.028414253,0.434589,0.0083816005,0.024873313,0.497526,0.0013952088,0.0010892039,5,,,,0.03704461,Test
968,0,-3.2052264,-1.5781717,1.7311711,-1.6960211,-0.7635993,1.3802502,-3.070532,-2.036118,0.0037909718,0.019291742,0.5279597,0.017147077,0.0435648,0.37170446,0.00433758,0.012203597,2,,,,1.5667433,-3.0709486,-1.5844305,1.7377952,-1.8060907,-0.66469634,1.3913332,-3.223817,-2.1239567,0.0048824465,0.021311697,0.52192223,0.018104943,0.048233204,0.36872178,0.004856034,0.011967594,2,,,,0.0227307,Test
969,0,-1.7842085,1.6062425,5.729142,-3.797834,-1.6392429,0.4450462,-10.5612545,-15.697494,0.0005337306,0.015840767,0.9779773,7.1255075e-05,0.00061699224,0.004959925,8.2318785e-08,4.840153e-10,2,,,,0.1774861,-1.5141833,2.0167105,5.407972,-3.4579978,-1.8736511,0.37747797,-9.781717,-15.5868225,0.0019094631,0.04529359,0.9390396,0.00023238503,0.00097237027,0.012550818,1.6711668e-06,7.63855e-09,2,,,,0.0125751775,Test
970,0,-2.010698,-0.44902936,2.1711175,-2.2527652,-1.1994556,0.4290238,-4.5122657,-5.2707443,0.01164452,0.055506732,0.7625372,0.009140991,0.026208356,0.1335609,0.0009543434,0.00044699368,2,,,,1.2066574,-1.7627268,-0.13014068,2.149309,-2.1876588,-1.1334192,0.013773501,-4.211238,-5.171747,0.0200228,0.096860416,0.7429643,0.010203663,0.033879753,0.093857646,0.0015311938,0.0006802416,2,,,,0.0287255,Test
971,0,-5.543567,-3.2840493,6.163217,-2.201475,2.0689886,-0.37926397,-6.5053124,-3.2490125,8.087997e-06,7.747063e-05,0.98182213,0.00022871431,0.016365597,0.0014147166,3.0914368e-06,8.023308e-05,2,,,,0.14158523,-5.6948824,-3.3405457,6.256854,-2.3131523,2.1895003,-0.052203387,-6.9771905,-3.227203,8.965736e-06,9.434822e-05,0.97859126,0.0002449521,0.018518949,0.0024554825,2.8762056e-06,8.3188046e-05,2,,,,0.0025741726,Test
972,0,-4.195075,-2.2803195,2.9135776,-2.012871,-0.010430248,-0.1158437,-4.008725,-0.1457298,0.00070299505,0.004770017,0.8594109,0.0062326295,0.046165798,0.041547023,0.0008469992,0.040323716,2,,,,0.8685942,-4.184409,-2.3222706,3.066163,-2.0433526,0.09108072,-0.32084733,-4.0847797,-0.17041971,0.0010078847,0.0050069923,0.86703664,0.0078833895,0.046574816,0.03305763,0.0014080104,0.03802464,2,,,,0.0134041235,Test
973,0,-3.6845398,-1.5347265,1.5798559,-1.5483639,-1.45512,1.1295991,-2.6551535,-2.3525069,0.0028530434,0.024488399,0.5515773,0.02415671,0.02651753,0.3516109,0.007986662,0.010809435,2,,,,1.5537205,-3.6640053,-1.6195511,1.5473183,-1.6301988,-1.5708826,1.307124,-2.6547122,-2.560304,0.0029679812,0.022528319,0.5059768,0.023581311,0.02343147,0.40347576,0.009266459,0.008771827,2,,,,0.030207068,Test
974,1,3.9459057,-0.12298351,-0.63491416,-1.5020711,-2.2492678,-5.011392,-3.7528892,-7.3413444,0.9668546,0.016529704,0.009906866,0.0041623134,0.0019716579,0.00012452483,0.000438346,1.2116315e-05,0,,,,0.2681454,4.040775,-0.3925533,-0.78732425,-1.6094517,-2.0516648,-5.0755925,-3.6327775,-7.3536453,0.9652991,0.015000252,0.012047666,0.003908151,0.0030216002,0.00014707373,0.00054935075,2.6833257e-05,0,,,,0.007144077,Test
975,0,-4.082476,-0.64210314,6.161868,-2.7111921,-0.43465567,1.4739671,-8.314814,-10.58347,3.5141362e-05,0.0010963617,0.98828226,0.00013847134,0.0013491092,0.009098116,5.1019714e-07,5.278043e-08,2,,,,0.10444244,-3.975504,-0.5198659,5.9386935,-2.6560283,-0.15928432,1.3160493,-7.9919596,-10.130312,0.00015491829,0.0036220741,0.9799663,0.00033352015,0.0033614237,0.0125586,2.7745045e-06,3.649356e-07,2,,,,0.004065509,Test
976,0,7.687519,0.30248037,-3.005266,-0.465306,-3.8985453,-6.7188554,-2.3473732,-10.984464,0.99901617,0.0006198561,2.2685841e-05,0.00028763746,9.2855735e-06,5.5330395e-07,4.3800013e-05,7.770229e-09,0,,,,0.012558345,8.186704,0.5420112,-3.4041781,-0.5906408,-4.0555105,-7.357015,-2.2620533,-10.698782,0.9987699,0.00093695865,1.3411615e-05,0.00022304783,8.128576e-06,4.5023472e-07,4.8173548e-05,1.2291506e-08,0,,,,0.00034593377,Test
977,0,-4.254023,-2.8682024,2.2571082,-0.97731835,-1.1646072,-2.0078719,-1.9141928,2.6016393,0.0005899326,0.0023586121,0.39678088,0.015626336,0.012957425,0.005575622,0.006123191,0.55998796,7,,,,1.2862607,-4.151746,-2.617865,2.0230155,-0.80000097,-1.2619804,-2.0197418,-1.688927,2.4890885,0.00086337124,0.0041897544,0.36955696,0.022882257,0.013875231,0.0069573657,0.009777245,0.5718978,7,,,,0.034867488,Test
978,0,0.9808096,3.1899402,1.5885739,-3.4387898,-2.298671,-1.3296883,-7.359939,-12.053346,0.08269073,0.75313014,0.15184675,0.0009955183,0.0031131243,0.008203899,1.9729485e-05,1.8063213e-07,1,,,,1.1113504,1.3699248,3.604834,1.4823849,-3.496307,-2.5063758,-1.6538601,-7.526984,-12.138152,0.096323535,0.764306,0.13072976,0.0007782648,0.002252117,0.005589717,2.0041101e-05,5.267088e-07,1,,,,0.035595186,Test
979,1,-4.4786253,-2.8775015,1.4907275,-0.46058747,-1.6669363,-0.94412357,-1.3607608,1.6663831,0.001007353,0.0049950625,0.39412934,0.056000695,0.016760338,0.034529977,0.022764236,0.46981296,7,,,,1.7133008,-4.2606544,-2.7449632,1.5907862,-0.49377418,-1.6202917,-0.9226842,-1.3530643,1.7305601,0.0014627911,0.0058728918,0.39393803,0.05002035,0.017270591,0.0420895,0.022238621,0.46710715,7,,,,0.04762734,Test
980,0,-2.68195,0.56415194,4.1295695,-2.722378,-0.77606297,0.8883273,-6.7091446,-9.003897,0.0010223152,0.026263285,0.92851776,0.0009818092,0.0068754493,0.03631923,1.822201e-05,1.8365303e-06,2,,,,0.48065633,-2.4893665,0.57928455,4.0045233,-2.8519104,-0.76714027,0.8516237,-6.723548,-7.9127984,0.0022567152,0.04076483,0.9004911,0.0013068002,0.009958098,0.04518663,2.7391186e-05,8.385092e-06,2,,,,0.01829225,Test
981,0,-2.93941,-0.25665075,3.8126905,-2.6161046,-0.35051638,1.0258327,-6.0572243,-7.2137513,0.0010649991,0.015576029,0.9114843,0.001471496,0.014180493,0.056160662,4.713023e-05,1.4826084e-05,2,,,,0.5610536,-2.8707929,-0.49663392,3.7703805,-2.5018725,-0.12228999,1.0304164,-6.164321,-6.521238,0.00234332,0.021822602,0.87885314,0.0024683964,0.022481633,0.07188515,8.944601e-05,5.629559e-05,2,,,,0.024156278,Test
982,0,-2.3605063,1.0497022,5.007511,-3.1748438,-0.89850605,1.07034,-8.7545805,-12.35691,0.00060553855,0.018330589,0.95946914,0.00026821275,0.0026126443,0.018712826,1.0121166e-06,2.7590426e-08,2,,,,0.30253404,-2.0760581,1.3829261,4.8178353,-3.0649924,-0.96679467,0.4717001,-8.160938,-11.510962,0.0015229402,0.040442713,0.9366258,0.0005093113,0.0036783337,0.017217685,3.122085e-06,9.8491114e-08,2,,,,0.014350078,Test
983,0,-0.88767433,2.5751393,3.4615655,-3.5229626,-1.7609873,0.491592,-8.495906,-12.934731,0.008711714,0.2779614,0.6744574,0.0006246151,0.0036377148,0.034602813,4.3240475e-06,5.1066234e-08,2,,,,1.1603757,-1.4819757,2.4060142,3.8763459,-3.783807,-1.5133412,0.4368425,-8.692339,-12.665579,0.006442865,0.24120896,0.71736234,0.00040360767,0.0040876316,0.030487191,7.278775e-06,1.2454139e-07,2,,,,0.048282646,Test
984,0,-2.7824974,0.15119134,5.778074,-2.9642186,-0.4832822,0.69692564,-8.912169,-12.536589,0.00018922532,0.0035568392,0.9880713,0.00015778253,0.0018858884,0.006138662,4.119997e-07,1.0985788e-08,2,,,,0.1125585,-2.833568,0.095943175,5.8264747,-2.7446797,-0.7341088,0.43388587,-8.386186,-12.870092,0.0005577969,0.008057227,0.9830495,0.00030442543,0.0020451243,0.005983341,2.5681993e-06,4.7093003e-08,2,,,,0.0041396744,Test
985,0,-0.34478277,2.6641068,3.7441733,-3.7543027,-1.5961298,-0.292893,-9.168632,-13.737432,0.012148452,0.24618694,0.72498983,0.00040159211,0.0034759042,0.012795469,1.788019e-06,1.854245e-08,2,,,,1.0249248,-0.18832406,2.8834693,3.343324,-3.3335793,-1.5682195,0.03194194,-8.764113,-12.939555,0.019916488,0.41857943,0.52430737,0.00083694793,0.004395717,0.031954724,9.2728e-06,1.15119676e-07,2,,,,0.07928341,Test
986,0,-2.2408662,1.2061163,4.91682,-3.250833,-0.8271685,0.5972356,-8.493469,-11.893866,0.00074743835,0.023473658,0.9596635,0.00027224023,0.0030728155,0.012768719,1.4391436e-06,4.8009895e-08,2,,,,0.3010553,-1.9920719,1.2039196,4.777877,-3.2939873,-0.9757885,0.59695816,-8.422087,-11.463427,0.0020411608,0.038334936,0.9358803,0.000387147,0.0040299897,0.019322848,3.568674e-06,1.542749e-07,2,,,,0.013144919,Test
987,0,-3.3718007,0.10490158,5.6419544,-3.1133902,-0.21265702,1.0253432,-8.6121235,-10.591618,0.00011969263,0.0038723985,0.9833122,0.00015498644,0.0028188112,0.009721259,6.341968e-07,8.7607376e-08,2,,,,0.14729759,-3.9234455,-0.0523901,5.7096367,-3.5327358,-0.16386122,1.480744,-9.208254,-9.843252,0.00024879587,0.006378837,0.97080755,0.00016138647,0.003056056,0.019346185,6.720993e-07,4.2328685e-07,2,,,,0.0059314016,Test
988,0,-3.5105257,0.3895867,5.259415,-3.0530803,-0.79340863,1.8963076,-8.533009,-11.629176,0.00014863588,0.0073438073,0.9568873,0.0002348497,0.0022498458,0.0331346,9.792363e-07,4.428316e-08,2,,,,0.3003054,-3.4435153,0.1204412,5.524789,-3.193337,-0.654809,1.65597,-9.020258,-12.496569,0.000261028,0.0062896805,0.96304435,0.00027293363,0.0030987945,0.027031163,2.0093498e-06,3.4902758e-08,2,,,,0.006868471,Test
989,0,7.0587554,2.0583482,-2.3145077,-1.6995178,-3.6853132,-6.5102625,-4.2412744,-12.219566,0.9930362,0.0066883015,8.437398e-05,0.00015606136,2.1422768e-05,1.27062e-06,1.2286396e-05,4.212075e-09,0,,,,0.062001746,7.019675,2.7313712,-2.0671425,-1.3986194,-3.91498,-6.735742,-4.151289,-12.007088,0.979723,0.01946719,0.00032460972,0.00036145182,8.088168e-05,6.9836087e-06,3.5857098e-05,2.75926e-08,0,,,,0.0038786323,Test
990,0,5.213687,3.184229,-0.3595894,-2.681301,-3.303089,-4.7994614,-6.888416,-14.743612,0.88041514,0.11569247,0.0033438306,0.00032804825,0.00017615649,3.9448678e-05,4.8844004e-06,1.8938386e-09,0,,,,0.5559211,5.4406934,2.8017774,-0.6862391,-2.391084,-3.0877182,-4.9526744,-6.444873,-14.779669,0.90370035,0.08937555,0.005703644,0.0006452678,0.0003669236,0.0001994137,8.745206e-06,5.8481042e-09,0,,,,0.019775938,Test
991,0,4.79304,-1.0804664,-1.6890128,-0.20701787,-3.0392485,-4.0368967,-2.2912543,-7.960359,0.98768824,0.0027783606,0.0015118201,0.006654607,0.00039183235,0.0001444864,0.00082784676,2.8568609e-06,0,,,,0.11833837,4.781435,-1.2382389,-1.4838146,-0.11470397,-3.0602422,-4.274213,-2.0651422,-7.7856383,0.98296297,0.0030233287,0.0028815991,0.008615451,0.00066270726,0.00056279695,0.0012834202,7.767498e-06,0,,,,0.0031160978,Test
992,0,-0.68471014,2.4652839,4.28921,-3.896674,-1.5658877,-0.43455398,-9.403127,-13.802614,0.005859348,0.1367333,0.84721816,0.00023599957,0.0024274962,0.007524725,9.582722e-07,1.1771074e-08,2,,,,0.7156284,-0.24407287,2.5528636,3.9061503,-4.00229,-1.4665996,-0.7629779,-9.257027,-13.605532,0.016596032,0.23654012,0.7308662,0.00032678441,0.0071671703,0.00850076,2.911695e-06,3.2193913e-08,2,,,,0.042397235,Test
993,0,-2.3048422,0.9905893,5.3673134,-3.3159227,-0.8293247,0.068142235,-8.901589,-12.182794,0.00045637877,0.012317228,0.9801672,0.00016604226,0.0019958802,0.0048966547,6.2286574e-07,2.3409166e-08,2,,,,0.16909796,-1.965297,1.4891527,5.04585,-3.1821194,-1.0547278,0.18936369,-8.049291,-11.914756,0.0024666335,0.054000996,0.9303172,0.0006994634,0.0025626945,0.009932986,1.9658144e-05,3.2909958e-07,2,,,,0.019774117,Test
994,0,-4.3814397,-0.8697458,5.0079846,-2.6909761,-0.1459531,2.1569002,-7.170523,-8.057842,7.836095e-05,0.002625482,0.9372919,0.00042487256,0.005414373,0.05415825,4.8174384e-06,1.9836205e-06,2,,,,0.38462093,-4.7165356,-1.0821636,5.0571833,-2.8171277,-0.39116505,2.2879138,-7.101861,-8.34279,9.261553e-05,0.002797981,0.90896046,0.00048016192,0.004524437,0.08313421,7.939235e-06,2.2172153e-06,2,,,,0.018862749,Test
995,0,-0.87205315,1.60639,3.1114974,-3.3302794,-0.83048743,0.26902804,-7.877353,-11.437257,0.014106523,0.16818768,0.7576245,0.0012073298,0.014705227,0.04415554,1.2795487e-05,3.6392387e-07,2,,,,1.122855,-0.90318024,1.6914654,2.903319,-3.473528,-1.0125505,-0.18342252,-7.7715087,-11.394911,0.022465724,0.26083636,0.65598917,0.0013609958,0.0155185815,0.04379207,3.6025413e-05,1.061386e-06,2,,,,0.0648462,Test
996,0,11.47486,-1.2484412,-3.8550646,0.9372822,-5.5566583,-10.16202,-3.109153,-15.343755,0.99996984,2.9807636e-06,2.1993039e-07,2.6520094e-05,4.011365e-08,4.0106038e-10,4.63693e-07,2.2532555e-12,0,,,,0.00051718927,11.244412,-1.2697372,-3.5728378,0.68256444,-5.358905,-10.174086,-3.0774317,-14.156306,0.9999064,8.727146e-06,3.168277e-06,7.5287724e-05,2.841437e-07,1.7205132e-09,6.1148103e-06,1.04762796e-10,0,,,,4.4545523e-05,Test
997,1,-1.0277717,0.7812719,3.2045789,-2.8478868,-0.9061746,-0.6698437,-6.824941,-8.809013,0.012705083,0.077559516,0.87511253,0.0020583137,0.0143478345,0.018172871,3.8574355e-05,5.3042904e-06,2,,,,0.746485,-0.8864361,0.7074355,3.1539965,-2.7531357,-0.8794901,-0.419833,-6.9188337,-9.450663,0.019576857,0.093756996,0.8399671,0.0029105803,0.017232683,0.026495557,5.6046807e-05,4.2640913e-06,2,,,,0.02602838,Test
998,0,9.719813,1.8813021,-3.6117108,-0.99046636,-5.0121684,-8.622552,-4.007338,-15.100131,0.99958044,0.00039409005,1.6218493e-06,2.2305014e-05,3.997602e-07,1.08101e-08,1.0919216e-06,1.6620835e-11,0,,,,0.005468184,10.004282,1.9727335,-3.9338734,-0.9993704,-5.2854857,-8.431561,-3.5938668,-15.031575,0.99929774,0.000673789,1.5410253e-06,2.4154093e-05,9.046488e-07,2.382939e-08,1.8483724e-06,9.741881e-11,0,,,,0.00029632897,Test
999,0,-1.938623,1.4453877,4.839964,-3.511492,-1.3714169,0.56491935,-9.025065,-13.504925,0.0010828228,0.031931154,0.9516127,0.00022463071,0.0019093773,0.013238294,9.056377e-07,1.026541e-08,2,,,,0.3400039,-2.253297,1.2918708,5.208184,-3.4890168,-1.0708561,0.5129908,-9.600745,-13.822439,0.0014290079,0.034950577,0.94794416,0.000302174,0.0030284694,0.012343819,1.8385742e-06,1.4026253e-08,2,,,,0.0141067,Test
1000,0,-1.7650964,0.6433288,4.0436025,-2.7919633,-1.1074269,0.79450333,-7.6540565,-10.993669,0.0027737434,0.030834144,0.92417043,0.0009933531,0.005354123,0.035866268,7.682871e-06,2.7236294e-07,2,,,,0.50611407,-1.6188543,0.5579459,4.27832,-2.7493334,-1.3816031,1.053395,-7.7701325,-11.511742,0.008600582,0.04009554,0.9031189,0.0013155522,0.0067517064,0.040108778,8.70233e-06,3.0397072e-07,2,,,,0.02350124,Test
1001,0,0.54364496,2.1625051,2.204921,-3.5609179,-1.334516,-1.6684,-7.0510864,-9.882742,0.0862609,0.4353876,0.45425218,0.0014230662,0.013186788,0.009443546,4.3397446e-05,2.5567708e-06,2,,,,1.5043887,0.4302352,1.8964443,2.471821,-3.5455794,-1.5380872,-1.3765588,-7.1666245,-9.840625,0.09972704,0.3326492,0.5388464,0.0015453843,0.014011336,0.013164657,4.9847054e-05,6.13553e-06,2,,,,0.06369255,Test
1002,0,-2.9266818,-1.4122281,1.5412056,-1.6987083,-1.0460181,0.5791014,-2.7403743,-1.845279,0.007135081,0.03244276,0.6219819,0.024361331,0.04679083,0.23765185,0.008596293,0.02104002,2,,,,1.6435626,-2.9075298,-1.4771965,1.394217,-1.6883943,-1.1327263,0.7680712,-2.7901201,-1.8884287,0.008528476,0.032852765,0.5492986,0.026920725,0.045490373,0.30509716,0.009020504,0.022791486,2,,,,0.034573406,Test
1003,1,7.862702,-1.0238775,-2.7972343,0.26138595,-3.8558757,-6.88676,-2.134598,-10.58344,0.9992849,0.00013813282,2.3449737e-05,0.0004994359,8.135343e-06,3.9271663e-07,4.5490116e-05,9.741628e-09,0,,,,0.009442771,8.04516,-0.74173844,-3.0879023,0.43505636,-3.8108013,-7.1276145,-1.9391518,-10.668497,0.9991967,0.0001827456,1.8263454e-05,0.00054293656,1.0372004e-05,1.1534008e-06,4.7806905e-05,1.2090079e-08,0,,,,7.416735e-05,Test
1004,1,9.186386,-2.4051254,-2.6732628,1.6581488,-5.063761,-6.5275254,-3.2628663,-13.949863,0.9994417,9.239062e-06,7.0660626e-06,0.000537385,6.4713856e-07,1.497244e-07,3.9184647e-06,8.9497715e-11,0,,,,0.007004872,8.61552,-2.179447,-2.3596802,1.3135107,-5.0234566,-6.531539,-3.4829135,-14.169928,0.99876606,3.4935547e-05,6.1188104e-05,0.0011089976,7.452391e-06,1.1651861e-06,2.0226213e-05,1.6860213e-09,0,,,,0.0003356473,Test
1005,0,-3.0769274,0.31095874,4.3451095,-2.7488997,-0.63002396,1.7132438,-7.3547497,-9.93641,0.00054456794,0.01612102,0.9107556,0.0007559842,0.0062911324,0.06552351,7.5547027e-06,5.7150095e-07,2,,,,0.5363433,-3.2267902,0.30638462,4.3941736,-2.8314548,-0.63189423,1.6567711,-7.174018,-9.673647,0.0005125137,0.02315333,0.90502405,0.0008459828,0.006810403,0.06364237,1.0436848e-05,9.121383e-07,2,,,,0.010910297,Test
1006,0,5.947172,0.5245927,-2.0914853,-0.9598982,-3.7029495,-5.092642,-3.6018748,-10.633198,0.99414366,0.0043898826,0.00032085195,0.000994825,6.4040476e-05,1.595581e-05,7.085174e-05,6.261609e-08,0,,,,0.058574066,5.9898806,0.699446,-2.4832292,-1.0178733,-3.7190595,-5.347948,-3.512333,-10.667737,0.983309,0.014326468,0.00054362224,0.0013925595,0.00015931226,9.1568596e-05,0.00017611559,1.280421e-06,0,,,,0.0049002143,Test
1007,0,4.8804193,1.2854843,-1.3579575,-2.0385358,-2.494187,-4.7921124,-3.8883376,-9.116243,0.9696964,0.026630258,0.0018938398,0.0009588968,0.000607974,6.108139e-05,0.00015080406,8.090263e-07,0,,,,0.2183714,4.7453732,1.6325982,-1.1787521,-1.9646928,-2.2893426,-4.8831987,-3.7863107,-8.6907835,0.92645246,0.06508636,0.004836523,0.001578752,0.0014636467,0.00015598393,0.0004127998,1.3438813e-05,0,,,,0.018419906,Test
1008,0,-3.8133175,-1.7432759,0.3811183,-0.9916507,-2.0987523,2.2095425,-1.8874528,-2.8177996,0.0019233534,0.015242872,0.12754971,0.03232164,0.010682806,0.79387844,0.01319628,0.0052048373,5,,,,1.104528,-3.7258568,-1.5632502,0.46218362,-0.9987763,-1.987739,2.1443686,-2.019093,-2.7390838,0.0025342354,0.021665037,0.14503676,0.034609813,0.013272096,0.7616383,0.014828687,0.006415151,5,,,,0.01602819,Test
1009,0,-3.0477548,-1.703534,1.8778003,-1.5988652,-0.9012604,-0.5362906,-2.7676325,-0.9239418,0.0056362343,0.021616071,0.7764804,0.024001248,0.048216943,0.0694551,0.007458382,0.047135636,2,,,,1.3128268,-3.002196,-1.7801422,1.8275238,-1.4687306,-0.9777719,-0.6845273,-2.5739686,-0.7441174,0.006931998,0.021993289,0.7547533,0.02957904,0.046607707,0.06906616,0.010034355,0.061034102,2,,,,0.017456193,Test
1010,0,-3.0415797,-0.9262077,4.1199627,-2.3105264,0.36011812,0.47451842,-5.922936,-6.3632083,0.0007331231,0.006079549,0.9449205,0.0015228929,0.022004703,0.024671689,4.1097934e-05,2.6461335e-05,2,,,,0.39780852,-3.070271,-0.94822633,4.1666374,-2.4164019,0.32372925,0.49534425,-5.8669224,-6.480147,0.0013487453,0.010673974,0.9262539,0.002091154,0.022334728,0.037112057,0.00013197085,5.345808e-05,2,,,,0.019724114,Test
1011,0,-3.4112222,-1.4761949,2.1405284,-1.9140087,-0.9283892,1.5334276,-3.5839403,-3.3742948,0.0023565032,0.016316978,0.6072433,0.010531725,0.02821946,0.33090413,0.0019827024,0.0024451504,2,,,,1.3358686,-3.370123,-1.550277,2.0427785,-1.8518934,-1.0328151,1.7240789,-3.5818608,-3.3275146,0.002706215,0.014883431,0.54148287,0.011612466,0.026582038,0.39736146,0.002210524,0.003160993,2,,,,0.030803792,Test
1012,0,-3.841984,-0.09847337,6.685566,-3.4391975,-0.02248503,0.8280161,-9.439779,-11.564677,2.6647536e-05,0.0011257525,0.9947497,3.986437e-05,0.0012146307,0.0028432321,9.875643e-08,1.1795966e-08,2,,,,0.055384103,-4.2595363,-0.2929894,6.590393,-3.3430626,-0.22109756,1.3308923,-9.756159,-11.071711,5.6261943e-05,0.0041900044,0.98705226,0.000110631096,0.0016594601,0.0069307135,3.495675e-07,2.7646396e-07,2,,,,0.0035601752,Test
1013,0,-3.9764428,-0.75120133,6.585268,-3.021591,0.504799,0.32518762,-8.682378,-9.538627,2.5761196e-05,0.0006481425,0.9950813,6.69349e-05,0.0022758537,0.0019016922,2.3291862e-07,9.8932844e-08,2,,,,0.052440777,-4.186771,-0.9271492,6.8064756,-3.1050067,0.34256405,0.38330507,-8.477152,-9.418024,2.1437701e-05,0.0005641933,0.99512184,6.254561e-05,0.0016900791,0.0025392168,4.3356937e-07,1.6761302e-07,2,,,,0.00096885965,Test
1014,0,-4.799811,-1.0814385,6.9054394,-3.0232189,0.3015344,1.6975025,-9.084802,-10.505865,8.19121e-06,0.00033745548,0.9928268,4.8407415e-05,0.0013453464,0.0054336954,1.1282363e-07,2.7242066e-08,2,,,,0.068752944,-4.98693,-0.79035413,6.7591257,-3.0271134,0.48332375,2.0913215,-9.266548,-10.403013,2.0292446e-05,0.00094944343,0.98539865,0.00011178383,0.0026212153,0.0108982185,2.7457457e-07,9.370317e-08,2,,,,0.0022208863,Test
1015,0,-3.4442472,-1.3515991,1.7036549,-2.0455284,-0.9278201,2.446125,-3.8512173,-3.8834517,0.0017842462,0.014463728,0.30701548,0.007226211,0.022096585,0.6450761,0.0011877087,0.0011500344,5,,,,1.231405,-3.443133,-1.2760987,1.6434057,-1.8654382,-0.97495306,2.5208318,-3.8455493,-3.854974,0.001961727,0.016716871,0.28599846,0.008960126,0.021245552,0.66247666,0.0013702743,0.001270297,5,,,,0.026058264,Test
1016,0,-3.455133,-0.62619644,2.8707247,-2.3140879,-1.2084683,2.8024297,-5.4297557,-6.9069963,0.0008997125,0.015229839,0.50279254,0.0028161341,0.00850781,0.46960062,0.00012489245,2.8508763e-05,2,,,,1.196311,-3.3352418,-0.291458,2.767816,-2.3206525,-1.2267894,2.6667557,-5.19219,-7.021792,0.0015755414,0.0328135,0.49863037,0.0036482722,0.009868388,0.4531377,0.0002804247,4.579414e-05,2,,,,0.04526866,Test
1017,0,3.1842163,-0.05066353,-0.05939689,-1.6395645,-1.892727,-3.6248913,-4.1458983,-8.3534975,0.9137162,0.035968382,0.03565562,0.007342938,0.0057006297,0.0010084477,0.00059893966,8.913449e-06,0,,,,0.5741406,3.522145,-0.18017416,-0.46499953,-1.6075598,-2.0075495,-3.7810986,-3.976672,-8.475844,0.93207085,0.03133432,0.023257552,0.0056631668,0.0061902143,0.0008951601,0.00057544967,1.3412979e-05,0,,,,0.01149871,Test
1018,0,-4.4077053,-1.1225,7.188245,-3.4685936,0.5559815,0.21723744,-9.424401,-9.602188,9.180017e-06,0.00024523918,0.9974718,2.3479806e-05,0.0013138487,0.00093633356,6.083032e-08,5.0922377e-08,2,,,,0.029097755,-3.8062859,-0.8872697,6.9309645,-3.5007348,0.34806043,-0.10661219,-9.140376,-9.568961,4.5453548e-05,0.0006942337,0.99594927,5.8406626e-05,0.0016749626,0.0015773518,2.103761e-07,2.1307214e-07,2,,,,0.0009441858,Test
1019,0,5.647944,-0.4238409,-1.9988525,-0.65939397,-2.8724186,-5.387646,-2.3093867,-8.26842,0.9948527,0.0022951765,0.0004751135,0.0018134969,0.00019834087,1.6034775e-05,0.00034828437,8.994114e-07,0,,,,0.056003634,5.8292384,-0.26495233,-2.0752666,-1.04578,-2.7504976,-5.7645097,-2.4813924,-8.640424,0.99439144,0.002906789,0.0006159678,0.0014805675,0.00023659164,1.7024113e-05,0.0003499332,1.6379461e-06,0,,,,0.001088939,Test
1020,0,-4.600267,-2.1525576,2.0158212,-1.1269851,-1.6794816,2.3038218,-2.686047,-3.3310604,0.0005503403,0.0063629434,0.41111374,0.017744286,0.010212034,0.54832625,0.0037322128,0.0019581271,5,,,,1.2733991,-4.7674932,-2.253992,2.136694,-1.2914567,-1.7532291,2.387155,-2.88474,-3.1778822,0.0005394937,0.006072963,0.42455894,0.0140382,0.010122249,0.53910476,0.0031953123,0.002368091,5,,,,0.032999713,Test
1021,0,3.6582222,-0.11397487,-0.90422094,-1.1502405,-1.9428515,-3.5990527,-2.6394527,-7.366686,0.95433116,0.021951023,0.009959905,0.00778772,0.0035251996,0.00067282916,0.0017565218,1.554685e-05,0,,,,0.35821792,3.828682,-0.2614158,-1.0628573,-1.3644342,-1.9744289,-3.7036948,-2.70721,-7.6180778,0.96302545,0.017699946,0.0078457445,0.0056608347,0.0034303349,0.0006488628,0.0016700386,1.8689705e-05,0,,,,0.003781872,Test
1022,0,0.06889807,2.3456304,2.447221,-3.2603774,-1.4400675,-1.4918454,-6.702295,-9.588724,0.045455094,0.44295022,0.490315,0.001628158,0.010051877,0.009544658,5.2106367e-05,2.9062348e-06,2,,,,1.3738639,0.046604022,2.5934932,2.6427135,-3.5707011,-1.3144776,-1.4571292,-7.1682854,-9.805476,0.03789391,0.461908,0.48001638,0.0010980277,0.010506456,0.008528874,3.929441e-05,9.04927e-06,2,,,,0.044032585,Test
1023,0,-1.1613797,2.4182234,3.4860168,-3.486171,-1.3697338,0.305416,-8.149728,-12.334943,0.0068297447,0.24490994,0.7124316,0.00066797534,0.005545204,0.029609147,6.3009165e-06,9.5893235e-08,2,,,,1.0937911,-1.5589794,2.0240808,3.84982,-3.343227,-1.223367,0.42509475,-8.579535,-13.00234,0.0045201196,0.14234358,0.80330694,0.0009684501,0.0073884996,0.041465968,6.2997083e-06,1.367873e-07,2,,,,0.022911152,Test
1024,1,-0.83737427,0.47144645,1.8682077,-2.515818,-0.5858391,0.048673745,-4.727168,-6.3746896,0.042395517,0.15693997,0.634365,0.007913727,0.054520555,0.102831386,0.0008669695,0.00016691467,2,,,,1.661598,-0.8771497,0.37789634,1.9428724,-2.503204,-0.5618842,0.3764801,-4.7332425,-6.369109,0.03996306,0.14190906,0.61274236,0.0071792877,0.05294005,0.144151,0.000900434,0.00021477407,2,,,,0.04083965,Test
1025,0,7.041763,-1.1905903,-2.067202,0.51359296,-3.7408695,-5.999647,-2.848616,-10.307145,0.99809176,0.00026540243,0.00011045802,0.0014588896,2.071727e-05,2.1645014e-06,5.056307e-05,2.9149808e-08,0,,,,0.022184607,7.3554277,-1.1737512,-2.117271,0.68552065,-3.891339,-5.451238,-3.0167353,-11.247984,0.99801886,0.0003144288,0.000113259404,0.0014831077,1.717504e-05,4.7583785e-06,4.8431124e-05,2.4886898e-08,0,,,,0.00033365522,Test
1026,0,-3.4805317,-0.90676755,1.7112963,-2.0727937,-0.9638005,2.6534705,-3.980945,-5.196004,0.0014870962,0.019503413,0.26737532,0.006077319,0.018422203,0.68596566,0.0009015966,0.00026749703,5,,,,1.1697991,-3.2546844,-0.9630221,1.5422366,-2.1355395,-1.1972314,2.695131,-3.8340993,-5.422168,0.0034023956,0.023929145,0.23493175,0.008849258,0.016827669,0.7088246,0.0028078782,0.00042728972,5,,,,0.028595319,Test
1027,1,-0.98567283,1.3369386,2.248192,-2.9052784,-1.3183094,-0.0472291,-5.7608128,-7.4831185,0.024994086,0.25499666,0.63428855,0.003665752,0.017921522,0.06388489,0.00021087269,3.767318e-05,2,,,,1.442626,-1.1115552,1.6171118,2.3470902,-2.873676,-1.2675004,0.0413121,-5.8011646,-7.2477126,0.020454604,0.3093144,0.58166516,0.0035436556,0.016921865,0.067818664,0.00021016707,7.156667e-05,2,,,,0.043717414,Test
1028,0,-1.8214545,-0.740479,2.449036,-2.4159298,-0.14555183,-1.433833,-3.9649293,-2.028267,0.011932654,0.035172146,0.8538618,0.006585063,0.06376354,0.017582439,0.001399065,0.009703307,2,,,,0.92230195,-1.9840361,-0.79398465,2.581339,-2.4023092,-0.1313668,-1.6738628,-3.9201188,-1.6419786,0.011429051,0.036585037,0.8549653,0.006698011,0.0586294,0.014531018,0.001614589,0.015547748,2,,,,0.013874553,Test
1029,0,-1.7190479,1.0789049,4.290844,-3.4558873,-0.76237845,0.14573991,-8.347817,-10.85194,0.0023036941,0.037805967,0.93861556,0.00040562535,0.0059965444,0.01486935,3.044997e-06,2.4892023e-07,2,,,,0.42378607,-1.7936237,1.0289062,4.3208404,-3.6098485,-0.8355874,0.4237545,-8.736383,-11.585811,0.0032916137,0.06537656,0.89911395,0.00053862494,0.0069977543,0.024677482,3.9178667e-06,1.4856884e-07,2,,,,0.028418498,Test
1030,0,-4.8768644,-3.3441293,2.2918828,-0.581955,-1.3180053,-2.0341027,-1.7250473,3.0391052,0.00023846189,0.0011042757,0.3095754,0.01748536,0.008375524,0.0040927464,0.005574884,0.6535533,7,,,,1.1725084,-4.6954374,-3.2455304,2.2403882,-0.5850726,-1.321399,-2.1323533,-1.764973,3.137785,0.00030161988,0.0012695373,0.28479475,0.019499866,0.008406637,0.0037634708,0.005811113,0.676153,7,,,,0.024339482,Test
1031,0,-1.3251541,1.2557789,3.33419,-3.6523721,-0.47572505,0.029118326,-7.736099,-9.081582,0.007930961,0.10476364,0.837246,0.00077379844,0.01854505,0.030724067,1.3034303e-05,3.3943143e-06,2,,,,0.88022465,-1.7206205,0.7234915,3.0722606,-3.6770058,-0.55743235,-0.02578389,-7.837091,-8.889139,0.011329201,0.102903925,0.8150522,0.0013628048,0.0254697,0.043829568,3.7886224e-05,1.4732554e-05,2,,,,0.026121566,Test
1032,0,-3.9827619,-1.9986174,4.259827,-1.893682,0.34927297,0.13770002,-4.4445095,-3.2648315,0.00025277538,0.00183839,0.9603857,0.0020417878,0.019235946,0.015567849,0.0001592944,0.0005182364,2,,,,0.30477718,-3.7794883,-1.6917839,4.069743,-1.8519284,0.45843634,0.089183316,-4.3314114,-3.17857,0.0004981536,0.004293247,0.9431037,0.003183695,0.02817749,0.019566948,0.0003006817,0.000876086,2,,,,0.00675355,Test
1033,0,0.24818724,2.2007742,3.2745428,-3.5642564,-1.4717114,-2.0978103,-7.794187,-11.077651,0.034523115,0.24328074,0.7119336,0.0007627577,0.0061825495,0.0033056447,1.1100726e-05,4.1625637e-07,2,,,,1.0934551,0.13242134,2.244282,2.879665,-3.6708026,-1.5170509,-2.107338,-7.8952355,-10.661188,0.057397842,0.345997,0.5807539,0.00096878305,0.009247617,0.0056098453,2.353045e-05,1.4458626e-06,2,,,,0.06510386,Test
1034,0,-5.0508738,-1.2041249,7.968461,-3.0961065,0.48930234,1.4867316,-10.174285,-12.036351,2.2121403e-06,0.00010361778,0.99778724,1.5622743e-05,0.00056348264,0.001527772,1.3174783e-08,2.0467197e-09,2,,,,0.025224913,-5.2036643,-1.4009361,8.066663,-3.2811074,0.10536859,1.5834614,-10.483798,-12.603749,6.2434956e-05,0.00040031184,0.99670476,4.862064e-05,0.0006630083,0.0021207747,1.0204134e-07,1.4124899e-08,2,,,,0.00080982747,Test
1035,0,0.8619064,2.3438694,1.3272891,-3.078285,-1.5145601,-0.81594414,-6.027437,-9.352641,0.13709234,0.6034226,0.2183365,0.0026656908,0.012732889,0.025605422,0.00013963986,5.022173e-06,1,,,,1.5523092,1.0153462,2.197426,1.1213028,-2.7699666,-1.4797732,-0.9390504,-5.681079,-9.334318,0.17967825,0.530981,0.23792624,0.0045987004,0.016527597,0.029999822,0.00027931653,9.018838e-06,1,,,,0.067139365,Test
1036,0,-3.5036824,-1.1299375,1.313878,-1.7267977,-1.7196018,3.1016867,-3.3346078,-4.7450595,0.00112639,0.012094645,0.1392928,0.006658555,0.006706642,0.8324615,0.0013338805,0.00032551086,5,,,,0.81749195,-3.8310177,-1.249664,1.5083625,-1.804971,-1.8499867,3.255141,-3.4053783,-4.9805284,0.0008553822,0.0100581935,0.15969592,0.005864927,0.005804428,0.81605035,0.0013811307,0.00028965127,5,,,,0.021394014,Test
1037,0,1.4796735,3.072628,2.6451144,-3.8857589,-2.4990468,-1.1713743,-9.198721,-15.46429,0.10846481,0.53345793,0.34788314,0.00050712045,0.0020293295,0.007655144,2.4987398e-06,4.749181e-09,1,,,,1.4387046,1.4777554,2.9939666,2.8741004,-4.1500697,-2.6252723,-1.1819403,-10.062983,-16.334106,0.12994084,0.45386314,0.40140662,0.000549691,0.0031040758,0.011132037,3.6251308e-06,6.4776926e-09,1,,,,0.069564216,Test
1038,0,-0.7592843,0.5109147,4.1989894,-3.4418721,-0.5142524,-2.7072604,-8.1976185,-8.421785,0.006738585,0.02399989,0.9592233,0.00046082467,0.008609639,0.0009606683,3.964068e-06,3.1680108e-06,2,,,,0.30928594,-0.49855933,0.23127846,4.107036,-3.2757335,-0.7889592,-3.0198357,-7.702605,-8.234951,0.020085787,0.048481286,0.9201897,0.0012536114,0.00869987,0.0012427081,2.9803059e-05,1.7286273e-05,2,,,,0.016798262,Test
1039,0,-1.9321883,0.94555426,4.353758,-3.3773203,-0.6147429,-0.05942506,-7.9679165,-9.766901,0.0017660834,0.03139054,0.94833726,0.00041629214,0.006594326,0.011490579,4.2240363e-06,6.9893787e-07,2,,,,0.37205115,-1.5287278,1.0317975,4.394009,-3.3689358,-0.47055,-0.012628287,-7.992868,-10.23897,0.0058670705,0.06744413,0.90372914,0.0007281786,0.0090747345,0.013130313,2.5142965e-05,1.3013241e-06,2,,,,0.026690483,Test
1040,1,-6.496354,-2.3619282,9.453183,-3.1942089,0.90582585,1.595872,-10.935326,-12.060131,1.18289734e-07,7.3876363e-06,0.9994086,3.2140335e-06,0.00019394244,0.00038668397,1.3967756e-09,4.5355486e-10,2,,,,0.007815605,-6.723513,-1.9839201,8.76824,-3.1849546,0.6994208,1.2488755,-11.045659,-11.473127,3.2708183e-06,9.320954e-05,0.9973914,5.1253603e-05,0.0009592315,0.0015015408,1.0319029e-07,1.8981012e-08,2,,,,0.0009231217,Test
1041,0,-5.068888,-0.8164061,8.157829,-3.1917264,-0.15077655,2.2340515,-11.182836,-14.109965,1.7963137e-06,0.0001262442,0.9969477,1.1738777e-05,0.0002456352,0.0026669106,3.9730934e-09,2.1276081e-10,2,,,,0.0320077,-5.2374253,-0.57350695,7.7358155,-3.1767874,-0.43959752,1.8081038,-10.713812,-14.013326,5.717376e-05,0.0012659479,0.9901153,0.00015193998,0.0005893671,0.007819529,7.852699e-07,1.2850428e-08,2,,,,0.003980185,Test
1042,0,0.08436216,-1.4682649,1.0803945,-1.0356412,-1.351045,-2.6556933,-2.7523923,-3.3333292,0.21554156,0.045628235,0.58358264,0.07032662,0.05130287,0.013916822,0.012634098,0.0070671844,2,,,,1.8390187,0.10472226,-1.3804283,1.1122496,-1.1895516,-1.363746,-2.9810898,-2.8519046,-2.9028907,0.23694012,0.048734132,0.5735861,0.0583659,0.047807045,0.010156331,0.011864962,0.012545371,2,,,,0.04844598,Test
1043,0,-4.5436735,-1.3704691,5.358838,-2.4712358,-0.2826011,2.4321303,-7.2069306,-9.074622,4.7270813e-05,0.0011290113,0.94449407,0.0003755272,0.003350838,0.050599497,3.2957557e-06,5.0912814e-07,2,,,,0.33925563,-4.470605,-1.4896185,5.3057337,-2.5392156,-0.18518075,2.0692759,-7.2678657,-8.844908,0.00018231716,0.0022832174,0.9402444,0.00077796815,0.0053151827,0.05116879,2.5545402e-05,2.5401196e-06,2,,,,0.010250451,Test
1044,0,4.3416862,3.866765,0.037601754,-2.8839622,-3.0124497,-3.7065525,-6.7911983,-13.667526,0.61081785,0.37988842,0.008254137,0.00044448025,0.00039088682,0.00019525674,8.932257e-06,9.217436e-09,0,,,,1.033918,3.9349663,3.5083528,0.15271899,-2.7604077,-2.5021603,-2.9908252,-6.198497,-12.513033,0.5762341,0.40256327,0.016924502,0.0010131274,0.0018399559,0.0013896485,3.52054e-05,2.1264941e-07,0,,,,0.04678656,Test
1045,0,-4.159663,-1.6714826,3.8085973,-1.8309033,-0.34778976,0.95497316,-4.516718,-3.9735384,0.00032002918,0.003852946,0.92419004,0.0032851659,0.0144765545,0.053265754,0.00022393538,0.00038549842,2,,,,0.48772275,-4.0846415,-1.559334,4.007922,-1.7797434,-0.34612492,0.8466088,-4.6386814,-3.9028172,0.0003168905,0.004571628,0.9348577,0.0030403559,0.0148388995,0.041705713,0.0002002591,0.00046849693,2,,,,0.005196599,Test
1046,0,-4.115176,-2.7299232,2.963601,-1.7140658,-0.30876216,-1.017552,-3.2280443,1.3346616,0.0006645266,0.0026553394,0.788472,0.0073333336,0.029896269,0.014716125,0.0016135735,0.1546489,2,,,,1.0244672,-3.9113622,-2.6375682,2.894802,-1.5806135,-0.4449432,-0.99871844,-3.228973,1.3761303,0.0010203577,0.0032808005,0.75378853,0.009609524,0.028872654,0.019071337,0.00200672,0.18235011,2,,,,0.027763754,Test
1047,0,-5.5250096,-1.81163,7.0531893,-2.6121097,0.6335744,1.521459,-8.166852,-8.742207,3.4264715e-06,0.00014045833,0.9942365,6.308178e-05,0.0016198935,0.003936315,2.440674e-07,1.3728922e-07,2,,,,0.05750266,-5.26465,-2.097875,7.1588316,-2.7383158,0.58870006,1.6209087,-8.199284,-8.910623,7.005835e-06,0.00011720229,0.9930409,7.175478e-05,0.0017743034,0.00498813,3.6578692e-07,1.991145e-07,2,,,,0.00110194,Test
1048,0,1.4421861,0.8756587,0.3633536,-1.9971899,-1.7417011,-1.2292057,-3.811127,-7.490773,0.4864968,0.27608338,0.16540512,0.015609106,0.020152798,0.03364412,0.002544457,6.4201464e-05,0,,,,1.8423864,1.4819486,1.1688007,0.3693987,-2.104292,-1.7560422,-1.0160426,-3.901956,-7.8865004,0.43634945,0.3263243,0.16334125,0.0129872905,0.017748553,0.041071005,0.0021277252,5.039988e-05,0,,,,0.03636467,Test
1049,0,1.3903745,2.5726023,0.4618178,-2.9619386,-2.062266,-1.1999475,-5.362286,-8.695053,0.2093145,0.6827069,0.08270508,0.0026953404,0.0066272966,0.015697727,0.00024443088,8.724765e-06,1,,,,1.3137355,1.1578257,2.6824024,0.5220239,-3.024156,-2.0126154,-1.0279446,-5.531964,-9.049751,0.15223905,0.69947463,0.11341971,0.0028235423,0.006862347,0.02492864,0.00024423664,7.88104e-06,1,,,,0.03603186,Test
1050,0,3.4481769,0.41843674,-1.1420516,-1.2752066,-2.3210478,-2.7522142,-2.6737058,-6.949281,0.93045807,0.04496736,0.00944465,0.008267181,0.0029050552,0.0018875622,0.002041724,2.8388218e-05,0,,,,0.47894266,3.4576468,0.32240972,-1.0628872,-1.432191,-2.2385437,-2.853557,-2.848931,-6.693793,0.92389643,0.045872863,0.013524251,0.008257701,0.0038103727,0.0024198093,0.0021506655,6.7955945e-05,0,,,,0.01158042,Test
1051,0,3.135741,-2.7131383,0.014633343,0.17189993,-1.902024,-5.2401752,-2.2851403,-3.688304,0.900219,0.002595447,0.039707117,0.046469543,0.0058408305,0.00020736424,0.0039818906,0.0009788204,0,,,,0.63678056,3.2610822,-2.8201108,-0.0055244667,0.26198864,-1.7839267,-5.252599,-2.1752086,-3.7806537,0.891366,0.0024307908,0.04463715,0.04796231,0.007780651,0.0002592536,0.0043709683,0.0011929284,0,,,,0.014846649,Test
1052,1,0.6352784,-1.450873,1.182751,-1.7827641,-0.5878497,-4.092284,-2.923408,-1.6931988,0.296629,0.036830667,0.5128354,0.026428415,0.08730032,0.0026245762,0.008446868,0.028904723,2,,,,1.8636737,0.65207636,-1.4653937,1.2421784,-2.0794492,-0.62742245,-4.202251,-3.1378865,-1.7940819,0.30106735,0.038211327,0.5206332,0.020464258,0.08144728,0.002595038,0.007534889,0.028046664,2,,,,0.0332795,Test
1053,0,-2.150593,-1.6104854,1.8857694,-1.851297,-0.30722666,-1.4376739,-2.7141745,0.24374571,0.012411114,0.02129985,0.7027175,0.016741468,0.07841058,0.025317896,0.0070639956,0.13603759,2,,,,1.5175672,-2.3207955,-1.7253492,1.9868834,-1.9649538,-0.21418822,-1.5579101,-2.7952647,0.26205438,0.011310518,0.01801558,0.7094534,0.0154739935,0.07914688,0.02204857,0.007289426,0.13726154,2,,,,0.023550194,Test
1054,0,2.717535,3.88668,0.29468286,-3.1119523,-2.47017,-2.5293648,-6.755382,-12.165582,0.23138654,0.7448885,0.020516662,0.0006801799,0.0012922499,0.0012179752,1.7795179e-05,7.955779e-08,1,,,,0.9517763,2.4759479,3.254528,0.29550713,-2.97076,-2.752603,-2.4877026,-6.5593786,-12.039675,0.3198818,0.6232091,0.049082316,0.0015723435,0.001983199,0.0042180335,5.2267038e-05,8.52178e-07,1,,,,0.04260579,Test
1055,0,5.4347076,0.81225747,-1.7344896,-1.4605148,-2.7713556,-5.659079,-2.8725863,-8.815602,0.9879991,0.00971073,0.00076070067,0.0010004592,0.00026971716,1.50240285e-05,0.00024375,6.396252e-07,0,,,,0.10636557,5.3274326,0.69013596,-1.3111469,-1.3057594,-2.7120218,-5.215193,-2.987679,-8.300847,0.9781774,0.017187227,0.0020001302,0.0017644251,0.00045733177,7.313854e-05,0.00033433767,5.8740206e-06,0,,,,0.005656971,Test
1056,0,8.390925,-0.5251376,-2.8262873,-0.20446227,-4.3872013,-7.406526,-3.666499,-13.232295,0.9996587,0.00013416976,1.34362535e-05,0.00018489383,2.820862e-06,1.3775454e-07,5.799343e-06,4.0644935e-10,0,,,,0.004884486,8.311572,-0.21388495,-2.794186,-0.20583658,-4.099499,-7.0614715,-4.2603674,-13.23617,0.9989087,0.00049365876,4.55165e-05,0.00052941666,1.2901031e-05,1.8674151e-06,7.917513e-06,6.139756e-09,0,,,,0.00034311414,Test
1057,0,1.0009272,3.0974202,3.7229526,-3.966932,-2.1227167,-1.9567745,-9.805465,-15.411664,0.04089713,0.33280373,0.62209034,0.00028456337,0.001799333,0.0021241214,8.289653e-07,3.0464564e-09,2,,,,1.1815021,0.73342794,2.9152863,3.5083714,-4.1439447,-2.0108418,-2.2413023,-9.964709,-15.088534,0.049529787,0.3687854,0.5735127,0.0003434848,0.0043101176,0.003517131,1.4124064e-06,2.912893e-08,2,,,,0.07090869,Test
1058,0,-2.3186035,-1.5131123,1.9870269,-1.9411004,-0.39758837,-1.368617,-2.88272,-0.1704342,0.01027074,0.022983821,0.7612256,0.014981296,0.07012745,0.026556797,0.0058426387,0.08801159,2,,,,1.3431758,-2.272227,-1.4971454,1.9379015,-1.8522108,-0.47869724,-1.4971745,-2.761467,-0.18627205,0.012336606,0.02800011,0.7411932,0.01960302,0.06732962,0.027777147,0.008838843,0.09492147,2,,,,0.024322053,Test
1059,0,-4.3580184,-0.9454858,6.4262443,-2.9438903,0.20653264,0.9296229,-8.475461,-9.470651,2.0582585e-05,0.00062451675,0.99322057,8.465411e-05,0.001976329,0.0040728035,3.3521042e-07,1.2391165e-07,2,,,,0.06796129,-4.1526074,-0.6200606,6.186597,-2.9105754,0.07619312,0.457031,-8.118349,-9.22652,6.227403e-05,0.002059394,0.9877559,0.00015434911,0.0026695984,0.0072969003,1.219387e-06,3.2211565e-07,2,,,,0.0041085915,Test
1060,1,-2.0494473,0.17935185,3.1193874,-2.8000767,-0.59618425,0.65232205,-6.4744935,-7.283421,0.00486213,0.04516289,0.8543247,0.0022952624,0.020795563,0.072475314,5.8217498e-05,2.5926312e-05,2,,,,0.8451881,-2.1552749,0.057008408,3.2268035,-2.7821116,-0.8503482,1.0736245,-6.8681726,-7.8959937,0.0057238434,0.05141405,0.8108842,0.00297531,0.016270151,0.11261468,9.0287285e-05,2.7466402e-05,2,,,,0.027809903,Test
1061,0,0.36687478,1.9822826,1.8942388,-3.5890093,-1.2597542,-1.0796658,-7.0298247,-9.292555,0.090189606,0.4536482,0.41541508,0.0017263858,0.01773048,0.021229118,5.5310873e-05,5.755983e-06,1,,,,1.5947088,0.49562114,1.9810356,1.6834288,-3.3624253,-1.5004985,-0.9920708,-6.7318125,-8.937613,0.13218503,0.45417023,0.36935073,0.002125071,0.013881599,0.028188923,8.490974e-05,1.3514759e-05,1,,,,0.077254765,Test
1062,0,5.445951,1.7264138,-1.6002735,-1.6692885,-2.9177318,-4.7571826,-3.6223547,-10.458073,0.9743605,0.02362355,0.00084836595,0.00079179066,0.00022720528,3.610398e-05,0.000112306385,1.2069515e-07,0,,,,0.18573698,5.633204,1.5233324,-1.515702,-1.5442493,-3.0141375,-4.644871,-3.821214,-10.541198,0.9733413,0.021937143,0.002364498,0.0013621094,0.00065369904,0.00015875287,0.00018154478,9.701532e-07,0,,,,0.00820844,Test
1063,0,-5.0895443,-2.260534,6.1950183,-1.9439183,0.24897145,0.6097067,-6.596339,-6.5345263,1.2479402e-05,0.00021126018,0.99315554,0.00028994915,0.0025982559,0.0037268966,2.7656772e-06,2.9420244e-06,2,,,,0.06851819,-4.3750787,-1.4449804,5.7236295,-1.5426114,0.52370733,0.42098314,-5.838205,-6.4084334,7.34092e-05,0.0010915585,0.983411,0.001074581,0.0070450557,0.0072705066,2.4800673e-05,9.217578e-06,2,,,,0.0039112484,Test
1064,0,1.1910745,3.2132237,1.0767413,-3.233035,-1.9929357,-1.8685952,-5.9265347,-10.209066,0.10473798,0.7912476,0.093422174,0.0012552722,0.0043381643,0.004912544,8.491138e-05,1.1724275e-06,1,,,,1.0127262,1.0278178,2.9096422,1.1248839,-3.1598134,-1.9147581,-1.7413261,-5.8143415,-10.017733,0.11716553,0.6881151,0.16818419,0.0021096685,0.010574692,0.0136301,0.00021380128,6.8968975e-06,1,,,,0.056251053,Test
1065,1,5.196383,1.2528276,-1.833973,-1.5448778,-2.6423798,-4.604792,-2.9781187,-9.001066,0.97830427,0.018958747,0.00086542446,0.0011555313,0.0003856049,5.4184824e-05,0.0002756342,6.6772907e-07,0,,,,0.16791512,4.9513445,1.3092483,-1.3707485,-1.4529519,-2.52533,-4.452617,-3.1398647,-9.029401,0.9651167,0.029638344,0.0021313538,0.0019082234,0.00072275556,0.00011948298,0.0003616209,1.5558093e-06,0,,,,0.005602495,Test
1066,0,-1.7467765,0.58380306,3.854273,-2.656096,-0.5971384,0.59146595,-7.239799,-9.753191,0.0033792737,0.034752104,0.9148044,0.001361165,0.0106685385,0.035019435,1.39070125e-05,1.1263719e-06,2,,,,0.5661296,-1.649386,0.5895626,3.7722397,-2.6789408,-0.45659512,0.38678083,-6.796987,-9.315834,0.005581584,0.045873277,0.896153,0.001549098,0.015729543,0.035069417,3.964031e-05,4.418221e-06,2,,,,0.01378444,Test
1067,0,6.5505857,-0.6406826,-2.3210745,-0.019120576,-3.3517845,-5.9574575,-2.2684684,-8.947199,0.99750865,0.0007512569,0.00013995988,0.0013987157,4.993118e-05,3.6875888e-06,0.00014751981,1.8548735e-07,0,,,,0.029102255,6.0618296,-0.39598575,-2.3150654,-0.19059722,-3.2715976,-5.7490716,-2.493721,-8.103139,0.99392223,0.0025318465,0.00039080888,0.0024715757,0.00017942888,2.3013741e-05,0.00047356138,7.5637968e-06,0,,,,0.0015778244,Test
1068,0,1.4102246,2.7101731,0.50780815,-3.172737,-2.23917,-1.1380684,-5.799682,-10.449031,0.19268234,0.7069723,0.07814973,0.0019700949,0.005011064,0.015070661,0.00014243582,1.3628012e-06,1,,,,1.247891,1.4076777,2.852276,0.48979148,-3.3803658,-2.4212663,-1.037131,-5.8205104,-10.852464,0.19017915,0.6852833,0.097725995,0.0014830419,0.0058663106,0.019275036,0.00018564986,1.4864235e-06,1,,,,0.048036486,Test
1069,0,-3.7422915,-2.1066518,1.2504158,-1.3691194,-1.553963,1.7802769,-2.3524673,-2.1131933,0.0023120875,0.011867344,0.34065083,0.024811883,0.020624485,0.5786623,0.00928105,0.0117899645,5,,,,1.4680859,-3.5922303,-2.1384454,1.2007134,-1.5667034,-1.4128215,1.7607689,-2.6362844,-1.8133361,0.0034727484,0.013922582,0.33134514,0.022964764,0.027528193,0.57340395,0.008268924,0.019093677,5,,,,0.033968177,Test
1070,0,-3.6929245,0.06828192,5.5322223,-3.3545084,-0.20603532,1.7273072,-9.182194,-11.014468,9.566454e-05,0.004113604,0.97091573,0.00013419108,0.003126713,0.021613643,3.9517698e-07,6.3247796e-08,2,,,,0.2225414,-3.9730134,-0.09546554,5.367814,-3.305079,-0.47145,1.5775039,-9.118348,-10.6094885,0.00026652595,0.009336531,0.95388734,0.00036234138,0.0042729722,0.03186927,4.2819643e-06,8.686534e-07,2,,,,0.011032253,Test
1071,0,-3.9308343,-1.5724416,0.31790972,-0.6360623,-2.5212836,1.3924356,-1.3391954,-3.278969,0.0030031763,0.031755414,0.21027465,0.08099945,0.01229535,0.61581117,0.040097322,0.0057634455,5,,,,1.6876361,-4.001976,-1.7734865,0.32839763,-0.62761205,-2.6089349,1.4026139,-1.256538,-3.0682359,0.0031693939,0.025801236,0.21233952,0.08332108,0.011241222,0.60531116,0.05022158,0.0085947765,5,,,,0.03275001,Test
1072,1,2.2707908,2.3233669,0.70896626,-2.988679,-2.2375438,-1.8130312,-6.160473,-10.578158,0.4353478,0.45884907,0.09131552,0.0022629637,0.0047961366,0.0073325476,9.488224e-05,1.1444808e-06,1,,,,1.4634533,2.084107,2.4750476,0.5176579,-2.8539112,-2.4498854,-1.7456115,-6.0967402,-10.390733,0.34614232,0.4914813,0.13231477,0.0026677516,0.0074107624,0.019854318,0.00012429987,4.466718e-06,1,,,,0.086123414,Test
1073,0,-4.3186655,-0.9044625,7.2014365,-3.1261134,0.4537753,0.7866862,-9.471526,-10.895848,9.897268e-06,0.00030080476,0.99685466,3.261624e-05,0.00116993,0.0016320794,5.72343e-08,1.3774668e-08,2,,,,0.03520817,-4.204762,-0.90884763,7.3341393,-3.2257679,0.7018529,0.54839575,-9.40337,-10.54455,2.7210577e-05,0.00042935237,0.99652165,4.0064344e-05,0.001567398,0.0014140075,1.7031323e-07,1.1341474e-07,2,,,,0.00049244525,Test
1074,0,-0.3939266,1.8939275,3.1300979,-3.260396,-1.4981279,0.015470173,-7.8998117,-11.866118,0.02142737,0.21114036,0.7268307,0.0012192059,0.0071026487,0.03226768,1.1781609e-05,2.2318218e-07,2,,,,1.1496502,-0.18450162,2.0808883,2.7569194,-3.3693757,-1.8794191,0.18969524,-7.9761567,-12.186064,0.032658584,0.32286358,0.58302456,0.0013771125,0.0067220917,0.053325932,2.7534417e-05,6.397301e-07,2,,,,0.04765606,Test
1075,1,1.0777429,1.9959204,0.016665768,-2.6079118,-1.8349844,-0.97997373,-4.5952454,-7.0337353,0.24620263,0.616669,0.08520651,0.006174946,0.013375537,0.031451233,0.0008463408,7.3879266e-05,1,,,,1.5258461,1.2813804,2.2177608,-0.18801036,-2.4974647,-1.9385283,-1.3967302,-4.524911,-6.927873,0.2577649,0.6234993,0.07421646,0.0061754575,0.013798386,0.023422543,0.0009594659,0.00016354272,1,,,,0.03914029,Test
1076,0,0.043265283,2.4121666,3.3760633,-3.3957524,-1.7796549,-0.7832411,-8.743001,-14.259042,0.024793195,0.2649313,0.6946216,0.00079576724,0.0040054224,0.010848888,3.7888337e-06,1.52377e-08,2,,,,1.1160613,0.7717075,2.4860513,3.196589,-3.48626,-1.6798542,-1.0102822,-8.656733,-13.914487,0.07765401,0.3169455,0.5820093,0.0012148179,0.0046034143,0.017562103,1.0760307e-05,8.522544e-08,2,,,,0.061519198,Test
1077,0,-2.6409974,0.74672115,6.2141542,-3.9652557,-0.34792703,0.16903514,-10.6299305,-13.289822,0.00014148686,0.00418778,0.99188155,3.7635546e-05,0.001401471,0.0023501625,4.7991723e-08,3.3573078e-09,2,,,,0.08091868,-2.8571212,1.2274439,6.096309,-3.681333,-0.22171111,0.05972313,-10.009676,-13.154607,0.0004740051,0.023355521,0.96765625,0.00028062979,0.003975338,0.0042560333,1.8035138e-06,4.5167826e-07,2,,,,0.008994871,Test
1078,0,-2.0313735,1.0971934,4.7534266,-3.5370893,-0.42173165,-0.23831157,-8.575643,-10.6219845,0.0010876933,0.024844239,0.9618507,0.00024131392,0.0054395767,0.006534664,1.5644673e-06,2.0213965e-07,2,,,,0.28840443,-2.0822916,0.804633,5.1654334,-3.7153993,-0.22944732,0.27234408,-9.2989435,-10.884411,0.0020942297,0.024088783,0.9586028,0.00024660004,0.005796879,0.009168769,1.65359e-06,3.1582528e-07,2,,,,0.008064276,Test
1079,0,3.6284883,-1.7667973,1.1826749,-0.6968005,-1.8286209,-5.8270144,-4.502608,-8.148192,0.90165687,0.0040916507,0.078133635,0.011928677,0.0038463497,7.056165e-05,0.0002653085,6.926179e-06,0,,,,0.5658078,3.76544,-1.8278688,1.1222936,-0.7417275,-1.7597691,-6.4930816,-4.502375,-8.460194,0.900778,0.0048072143,0.07785249,0.012165485,0.0040245145,5.0033657e-05,0.0003137747,8.474332e-06,0,,,,0.01631763,Test
1080,0,6.458954,3.9486377,-2.3309507,-2.3427353,-4.388712,-5.2034335,-5.183498,-14.077396,0.9245715,0.07511455,0.00014077757,0.0001391283,1.7982875e-05,7.96214e-06,8.1224625e-06,1.1145945e-09,0,,,,0.38928333,6.658985,4.1048064,-2.1694882,-2.3591363,-4.668045,-5.766776,-4.8763576,-14.261599,0.89312756,0.106238104,0.0003315381,0.00025711727,1.7654023e-05,9.549966e-06,1.8481442e-05,1.7545781e-09,0,,,,0.025589224,Test
1081,0,5.5953584,0.26926455,-1.9050196,-0.5999193,-3.3180807,-4.159828,-3.2064204,-10.172085,0.99226224,0.0048254,0.00054859725,0.0020232594,0.00013352702,5.754439e-05,0.00014930092,1.4090068e-07,0,,,,0.0767306,5.6095915,0.3592257,-1.9055897,-0.46675253,-3.5029876,-4.412225,-2.8726094,-10.216936,0.9867072,0.006826319,0.0011891034,0.0044036387,0.00021303834,0.00018198683,0.00047807425,6.497855e-07,0,,,,0.003081798,Test
1082,1,16.731522,-3.5238402,-6.321454,4.228038,-8.570626,-12.289982,-3.0712276,-21.378645,0.9999963,1.5966387e-09,9.732372e-11,3.7136792e-06,1.0266339e-11,2.4895429e-13,2.5105766e-09,2.8116584e-17,0,,,,7.244348e-05,16.477055,-3.5801702,-6.3983164,3.2035015,-8.020088,-12.473386,-3.5810394,-20.625225,0.99999106,2.114974e-08,1.0586494e-09,8.837252e-06,1.3339804e-10,1.5003221e-11,4.480956e-08,5.30197e-15,0,,,,3.8760195e-06,Test
1083,1,0.5131878,1.0020059,1.288,-2.6390479,-1.1956409,-1.1276615,-4.94223,-6.9571958,0.19145848,0.3121516,0.4155002,0.008186081,0.03466887,0.0371076,0.00081811915,0.00010907579,2,,,,1.9184642,0.4870723,0.6941893,1.2265015,-2.7545514,-1.2476294,-1.4429082,-4.935055,-6.9401155,0.22295246,0.2652643,0.43212095,0.008214179,0.0380075,0.032239165,0.0010581058,0.00014337689,2,,,,0.05131865,Test
1084,0,4.2487216,0.8547229,-1.2889338,-1.450825,-2.8136926,-3.7265384,-3.2553625,-8.761062,0.9591304,0.032201994,0.0037748918,0.003210672,0.00082169403,0.0003298119,0.0005283179,2.1468454e-06,0,,,,0.2923637,4.2836895,0.78391993,-1.3739568,-1.1486586,-2.9795616,-3.7689927,-3.051703,-8.601566,0.94782275,0.038844414,0.0052641015,0.005609726,0.0009664637,0.0007631612,0.00072463753,4.6384916e-06,0,,,,0.01003692,Test
1085,0,1.1190453,2.1910832,1.4245722,-3.0341823,-1.5432185,-1.3177663,-6.271663,-9.482498,0.18341047,0.53580195,0.24895038,0.0028820422,0.012800229,0.016037263,0.00011315667,4.5628103e-06,1,,,,1.6325241,1.3318369,2.2681048,1.5781144,-3.2673512,-1.4031713,-1.1345992,-6.6957984,-9.818777,0.210188,0.47540134,0.28072447,0.0020431825,0.013272272,0.01827359,9.208047e-05,4.9915125e-06,1,,,,0.067672275,Test
1086,1,-1.920494,-0.19975348,4.941332,-3.1668067,0.46807376,-1.4388882,-7.9295516,-8.266053,0.0010261604,0.005734869,0.9800955,0.00029508583,0.011182969,0.001661017,2.5206616e-06,1.8004205e-06,2,,,,0.17269172,-1.8758242,-0.4505046,4.974239,-3.1113236,0.44948617,-1.3483884,-8.223048,-8.893949,0.0019775855,0.0061412863,0.97675276,0.00046591624,0.011780458,0.002868172,8.394256e-06,5.5076366e-06,2,,,,0.0043113534,Test
1087,0,-3.2601094,-1.7297633,2.432141,-2.1585205,-0.055392392,0.31713474,-3.869426,-1.1252215,0.002669428,0.012332155,0.7916461,0.008032156,0.06579744,0.095498264,0.0014514273,0.022572942,2,,,,1.1428066,-3.0158656,-1.487161,2.1290386,-2.1608162,-0.08592366,0.31494182,-3.6092687,-1.1186639,0.004950409,0.022035645,0.7181385,0.011233274,0.0793451,0.12700911,0.0032025203,0.03408544,2,,,,0.024039675,Test
1088,0,-3.9209328,-0.06223321,6.623783,-3.2708044,-0.71961,1.7770495,-9.947828,-13.161216,2.6076035e-05,0.0012361,0.99026966,4.995612e-05,0.00064055773,0.0077775684,6.2920776e-08,2.5306799e-09,2,,,,0.088311106,-4.2364388,-0.46685392,6.434264,-3.3386257,-1.2542672,1.7607085,-10.124788,-13.387248,0.0006282985,0.0064169792,0.962423,0.00023065505,0.0016738515,0.028617406,8.41839e-06,1.3092322e-06,2,,,,0.021374661,Test
1089,0,-3.5047216,-1.8241609,1.3601496,-1.1040947,-1.3662778,-0.29082817,-1.7966224,-0.27837145,0.0047366237,0.02542887,0.6141232,0.052245367,0.04019602,0.11782703,0.026138872,0.119303964,2,,,,1.8790227,-3.7003236,-1.9952822,1.3984281,-1.3331324,-1.2856574,-0.15310755,-2.0355058,-0.4125288,0.0043371627,0.022958133,0.61559093,0.04113447,0.043326046,0.14227614,0.021987794,0.10838938,2,,,,0.02685808,Test
1090,1,-3.4434252,-1.47882,2.3761926,-2.0506666,-0.23539521,0.82966083,-3.922166,-2.0971742,0.0022225343,0.015851332,0.7486457,0.008947794,0.05496398,0.1594506,0.0013769997,0.00854118,2,,,,1.2120959,-3.2972,-1.4272203,2.3067074,-2.0385332,-0.36935064,0.79503995,-3.7487862,-1.9779689,0.0030015854,0.018772392,0.7307297,0.010434562,0.051016677,0.17241982,0.0020317729,0.011593516,2,,,,0.02100534,Test
1091,0,8.516974,-0.24021152,-3.0001895,0.64606863,-4.546264,-7.06055,-2.5206661,-12.38665,0.999433,0.00015723752,9.952056e-06,0.00038147203,2.120613e-06,1.7160143e-07,1.6075603e-05,8.344964e-10,0,,,,0.007601729,8.40458,-0.60436034,-2.9233978,0.40882045,-4.1874003,-7.003512,-2.328922,-11.87195,0.998871,0.0002761589,3.1343086e-05,0.0007340223,5.9289896e-06,8.567987e-07,8.059659e-05,1.0639331e-08,0,,,,0.0003495892,Test
1092,1,1.6676186,2.045033,0.5347145,-3.0160131,-2.0637634,-1.2945557,-5.679297,-9.74435,0.3488974,0.5088698,0.11237862,0.0032256874,0.008359479,0.01804022,0.00022489138,3.859604e-06,1,,,,1.572064,1.9360285,1.9346917,0.20919892,-2.8925714,-2.226538,-1.3921921,-5.4513426,-9.776487,0.42598525,0.44450435,0.09129762,0.00398037,0.0074115368,0.026423687,0.00039050548,6.653936e-06,1,,,,0.055979382,Test
1093,0,-5.197004,-1.2580899,8.250419,-2.8395934,0.46650296,1.3457941,-9.763366,-12.499862,1.4427906e-06,7.41057e-05,0.99849176,1.5241006e-05,0.00041575063,0.0010016228,1.4998829e-08,9.71879e-10,2,,,,0.01811255,-4.480914,-1.5345125,7.8190346,-2.6618214,0.11102792,1.2978605,-9.392459,-13.497218,1.0122353e-05,0.00021865107,0.9970583,7.771771e-05,0.0008533428,0.0017815601,3.299894e-07,5.098514e-09,2,,,,0.0006442022,Test
1094,0,-1.8989322,1.1704004,3.703503,-3.4509559,-0.88112396,0.92412305,-8.142022,-10.657709,0.0031905817,0.068685345,0.86492115,0.00067582534,0.008828734,0.053691704,6.2019817e-06,5.0116586e-07,2,,,,0.766938,-2.0862978,0.98148954,3.7446473,-3.5585427,-0.512755,1.0948802,-8.554846,-10.197008,0.0033968147,0.087510854,0.8225156,0.00073404866,0.013905188,0.071929455,6.1412356e-06,1.8780423e-06,2,,,,0.041625366,Test
1095,0,7.8956814,2.8810575,-1.7520235,-2.063214,-4.59652,-7.0930305,-6.643633,-16.446518,0.9932887,0.006595567,6.4140215e-05,4.698747e-05,3.7306252e-06,3.072985e-07,4.8165e-07,2.6631319e-11,0,,,,0.059082776,7.3494034,2.0519452,-1.448967,-1.7728115,-4.533362,-7.4994593,-6.3378716,-15.922281,0.9914301,0.0080227535,0.00032685368,0.00020511498,1.2197607e-05,6.439396e-07,2.2999143e-06,1.8487259e-10,0,,,,0.0020973836,Test
1096,0,-4.134906,-1.9078647,1.7805259,-1.6988256,-1.0154395,2.147758,-3.4730904,-2.747372,0.0010458009,0.009697075,0.38769338,0.011951577,0.023670968,0.5597257,0.0020270837,0.0041883914,5,,,,1.3291913,-4.199162,-1.7664238,1.8733823,-1.7026247,-1.0375235,2.1894925,-3.5973632,-2.6985183,0.0012316003,0.011317807,0.3988122,0.013767293,0.023149868,0.5441652,0.0025631678,0.0049928827,5,,,,0.020542191,Test
1097,0,-4.6892467,-1.9179676,5.2584577,-2.2853835,0.7158451,0.46093795,-6.4673967,-4.7538543,4.688599e-05,0.0007491943,0.98011315,0.00051883294,0.010433852,0.008086114,7.921404e-06,4.3952583e-05,2,,,,0.16817112,-4.9716825,-2.1933045,5.4240785,-2.316375,0.65555537,0.41482344,-6.6440635,-4.481094,7.275262e-05,0.00082160614,0.98127955,0.0006560433,0.009551512,0.0074945665,1.735531e-05,0.00010661321,2,,,,0.0025731013,Test
1098,0,5.365804,-0.12420661,-1.1252531,-0.8550622,-2.3989196,-5.2406015,-2.9109974,-8.755625,0.99173224,0.004093672,0.0015044024,0.0019710907,0.00042093763,2.4552242e-05,0.0002522464,7.303576e-07,0,,,,0.084297106,5.1385365,-0.29379782,-0.84049237,-0.85661715,-2.346003,-5.2655587,-2.8797052,-8.173934,0.98246586,0.008139657,0.004242285,0.0036690638,0.0008608118,0.00010676376,0.00050974905,5.893176e-06,0,,,,0.0048959344,Test
1099,0,-1.43376,1.7380494,4.149648,-3.538071,-1.029845,-0.20123468,-8.279909,-11.342354,0.0033797733,0.08060964,0.8989406,0.0004120946,0.00506181,0.011592217,3.5945345e-06,1.6812791e-07,2,,,,0.57661116,-1.7975485,1.6288798,4.3373823,-3.960181,-1.1185331,-0.17922243,-8.6715145,-11.314259,0.0032912672,0.09974339,0.8783105,0.00028267142,0.0040412857,0.014327146,3.3014257e-06,4.6682422e-07,2,,,,0.034052424,Test
1100,1,0.739143,1.2158346,0.937122,-2.397424,-1.541944,-1.1256696,-4.5412917,-7.533211,0.24180587,0.38948554,0.29474604,0.0105020255,0.024706047,0.037461832,0.0012308443,6.177728e-05,1,,,,1.9357631,0.5569852,1.062726,0.96401185,-2.1741436,-1.3870835,-0.8908068,-4.3310385,-7.2977104,0.21758088,0.35283136,0.3264284,0.016080016,0.031994108,0.05271703,0.0020942255,0.00027396219,1,,,,0.049879327,Test
1101,0,-0.98056096,0.20427416,1.1805848,-2.178231,-1.1601775,-0.61547714,-3.621039,-3.9892807,0.06389765,0.20895472,0.55470043,0.019290498,0.053392276,0.09205316,0.0045576375,0.0031536568,2,,,,1.9111627,-0.9161776,0.19613092,1.1380535,-2.0465286,-1.2085645,-0.54271966,-3.5478516,-3.9371161,0.072010495,0.21415873,0.53000194,0.022821711,0.0522042,0.09861777,0.0060829716,0.004102216,2,,,,0.036399182,Test
1102,0,-3.3724854,-2.3199644,2.5231972,-1.826281,0.06501872,-1.6330619,-2.9513986,1.9887269,0.0016042788,0.00459604,0.5830988,0.007529875,0.049907845,0.009134858,0.0024443045,0.341684,2,,,,1.3857347,-3.348529,-2.2981064,2.5924,-1.9199051,0.10241648,-1.6295933,-3.0076725,2.0312266,0.0019081915,0.005307604,0.5855542,0.007053173,0.049916808,0.009771627,0.00246762,0.33802086,2,,,,0.019430973,Test
1103,0,-3.0179505,-1.1141766,1.8165783,-1.9303538,-0.9943187,1.6972564,-3.699074,-3.5679448,0.0038950166,0.026140139,0.48991254,0.011557042,0.02946874,0.4348082,0.0019710662,0.0022472427,2,,,,1.4570651,-3.043076,-1.127864,1.7573427,-1.8136976,-0.9153167,1.6697881,-3.7463436,-3.317098,0.0047500273,0.03167808,0.4733246,0.014965984,0.03395983,0.43496865,0.0027462468,0.0036065914,2,,,,0.026688049,Test
1104,0,-3.629419,-2.1205382,3.655581,-2.133618,-0.21017782,-0.8589132,-4.288444,-1.3513281,0.0006557232,0.0029649616,0.9562155,0.0029264335,0.020029865,0.010469742,0.00033924193,0.0063985665,2,,,,0.35063952,-3.650634,-2.175421,3.5522907,-2.0026176,-0.3100054,-0.60913265,-4.15242,-1.5185634,0.0010194947,0.0035727262,0.9419297,0.004699349,0.02201714,0.016134141,0.00071079645,0.009916556,2,,,,0.01050797,Test
1105,0,-3.3578043,-1.5597268,0.64991534,-1.4103603,-1.7546072,3.067836,-2.6609983,-3.6360743,0.0014403424,0.008696824,0.07924944,0.010097873,0.007156907,0.88937676,0.002891244,0.001090472,5,,,,0.6664692,-3.4681327,-1.5872401,0.7150754,-1.697025,-1.8543112,3.2294877,-3.1018069,-3.5130706,0.0015540064,0.009786392,0.08415605,0.008461205,0.006878824,0.88509494,0.0022922386,0.0017764231,5,,,,0.017173328,Test
1106,0,1.9396167,1.1396827,0.3200971,-2.5711737,-1.6767246,-3.05683,-4.0372295,-7.55991,0.5901109,0.2651714,0.1168383,0.0064851837,0.015862683,0.0039902898,0.0014970017,4.4191776e-05,0,,,,1.5071964,1.889229,1.2908838,0.38565463,-2.6228144,-1.5480301,-3.336795,-4.221793,-7.6302314,0.5288063,0.29968736,0.13832593,0.0061085913,0.020784419,0.0048406557,0.0013824292,6.4317064e-05,0,,,,0.06539427,Test
1107,0,0.32355663,2.9546857,3.0852501,-3.8001,-1.8531718,-0.75601584,-8.814766,-13.652802,0.032066174,0.44538128,0.5074992,0.00051899813,0.0036366866,0.010894186,3.4460707e-06,2.730182e-08,2,,,,1.2816757,-0.1073969,2.7475138,3.206981,-4.1856055,-2.0757933,-0.6110209,-9.402357,-14.312935,0.032786347,0.3920072,0.55455554,0.00036950622,0.0031813446,0.017095948,4.0211803e-06,2.6109635e-08,2,,,,0.07106026,Test
1108,0,-2.611679,0.27921343,3.9458299,-2.989937,-0.6298616,0.1988011,-6.766655,-7.114806,0.0013367026,0.024073182,0.94172645,0.0009157129,0.009699008,0.022213185,2.0967753e-05,1.4803055e-05,2,,,,0.42043832,-2.660994,0.29757372,4.0512223,-3.0519154,-0.42700815,0.29435435,-6.887184,-7.302643,0.0019944157,0.027823191,0.93150693,0.0012568902,0.012835366,0.024470154,6.2941996e-05,5.009775e-05,2,,,,0.009258719,Test
1109,0,-4.3215785,-0.530793,7.389599,-3.0547419,-0.14319567,1.1480504,-9.751241,-12.363432,8.178054e-06,0.0003622157,0.99712557,2.9028883e-05,0.00053370197,0.0019412424,3.5857354e-08,2.63098e-09,2,,,,0.032148525,-4.509778,-0.87043303,7.7563486,-2.7882564,0.26234224,1.6537005,-10.258485,-12.964285,2.6489177e-05,0.00053780474,0.9953849,5.201692e-05,0.0007200868,0.003278581,1.1703501e-07,3.1487997e-09,2,,,,0.0010565878,Test
1110,0,4.6810255,0.99576515,-1.4872195,-1.3872452,-2.7164354,-4.0855017,-2.9775915,-8.8504305,0.97017425,0.024342295,0.0020324276,0.0022461216,0.0005945293,0.00015121518,0.0004578831,1.2888818e-06,0,,,,0.22419725,4.6096697,1.0012577,-1.4412221,-1.3731649,-2.4973674,-3.7946353,-2.9889526,-9.158999,0.96404696,0.027344227,0.0030343132,0.0033330172,0.0012243374,0.00028124856,0.0007341319,1.9027177e-06,0,,,,0.0039003391,Test
1111,0,-1.8813057,0.5464932,4.945234,-3.243395,-1.1503192,0.43123707,-8.997164,-13.368197,0.0010562307,0.01197122,0.9738392,0.00027052712,0.0021939275,0.01066801,8.5778953e-07,1.08409e-08,2,,,,0.21659717,-2.0693765,0.6368303,5.318198,-3.3581135,-0.99973506,0.8892563,-9.651398,-13.729899,0.0014018856,0.021034237,0.95581406,0.00024928557,0.003249672,0.01824963,1.1421904e-06,3.2404603e-08,2,,,,0.011274723,Test
1112,1,10.946807,-2.7766235,-3.2108355,1.5248406,-5.4917607,-10.416153,-3.4006643,-13.867728,0.99991655,1.096361e-06,7.101953e-07,8.091996e-05,7.257455e-08,5.274093e-10,5.8740306e-07,1.6716606e-11,0,,,,0.001270363,10.805343,-2.62583,-3.3145013,1.4623064,-5.5743675,-10.219202,-3.2994556,-12.940102,0.9998536,5.6705385e-06,1.7633392e-06,0.00013752954,3.1550417e-07,6.4952905e-09,1.2426408e-06,2.8070757e-10,0,,,,3.402718e-05,Test
1113,0,-3.7736454,-2.6398046,2.4611163,-1.7953695,-0.41893798,-0.6948412,-3.0090241,1.0413121,0.0014339463,0.0044560884,0.73156935,0.010367813,0.041064244,0.031163095,0.0030803757,0.17686519,2,,,,1.2593932,-3.7495713,-2.6004114,2.3900533,-1.8079125,-0.46437702,-0.749467,-2.7753148,1.1114948,0.002026448,0.0052564405,0.6948904,0.012233647,0.04150004,0.034686822,0.004739823,0.2046664,2,,,,0.027621204,Test
1114,0,-2.4030185,1.3911766,4.719213,-3.3250687,-1.0124059,1.1550227,-8.797919,-12.264393,0.0007551922,0.033562593,0.9358437,0.00030034198,0.0030338415,0.026503004,1.2612105e-06,3.9383725e-08,2,,,,0.42944318,-2.4448543,1.2978505,4.651689,-3.0648112,-1.0327604,1.0941652,-8.711611,-11.8995695,0.001965785,0.06686102,0.89229727,0.0007661926,0.0036847554,0.034411155,1.3706245e-05,1.6738008e-07,2,,,,0.03144225,Test
1115,0,-3.475124,0.17494132,5.0471454,-2.9024873,0.16273345,0.9931281,-7.584696,-9.017591,0.0001926066,0.00741096,0.9679339,0.00034147908,0.0073210374,0.0167961,3.1615973e-06,7.544108e-07,2,,,,0.25529417,-3.2952008,0.47326198,5.137291,-3.157356,0.35507566,1.2257584,-8.092147,-9.543245,0.00051045965,0.015054824,0.9500022,0.00037278645,0.010595082,0.023459272,3.6526442e-06,1.7797436e-06,2,,,,0.009730967,Test
1116,0,13.552932,5.272551,-3.7926962,-1.8209925,-7.2607937,-10.685607,-8.342924,-24.857811,0.9997464,0.00025337652,2.9294021e-08,2.104163e-07,9.132804e-10,2.9732144e-11,3.0948588e-10,2.0812096e-17,0,,,,0.00339823,13.4002075,5.745916,-3.1932428,-1.9687,-7.030983,-9.744772,-8.736615,-23.491877,0.9963517,0.0036472224,4.3615964e-07,6.5720144e-07,8.882621e-09,2.9601306e-08,6.0579114e-10,6.4006696e-16,0,,,,0.0014895368,Test
1117,1,-2.0380905,0.9423164,5.334241,-3.528912,0.0079991985,-0.6552609,-8.904873,-10.77981,0.00061576907,0.012128086,0.9798978,0.0001386635,0.0047645676,0.002454557,6.4152306e-07,9.8386835e-08,2,,,,0.17230241,-1.1961089,1.1373887,4.865947,-3.2741084,0.15542248,-0.51881135,-8.583518,-10.301712,0.0036013455,0.030943196,0.9475541,0.00045573228,0.011460137,0.0059769605,7.915263e-06,6.695124e-07,2,,,,0.009406625,Test
1118,0,-2.7232819,-0.08407063,6.328751,-3.1098216,0.013928207,0.0017188825,-9.258659,-11.675958,0.00011651953,0.0016315237,0.99459547,7.916375e-05,0.0017995082,0.0017776708,1.6909095e-07,1.5076504e-08,2,,,,0.05813723,-2.5750136,-0.37051216,5.8997583,-2.8251634,-0.17760707,-0.23680428,-8.475294,-10.90358,0.0002991452,0.0025375807,0.9909536,0.00025954854,0.003148673,0.002799924,1.1315731e-06,3.830411e-07,2,,,,0.001523308,Test
1119,0,1.0084707,1.7114437,0.52653605,-2.6018822,-1.7261482,-2.073532,-4.043597,-6.6701775,0.26440877,0.5340392,0.16329552,0.007150221,0.017165083,0.012127717,0.0016911827,0.00012231542,1,,,,1.6636542,1.3775084,1.5570195,0.35435638,-2.6490183,-1.7477014,-2.1983922,-4.1125765,-7.063437,0.36956817,0.4369173,0.15428163,0.0074543273,0.018735582,0.011269252,0.0016206566,0.00015308382,1,,,,0.041885708,Test
1120,0,-2.945596,0.19418296,4.905593,-2.8423343,-0.31293342,0.8205842,-7.5950193,-9.342043,0.00037719766,0.008712795,0.96894,0.0004182297,0.0052471044,0.016300471,3.6086933e-06,6.289662e-07,2,,,,0.24933791,-2.9352505,0.4317936,4.832454,-2.7188907,-0.26324803,0.9246214,-7.3701334,-9.568272,0.000694636,0.015415755,0.95474875,0.00079680013,0.0076299817,0.020700201,1.229293e-05,1.5928566e-06,2,,,,0.005965333,Test
1121,0,-3.9463444,-1.5812988,2.629663,-2.332649,-0.39767572,1.93171,-4.6699657,-3.6485314,0.00088648807,0.009436243,0.6362043,0.0044513526,0.03082053,0.31657708,0.00042994026,0.0011940195,2,,,,1.2187665,-4.054412,-1.5321229,2.6852787,-2.4690778,-0.51189864,2.0943828,-4.7706766,-3.6178157,0.0011380899,0.00987835,0.611534,0.00417661,0.025732556,0.3453607,0.0005879049,0.0015917488,2,,,,0.025213799,Test
1122,0,9.829022,-1.4447534,-3.6311727,1.3065445,-4.9472866,-7.9026756,-2.4706304,-12.9949045,0.999782,1.2698914e-05,1.426319e-06,0.00019890245,3.8250388e-07,1.991256e-08,4.552331e-06,1.2234883e-10,0,,,,0.0030837648,10.003946,-1.0193279,-3.921627,0.93237007,-5.004912,-7.8536353,-2.8277953,-13.562014,0.9997487,4.5186018e-05,2.6388668e-06,0.00019746428,1.2061455e-06,2.6473873e-07,4.6072346e-06,2.3508373e-10,0,,,,6.738797e-05,Test
1123,0,-2.7702904,0.77383894,5.1772738,-3.2092066,-0.6781622,0.9736308,-8.501819,-11.669655,0.0003430179,0.011871693,0.9702866,0.00022115558,0.002779179,0.0144971,1.1121047e-06,4.6813632e-08,2,,,,0.23696367,-3.0482743,0.9093396,5.441028,-3.2150314,-0.095850706,1.3371977,-9.124214,-12.0363865,0.00038883623,0.020231172,0.9528564,0.00032739475,0.0048700194,0.021324994,1.0441961e-06,9.903424e-08,2,,,,0.009887208,Test
1124,0,-4.143279,-2.29273,1.0260296,-0.7331444,-1.9537227,0.8547075,-1.633553,-1.0868684,0.0024750975,0.015749818,0.43510547,0.07491952,0.022105714,0.3665982,0.030447561,0.05259866,2,,,,1.9473743,-4.050529,-2.2183046,0.98029864,-0.69194716,-1.8981491,0.8001046,-1.7397375,-0.92927015,0.0027091089,0.016867803,0.42018852,0.07717189,0.025575498,0.35495397,0.027851284,0.074681915,2,,,,0.039866287,Test
1125,0,-4.2851434,-0.72433156,7.01612,-2.9561424,-0.08462314,1.5740542,-9.380575,-12.387927,1.2287882e-05,0.0004324324,0.9943826,4.6414643e-05,0.0008198604,0.0043062023,7.525922e-08,3.7194863e-09,2,,,,0.056033712,-4.5380297,-0.82380706,6.9597197,-3.2520852,0.008601954,1.7261928,-9.877562,-12.869449,1.9781726e-05,0.0007042584,0.9894682,8.50263e-05,0.0013016189,0.0084210215,1.505652e-07,1.2464372e-08,2,,,,0.0025508585,Test
1126,0,7.0615387,1.7983422,-1.9838477,-1.5626987,-4.127606,-6.408279,-4.6192756,-12.995044,0.99453,0.005150397,0.0001172888,0.00017871431,1.3747836e-05,1.4052391e-06,8.4082285e-06,1.9371107e-09,0,,,,0.051166177,7.1671157,1.5835125,-1.8744453,-1.5348241,-3.9368482,-6.7088866,-4.7234964,-13.037924,0.9929563,0.0064789243,0.00021862786,0.00029395067,3.375741e-05,3.7979357e-06,1.4693491e-05,7.454631e-09,0,,,,0.0018432142,Test
1127,0,-3.8313317,-1.8242694,1.1151155,-1.3181773,-1.317176,2.0810175,-2.555249,-2.2675836,0.0018124203,0.013486992,0.25496098,0.022372168,0.02239458,0.6698223,0.0064931368,0.008657371,5,,,,1.3421336,-3.7387862,-1.8391294,1.145302,-1.198665,-1.2750592,2.0042953,-2.3227744,-2.1024494,0.0026628515,0.014461991,0.28176436,0.02710951,0.02586942,0.62755316,0.0092520565,0.011326687,5,,,,0.03083693,Test
1128,0,-3.936504,-1.3658171,2.7370942,-2.1207345,-0.7981185,2.225625,-4.5491524,-4.4996614,0.0007633162,0.009980212,0.60396445,0.004691192,0.01760711,0.36214554,0.0004136517,0.00043463876,2,,,,1.1926781,-4.068511,-1.5581433,2.7721395,-1.9894959,-0.7845027,2.134709,-4.3499193,-4.6427264,0.0009315109,0.009458727,0.6243845,0.005971499,0.01971591,0.3382527,0.0007517993,0.00053330226,2,,,,0.025755122,Test
1129,0,-1.8040234,1.533596,5.500975,-3.687264,-1.5679958,0.54970884,-10.217355,-15.342515,0.0006541023,0.018414304,0.97311944,9.94866e-05,0.0008282304,0.00688428,1.4513829e-07,8.628856e-10,2,,,,0.21054727,-1.2752743,2.1537862,5.6090293,-4.074593,-1.9275497,-0.012849838,-10.074949,-15.874315,0.0021733851,0.087065235,0.9054348,0.00011376662,0.0008843934,0.0043279985,4.4016133e-07,2.149249e-09,2,,,,0.03394333,Test
1130,0,11.505161,-4.9197364,-3.498621,4.3771996,-6.4240794,-8.681736,-3.02935,-14.459691,0.9991974,7.352054e-08,3.0450292e-07,0.00080170925,1.6333557e-08,1.7084143e-09,4.8684774e-07,5.287613e-12,0,,,,0.009421709,12.385774,-5.1803427,-3.3796802,5.0106993,-6.9283743,-9.416783,-2.7328198,-15.656382,0.99877226,1.1011273e-07,4.4454046e-07,0.0012263083,3.208199e-08,3.3181717e-09,9.3445306e-07,5.022597e-11,0,,,,0.00030984226,Test
1131,0,-1.1560228,-0.95320135,1.3157533,-1.955775,-0.75577146,-1.4455322,-2.709782,-2.593718,0.058114152,0.07118133,0.6882728,0.026118843,0.08671791,0.043506037,0.012288331,0.013800623,2,,,,1.6841475,-1.152642,-0.8370493,1.126613,-1.9744982,-0.82260275,-1.2570908,-2.8318691,-2.703071,0.069786355,0.10030703,0.62209326,0.02883361,0.090401046,0.061450373,0.01244132,0.014687039,2,,,,0.03337454,Test
1132,0,-1.3384598,1.7069474,5.893339,-4.1442175,-1.1533033,2.9128045e-05,-11.383601,-15.770475,0.0007093186,0.014908876,0.9807804,4.2886077e-05,0.00085359905,0.0027048285,3.078168e-08,3.8290998e-10,2,,,,0.15774015,-1.129452,2.075704,5.7259817,-4.445977,-0.8316911,-0.31906003,-11.039747,-15.194548,0.0035165604,0.05196523,0.93932855,8.727594e-05,0.0017524743,0.0033494742,2.837278e-07,3.6322423e-09,2,,,,0.017977862,Test
1133,0,-2.7025292,0.33436185,5.001471,-2.9515512,-0.43287304,0.4780044,-7.681968,-10.034795,0.00043983824,0.009166387,0.9752094,0.0003428817,0.004255907,0.010582331,3.0251729e-06,2.8769372e-07,2,,,,0.20924665,-2.1559832,0.25199905,4.7239227,-2.459652,-0.41158542,0.62434447,-6.958818,-8.818868,0.0031818605,0.023747567,0.9355766,0.0016459009,0.007911766,0.027914062,2.0241434e-05,1.9070418e-06,2,,,,0.020967983,Test
1134,0,7.214154,-3.1638994,-1.8719528,2.188487,-4.142103,-6.1375256,-2.6861255,-9.703743,0.9932706,3.089841e-05,0.00011246613,0.006523013,1.1617376e-05,1.5794545e-06,4.982313e-05,4.4639425e-08,0,,,,0.059906814,7.7512693,-3.5291514,-2.197743,2.3404138,-4.18029,-6.5589156,-2.6599994,-10.807737,0.993034,1.690839e-05,8.133284e-05,0.0068141036,1.3365228e-05,2.0926896e-06,3.8281287e-05,1.848846e-08,0,,,,0.0018502347,Test
1135,0,-2.5372255,-0.3396067,0.19918661,-1.2205688,-2.1158905,0.9711215,-2.013425,-3.866129,0.015143206,0.1363426,0.23368269,0.056498203,0.023078166,0.50567746,0.025568275,0.004009429,5,,,,1.9979209,-2.6583633,-0.4810018,0.32564494,-1.1375165,-2.0971613,1.0502278,-1.8309917,-4.025076,0.012722577,0.11591448,0.25244564,0.056839913,0.022780724,0.50605065,0.029505437,0.0037406008,5,,,,0.044553436,Test
1136,0,-3.89297,-1.9928622,0.61785537,-0.88831466,-2.0367415,2.370227,-1.904509,-2.7285655,0.0015136267,0.010121035,0.1377353,0.030543858,0.009686536,0.79449403,0.011055959,0.004849681,5,,,,1.0665238,-3.987362,-1.8199627,0.6154876,-1.0464685,-2.180098,2.4991791,-1.8289583,-2.6582599,0.001581537,0.012732195,0.12738816,0.026518798,0.009031301,0.79919493,0.015022358,0.008530693,5,,,,0.023017678,Test
1137,0,-1.7338659,0.99714535,3.9808602,-3.1894028,-0.6894115,0.78193146,-7.9297733,-10.646152,0.002984155,0.045802,0.9050975,0.00069612876,0.008480512,0.03693331,6.080974e-06,4.0203574e-07,2,,,,0.6005211,-1.5806414,1.3047303,3.8287024,-3.241036,-0.38556927,0.63877213,-7.8426514,-10.838774,0.00821765,0.10405388,0.82052326,0.0012985272,0.014224494,0.051657088,2.4319956e-05,8.399379e-07,2,,,,0.031953603,Test
1138,0,-4.4442015,-2.62615,1.8922386,-1.1432836,-1.5182744,0.6278762,-2.3651323,-0.7183606,0.0012095707,0.0074507664,0.683144,0.03282477,0.022560323,0.19293305,0.009672963,0.050204583,2,,,,1.4645444,-4.7112436,-2.6583557,1.9426863,-1.4266367,-1.4444398,0.73760444,-2.6930094,-0.71718436,0.00090610347,0.007198351,0.65671664,0.025489304,0.023240102,0.22386995,0.007818604,0.054761004,2,,,,0.03892691,Test
1139,0,-2.6084867,0.587095,6.049492,-3.428337,-0.22538878,0.055125553,-9.650754,-11.702117,0.00017220783,0.004206068,0.99120843,7.585709e-05,0.0018664607,0.0024708414,1.5053409e-07,1.9352576e-08,2,,,,0.08734254,-3.3096173,0.21590936,6.406418,-3.1753793,-0.23668365,0.18865053,-9.7969885,-12.054419,0.00023635747,0.004478927,0.9905057,0.00014945683,0.0019769252,0.0026521827,3.8456045e-07,8.581172e-08,2,,,,0.0020195132,Test
1140,0,5.8707366,3.8244202,-2.286973,-2.5196605,-3.8686638,-4.4428062,-4.870479,-13.052899,0.8850832,0.1143616,0.00025359227,0.00020094673,5.2145406e-05,2.9367648e-05,1.9148438e-05,5.3524625e-09,0,,,,0.520618,5.807365,4.0116057,-2.3801103,-2.4991813,-4.064756,-4.667105,-4.7418776,-12.918208,0.80633134,0.19216819,0.00062659814,0.0005647368,0.00012230536,0.00010358209,8.292283e-05,3.2010655e-07,0,,,,0.042374417,Test
1141,1,-1.6842241,0.7746628,2.3661375,-2.7641878,-1.2467942,0.9076568,-5.5179377,-7.153368,0.011712476,0.1369398,0.6725095,0.003977649,0.018139366,0.15641856,0.00025333086,4.9366205e-05,2,,,,1.411906,-1.5260868,0.75495255,2.4011905,-2.63677,-1.0568783,0.6269511,-5.4246492,-7.028549,0.019631876,0.15032402,0.68070745,0.005404499,0.02441348,0.1190784,0.0003513453,8.89082e-05,2,,,,0.033940352,Test
1142,0,-4.149041,-0.36391738,6.7007017,-3.3595572,-0.20397745,1.5347767,-9.802086,-11.964615,1.9262663e-05,0.0008483493,0.9924298,4.242139e-05,0.0009954872,0.0056645717,6.7550694e-08,7.770615e-09,2,,,,0.07266215,-4.255362,-0.30675298,6.7459054,-3.4674149,0.17584072,1.0733494,-10.218328,-11.520686,7.1898045e-05,0.0014079001,0.9916707,7.391527e-05,0.0022181538,0.004557114,1.4306548e-07,2.9911384e-08,2,,,,0.0015887968,Test
1143,1,-0.5926958,1.8648603,3.9066155,-3.4583535,-1.4465015,-0.026926938,-8.773997,-13.098007,0.009535139,0.1113346,0.8577351,0.0005429848,0.004059981,0.016789485,2.6682906e-06,3.5345902e-08,2,,,,0.74369305,-0.35033584,2.017814,4.192529,-3.4874463,-0.9611476,-0.41933584,-8.503782,-12.172332,0.01654875,0.1736196,0.7915946,0.00065067376,0.0063295076,0.01124125,1.538602e-05,3.2965391e-07,2,,,,0.052630052,Test
1144,0,-1.6365681,1.3879496,4.6230226,-3.4298134,-1.2775618,0.5616889,-8.936007,-13.148922,0.0018011619,0.037075244,0.9420163,0.0002997481,0.0025790944,0.0162272,1.2174387e-06,1.8021925e-08,2,,,,0.39602157,-1.585326,1.5740962,4.620215,-3.3531692,-0.7086855,0.7776881,-8.653731,-12.900546,0.0038822298,0.055479564,0.8946088,0.00048364367,0.009123345,0.03641565,6.784707e-06,1.6654695e-07,2,,,,0.0233585,Test
1145,0,-0.92846006,1.6803598,2.9911718,-3.056132,-0.72467834,-0.3200317,-6.7001133,-9.329243,0.014673312,0.19930778,0.7392693,0.0017478005,0.01798993,0.026962819,4.570156e-05,3.2969672e-06,2,,,,1.1369046,-0.76737225,2.0416176,3.0173647,-2.864966,-0.66706264,-0.38965768,-6.691575,-9.179397,0.01660218,0.29193145,0.6441783,0.0022471012,0.017562462,0.0274243,4.7635596e-05,6.6780185e-06,2,,,,0.05754738,Test
1146,0,4.317051,4.2381086,0.49690127,-3.6171572,-3.1827114,-3.937233,-8.142822,-15.364341,0.5135597,0.47457704,0.01125955,0.00018399593,0.0002841093,0.00013359831,1.9922177e-06,1.455696e-09,0,,,,1.0843073,4.005423,4.2377357,0.23475811,-3.394958,-3.9399333,-3.7749703,-8.065867,-14.950876,0.4456051,0.53954875,0.014073759,0.00034528843,0.00018447598,0.00023723117,5.3743415e-06,6.3393166e-09,1,,,,0.060124107,Test
1147,0,-3.3765187,-1.3791186,0.8489061,-1.6661587,-1.6602633,2.7068954,-2.6369631,-3.8862474,0.0018900465,0.0139294,0.12928589,0.010453758,0.010515566,0.82883036,0.0039596544,0.0011352728,5,,,,0.88963515,-3.1991618,-1.0756905,0.68134475,-1.6394138,-1.7043318,2.6426158,-2.5387664,-3.838635,0.0028216445,0.021392152,0.117806576,0.0130512845,0.011662483,0.8256715,0.005952578,0.0016417776,5,,,,0.009275984,Test
1148,0,0.25889072,2.0832498,3.1947737,-3.123121,-1.6836562,-1.7426897,-7.6417646,-12.027007,0.037951,0.23525149,0.7149259,0.0012895379,0.0054398365,0.0051279995,1.4060872e-05,1.7519659e-07,2,,,,1.1089176,-0.094914205,2.0010362,3.3524551,-3.3372517,-1.7118422,-1.6241211,-7.6750464,-11.666148,0.0418653,0.24982724,0.6949164,0.0013434851,0.004643331,0.0073840274,1.9744626e-05,4.6085466e-07,2,,,,0.05089627,Test
1149,1,0.98167694,2.4126315,1.8258649,-3.1384711,-1.7348652,-2.3973205,-6.1334615,-9.074105,0.13112931,0.54847324,0.30501834,0.0021298167,0.0086680325,0.0044690985,0.00010656987,5.6302706e-06,1,,,,1.4967623,1.4668276,2.5329125,1.3734639,-2.937977,-1.8876263,-2.7184517,-5.957756,-9.664385,0.20651872,0.58363104,0.1952519,0.002690052,0.008487279,0.0032624688,0.00014750326,1.0995976e-05,1,,,,0.030958904,Test
1150,0,-2.2265158,0.8035925,3.3554673,-2.7060921,-1.4251589,1.4264585,-6.888027,-9.994582,0.0030418802,0.06296532,0.80791664,0.0018830621,0.00677902,0.117383935,2.8752367e-05,1.2868073e-06,2,,,,0.95437783,-2.510716,0.57638174,3.2083392,-2.9041603,-1.4472466,1.143151,-6.939335,-9.152385,0.0040619085,0.06914576,0.794958,0.0023543553,0.009113045,0.1202836,6.8056164e-05,1.5211813e-05,2,,,,0.028110577,Test
1151,1,-3.8646884,-1.0761479,3.3051302,-2.5525246,-0.31001765,2.9721427,-5.9547954,-6.699935,0.00043720202,0.007107716,0.56819177,0.0016238573,0.015291714,0.407268,5.4070482e-05,2.5665542e-05,2,,,,1.1552211,-3.941646,-0.8624197,3.232698,-2.6435895,-0.28379995,2.9865339,-6.31882,-7.0065827,0.0007820014,0.010890381,0.53943145,0.002345298,0.018639868,0.4277516,0.00010854704,5.0832867e-05,2,,,,0.034855086,Test
1152,0,2.3533647,2.386812,1.0384709,-2.9042284,-2.281794,-3.4994488,-5.5164227,-9.7450905,0.43090674,0.44556314,0.11569968,0.0022440865,0.004181764,0.0012374811,0.0001646562,2.3993348e-06,1,,,,1.4698793,2.5895133,2.7592716,1.1991488,-2.757903,-2.2181134,-3.4856422,-5.5892043,-10.549512,0.41103777,0.4641692,0.11611462,0.0024769257,0.004600649,0.0014031979,0.00019309089,4.544204e-06,1,,,,0.05636665,Test
1153,0,8.731235,-1.4469321,-3.2848995,1.1411324,-4.5024095,-6.655734,-2.148481,-11.718036,0.99943,3.7969152e-05,6.0424295e-06,0.00050514133,1.7883544e-06,2.0762364e-07,1.8825745e-05,1.3144594e-09,0,,,,0.0073504536,9.054427,-1.5710723,-3.8124957,1.119021,-4.676952,-7.049524,-1.81764,-12.074353,0.999389,7.522155e-05,4.286876e-06,0.0004936732,2.5761753e-06,7.275009e-07,3.4633853e-05,2.8915796e-09,0,,,,0.00013495678,Test
1154,0,0.6099249,0.4665007,1.1278613,-2.5803862,-0.6424411,-1.9087462,-4.269905,-5.160116,0.25232023,0.21860681,0.42353463,0.010385265,0.072120115,0.02032858,0.0019172064,0.0007871457,2,,,,1.9874529,0.57006437,0.66434366,1.2492018,-2.7270482,-0.6500811,-1.8410676,-4.504367,-5.3118353,0.22717318,0.2433097,0.43369085,0.008070856,0.06468062,0.020603862,0.0017182069,0.00075271016,2,,,,0.044329394,Test
1155,0,-2.9589467,-1.4639558,1.1944771,-1.3161184,-1.4036659,-0.27602375,-1.8850147,-0.82486176,0.009521905,0.042460993,0.6060841,0.049226075,0.0450997,0.1392844,0.02786934,0.08045354,2,,,,1.9433551,-2.8694096,-1.5861408,1.3697381,-1.4431814,-1.221784,-0.3392948,-2.0436,-0.8717173,0.011102416,0.034312837,0.6399838,0.040277697,0.05051425,0.12608142,0.022571852,0.07515578,2,,,,0.030446386,Test
1156,0,-3.4384694,-1.6016973,1.5617377,-1.8048966,-0.96982133,2.007955,-3.3473802,-2.7194312,0.0024526396,0.015393368,0.36407936,0.012562769,0.028957022,0.56883436,0.0026865397,0.005033939,5,,,,1.3963262,-3.4230187,-1.7066174,1.547529,-1.6931221,-0.93682146,1.9148464,-3.1035104,-2.8179953,0.0035932672,0.017085673,0.3752367,0.01661595,0.035914443,0.54012144,0.004807562,0.006625013,5,,,,0.031669836,Test
1157,0,-3.3746223,-2.546773,3.4918005,-2.5064642,0.7626821,-2.5100844,-3.955089,2.052567,0.0007947503,0.0018187001,0.76257074,0.0018935067,0.04977819,0.0018866643,0.0004447715,0.1808127,2,,,,1.0237006,-3.460708,-2.395041,3.480372,-2.450583,0.7000908,-2.4130101,-4.025746,2.1485734,0.0011190024,0.002678645,0.73103946,0.0027255316,0.04695904,0.0025315413,0.0007251339,0.2122217,2,,,,0.024624284,Test
1158,0,7.3171124,-1.518714,-2.3721864,0.5557287,-3.6409488,-6.9628267,-2.257927,-9.520974,0.99854964,0.00014521745,6.1852996e-05,0.001155947,1.7391785e-05,6.2758227e-07,6.933988e-05,4.860505e-08,0,,,,0.017332444,7.328536,-1.5360148,-2.3909938,0.4508399,-3.320807,-6.9112654,-2.2584884,-9.347069,0.9980367,0.00019380599,0.00012613124,0.0014640883,4.7832367e-05,4.293729e-06,0.00012711146,1.4527538e-07,0,,,,0.00048036632,Test
1159,0,-4.4170036,-0.6576453,6.1095076,-2.8709414,0.41136825,1.5249066,-8.3926735,-9.574205,2.6423257e-05,0.0011341095,0.9853535,0.00012400316,0.0033030994,0.010058314,4.95878e-07,1.5213953e-07,2,,,,0.12806198,-4.1155276,-0.842375,5.8450465,-2.564814,0.53707445,1.3989422,-8.257738,-9.239323,0.00011997747,0.0021955902,0.97074115,0.00044146675,0.007826812,0.018671526,2.3307828e-06,1.0652111e-06,2,,,,0.0072925915,Test
1160,1,9.5196295,-2.5367212,-2.4648273,2.0583105,-5.4344044,-8.050492,-4.272616,-13.69399,0.99941194,5.804141e-06,6.236788e-06,0.0005745593,3.201033e-07,2.3395783e-08,1.0229355e-06,8.2831936e-11,0,,,,0.007269904,9.161867,-2.0674653,-2.651085,2.0570738,-5.2270193,-7.820488,-4.070553,-12.535543,0.9987534,2.8711162e-05,2.0204754e-05,0.0011905417,3.2124135e-06,1.2140187e-07,3.7643754e-06,6.6390897e-09,0,,,,0.00024218076,Test
1161,0,9.299328,-2.2191021,-2.7666407,1.6879641,-5.07485,-7.4018154,-3.3451607,-12.900137,0.99948585,9.939995e-06,5.7490106e-06,0.0004945421,5.716767e-07,5.5790764e-08,3.2236296e-06,2.283871e-10,0,,,,0.0065096403,8.003864,-1.9043777,-2.5398421,1.3574407,-4.612122,-7.192569,-3.214391,-11.954867,0.99806845,9.28034e-05,4.5201923e-05,0.0017645018,6.1797264e-06,1.4613231e-06,2.1498297e-05,7.507933e-09,0,,,,0.0003476004,Test
1162,0,-1.6197581,0.9655532,2.946943,-2.5446384,-1.2383183,0.7345211,-5.978675,-8.693987,0.008136784,0.1079541,0.78297114,0.0032268756,0.011915435,0.08568467,0.00010408761,6.888966e-06,2,,,,1.0876285,-1.5720457,1.1195303,2.992417,-2.5795915,-1.334544,1.0055909,-6.1431265,-8.703394,0.009124018,0.132707,0.7347828,0.0036933683,0.010820148,0.108731166,0.0001267043,1.48458175e-05,2,,,,0.023854038,Test
1163,0,-3.9995208,-1.9647341,1.4570687,-1.3160218,-1.3991663,1.2764661,-2.32282,-1.5457817,0.0020677585,0.015819637,0.48446968,0.030264169,0.027849635,0.40441936,0.011058134,0.024051666,2,,,,1.6456053,-3.9318986,-1.8795894,1.4448345,-1.2749552,-1.4016922,1.1909876,-2.3000388,-1.412024,0.0027017884,0.017802648,0.484778,0.03386237,0.0318207,0.38615447,0.01241543,0.030464524,2,,,,0.031050667,Test
1164,0,-1.8312609,1.1305375,3.4649243,-2.9583995,-1.0842329,0.8399823,-7.270177,-10.18837,0.004222902,0.081640154,0.8427818,0.0013680473,0.008913357,0.061054446,1.8345085e-05,9.912086e-07,2,,,,0.8566762,-2.039596,1.2753694,3.3396525,-2.836986,-1.0456316,0.7500289,-6.837945,-9.093118,0.0056030187,0.12930141,0.77543867,0.0021907545,0.011784665,0.0756136,5.694154e-05,1.0963906e-05,2,,,,0.039965343,Test
1165,0,-4.193907,-2.299944,3.120735,-1.6895578,-0.28057,0.36783653,-3.844828,-1.1791244,0.00059184426,0.0039331913,0.8890293,0.007241566,0.029631123,0.056669254,0.00083909393,0.012064547,2,,,,0.71069837,-4.2941484,-2.0975535,2.936044,-1.7465334,-0.35509974,0.33688945,-4.0427904,-0.61746794,0.00081446284,0.006328302,0.8490381,0.009256116,0.03324402,0.07353668,0.0009979085,0.026784327,2,,,,0.01637602,Test
1166,0,4.59775,2.2697532,-0.91226,-2.4396203,-2.9601407,-4.310337,-4.8593335,-10.984013,0.9064943,0.08837488,0.0036677355,0.0007962947,0.00047316737,0.00012264,7.082814e-05,1.5498573e-07,0,,,,0.48339078,4.769536,2.546187,-0.96335536,-2.1822371,-3.1178944,-4.220739,-4.6871586,-11.157377,0.86690104,0.12324023,0.0070175556,0.0014626067,0.0010079185,0.00018581099,0.00018380719,9.2885523e-07,0,,,,0.02861332,Test
1167,0,-3.3233914,-1.3052192,3.1214032,-2.876126,0.40983403,0.29245764,-5.208426,-2.5138404,0.0013871525,0.010437712,0.87309796,0.0021695476,0.05800205,0.051578354,0.00021060278,0.003116792,2,,,,0.75939196,-3.43788,-1.3066977,3.2958038,-3.036005,0.39400655,0.33573595,-5.453913,-2.5577798,0.0012038877,0.011360919,0.8822855,0.0018268821,0.051636696,0.048582807,0.00019747885,0.002905808,2,,,,0.010978269,Test
1168,0,16.545717,-4.168772,-5.9241524,4.290137,-8.350546,-12.63677,-3.1878686,-20.671558,0.99999523,1.0088107e-09,1.7436429e-10,4.7584635e-06,1.5405942e-11,2.1193595e-13,2.6903617e-09,6.866567e-17,0,,,,9.1126974e-05,15.9787655,-4.912219,-6.2302146,3.8314838,-7.8848886,-12.145531,-3.3612561,-20.017109,0.9999873,9.368622e-08,6.457678e-10,1.2691655e-05,2.4190416e-10,1.8488697e-11,2.0385153e-08,3.3564182e-15,0,,,,3.2372645e-06,Test
1169,0,-0.2045807,-0.07260571,1.1105758,-2.145694,-0.87096846,-1.9151187,-3.0168276,-2.8675685,0.14632514,0.16696864,0.54511,0.0210041,0.07514679,0.02645098,0.008789732,0.0102046495,2,,,,1.9778932,-0.40347704,-0.011754076,1.2114614,-2.2071357,-0.9040106,-1.7495,-3.0661607,-2.749973,0.12229321,0.17086062,0.5665228,0.019324077,0.06876315,0.03120848,0.008324856,0.012702766,2,,,,0.028118387,Test
1170,0,-3.2040029,0.16471931,5.520152,-3.2986357,-0.3080806,1.1849338,-8.864615,-10.872511,0.00015925366,0.0046249493,0.9793591,0.00014487424,0.002882522,0.012828637,5.5426415e-07,7.442165e-08,2,,,,0.17415729,-3.3209007,0.5465198,5.940037,-3.5226395,-0.067341395,1.3450003,-9.264888,-11.2583475,0.00036080205,0.008684867,0.96898425,0.00016501761,0.0038589265,0.017944435,1.3253682e-06,3.5632473e-07,2,,,,0.009892466,Test
1171,0,-2.491681,0.7022318,4.8160005,-3.2918296,-0.5548557,0.67569935,-8.245457,-10.451473,0.00064589764,0.015749343,0.96349496,0.00029017738,0.0044803936,0.015336966,2.0480043e-06,2.2556415e-07,2,,,,0.2836963,-2.3679442,0.898563,4.5798087,-3.2102427,-0.4760123,0.8084818,-7.9471235,-9.526728,0.0019586782,0.033119354,0.92926013,0.00090373465,0.009578673,0.025150735,2.0770596e-05,7.875199e-06,2,,,,0.011316689,Test
1172,0,0.14435112,1.8372431,2.564479,-3.3560765,-1.0383295,-1.5080532,-7.1215696,-9.453858,0.054910455,0.29844794,0.6175942,0.0016574429,0.016827645,0.0105202235,3.8380073e-05,3.7256807e-06,2,,,,1.3641495,-0.26447067,1.862207,2.6364932,-3.3517659,-0.7262353,-1.30714,-6.865512,-8.20378,0.037337393,0.32522377,0.59947693,0.0016668268,0.021816136,0.014400859,6.391447e-05,1.4207139e-05,2,,,,0.05336201,Test
1173,0,4.336925,1.5673754,-1.5150478,-1.7873595,-2.6296504,-3.7994485,-3.2205868,-8.796182,0.93500483,0.058615673,0.0026874132,0.002046778,0.00088159373,0.00027367286,0.0004882342,1.8500281e-06,0,,,,0.3893645,4.355698,1.7046353,-1.555306,-1.497009,-2.9888616,-3.8759453,-2.7579622,-8.672547,0.9162429,0.07404506,0.0037748492,0.003617964,0.0009062415,0.00035512957,0.0010525626,5.3420895e-06,0,,,,0.012051662,Test
1174,0,-3.8689914,-2.4437876,2.10924,-1.6927768,-0.5367593,0.55157596,-3.106272,-0.12637688,0.0017723908,0.0073708505,0.6996364,0.015619874,0.049628302,0.14736266,0.0038001803,0.074809425,2,,,,1.4551891,-3.7821865,-2.4738133,2.1511824,-1.5945945,-0.7574504,0.75393975,-2.9542146,-0.46284208,0.002444088,0.0076045333,0.67856103,0.018150171,0.038060974,0.1877155,0.0056033367,0.06186031,2,,,,0.03696474,Test
1175,0,8.235667,1.8329314,-2.8213491,-1.2056586,-4.7519507,-7.228845,-4.1158624,-14.105486,0.99824405,0.0016541083,1.5748368e-05,7.9235695e-05,2.2844736e-06,1.9190423e-07,4.3155424e-06,1.979692e-10,0,,,,0.019269245,8.709543,2.393273,-3.135028,-1.4725096,-5.2198167,-7.9244423,-4.563405,-14.727316,0.9953424,0.004586269,1.1607787e-05,5.494512e-05,1.3946516e-06,1.9095128e-07,3.2678952e-06,3.9280343e-10,0,,,,0.0021348263,Test
1176,0,-0.3109706,0.6858248,1.3087051,-2.4157095,-1.3036233,-0.31520447,-4.5495405,-6.262458,0.09740598,0.26392972,0.49204156,0.011871595,0.036097895,0.09699444,0.0014053935,0.00025344716,2,,,,1.9296498,-0.20343599,0.8514501,1.2642405,-2.3761585,-1.4188557,-0.54584247,-4.4604354,-6.2156,0.10270895,0.3169434,0.45787343,0.012802633,0.031620573,0.0758472,0.0018834947,0.00032028434,2,,,,0.040435854,Test
1177,0,-2.8117537,0.38496473,3.9220011,-3.6995928,-1.1975265,2.3571627,-8.873071,-11.553466,0.0009551907,0.02335648,0.80264366,0.0003931032,0.0047988826,0.16785029,2.2268644e-06,1.5262054e-07,2,,,,0.8643802,-3.2448373,-0.3607156,4.3846655,-3.816379,-1.3548536,2.6008554,-9.539296,-12.095698,0.0009523958,0.010151881,0.8048153,0.00027912308,0.0029307727,0.18086892,1.500751e-06,8.1721474e-08,2,,,,0.0383217,Test
1178,1,-4.010675,-1.4696555,3.3334181,-2.8670526,0.050126955,2.610305,-6.2443247,-5.4294524,0.00042142294,0.005348955,0.65195465,0.0013224737,0.024451312,0.31635404,4.514988e-05,0.00010198844,2,,,,1.118281,-3.6173425,-1.3690903,3.0904338,-2.706655,-0.12549315,2.5292935,-5.6966686,-5.7726893,0.0009894399,0.007668411,0.6057838,0.0020134926,0.02743059,0.35584792,0.00011989288,0.00014643722,2,,,,0.027978132,Test
1179,0,-3.868201,-0.065303825,6.092738,-3.0731306,-0.08585079,1.6214708,-8.870963,-11.358249,4.6475234e-05,0.0020835262,0.98447025,0.000102923936,0.002041153,0.01125527,3.12284e-07,2.596183e-08,2,,,,0.13392569,-3.7009323,-0.14366202,6.231082,-2.9643755,-0.32653657,1.1916054,-8.816858,-11.34063,0.00023554335,0.00236502,0.98772275,0.00028761604,0.00158893,0.0077981455,1.7305096e-06,1.3236415e-07,2,,,,0.0020162626,Test
1180,0,-0.53244126,0.5804519,2.4589207,-2.7404857,-0.76005995,-0.7599566,-5.788523,-7.5454297,0.038963705,0.118572436,0.77587605,0.0042827106,0.031031784,0.031034995,0.000203223,3.50718e-05,2,,,,1.1788763,-0.59092677,0.5497357,2.1822495,-2.6945097,-1.1490698,-0.98033255,-5.317476,-7.799249,0.07520756,0.16648862,0.6868658,0.0071214056,0.026225785,0.037368767,0.0006144363,0.0001076146,2,,,,0.05463675,Test
1181,0,3.326649,0.88748944,-0.16045219,-2.181579,-1.7185515,-3.454755,-4.627486,-8.4602,0.8851041,0.07721131,0.027074821,0.0035875766,0.0057002213,0.0010043106,0.0003108547,6.730245e-06,0,,,,0.6675001,3.4167323,0.61251557,-0.21195877,-2.3688893,-1.6904852,-3.258807,-4.561446,-8.733113,0.9021409,0.059663735,0.026731174,0.0032313243,0.006577072,0.0012604699,0.00038188175,1.3436418e-05,0,,,,0.007961012,Test
1182,1,-2.7178142,0.36566788,4.1157174,-2.9017022,-0.6103847,1.0159048,-7.103345,-9.055857,0.000997799,0.021786235,0.9264202,0.0008301973,0.008208958,0.041742317,1.242885e-05,1.7638688e-06,2,,,,0.48925173,-2.9098186,0.63419026,4.2757587,-3.1004255,-0.459019,0.9361701,-7.351358,-9.196272,0.0009541173,0.026934225,0.91972035,0.0007597775,0.013416171,0.038196523,1.6164497e-05,2.7533551e-06,2,,,,0.0117989415,Test
1183,0,-2.05577,1.291153,4.8372083,-3.337627,-0.96556836,0.51431304,-8.773454,-11.960952,0.00096986885,0.02755898,0.9556424,0.00026915944,0.0028852369,0.01267319,1.1728969e-06,4.8411327e-08,2,,,,0.32248116,-1.698744,1.5517776,5.1862307,-3.3741257,-0.6897951,0.5408843,-9.156673,-12.943781,0.0058550714,0.0353572,0.9415716,0.00042425847,0.0036330235,0.013154147,4.7104922e-06,2.753617e-08,2,,,,0.013606892,Test
1184,0,15.842226,-3.7472627,-5.67373,5.2606387,-8.858401,-11.23646,-3.6557403,-20.951263,0.9999746,3.1072915e-09,4.5261364e-10,2.5378398e-05,1.8734549e-11,1.7372614e-12,3.405098e-09,1.0490117e-16,0,,,,0.00042425786,15.506253,-3.8068664,-5.0541077,5.0021873,-8.538145,-11.163665,-3.426894,-20.70379,0.99994576,8.8006065e-09,2.9008453e-09,5.4264827e-05,3.0330166e-10,1.8626649e-11,1.6812123e-08,1.3956859e-15,0,,,,1.9209663e-05,Test
1185,0,-2.8916037,-1.079366,1.2140924,-1.7816216,-1.3086491,1.2416477,-2.737274,-2.9354687,0.0071317987,0.0436761,0.4327929,0.021640046,0.034727015,0.4448845,0.00832192,0.0068257237,5,,,,1.685542,-2.809985,-0.95730436,1.2877599,-1.7491977,-1.1482201,1.2442442,-2.7787573,-2.80436,0.008290492,0.050010256,0.43820086,0.023479654,0.039297234,0.42520046,0.008221363,0.0072996616,2,,,,0.037235092,Test
1186,0,-2.487052,-1.5309899,2.9109116,-2.2477927,0.48432767,-1.8170344,-3.7473347,0.02809088,0.0038468523,0.010007327,0.84998506,0.004886687,0.075086065,0.0075177955,0.0010908669,0.04757932,2,,,,0.88745147,-2.4582675,-1.4740711,2.9731233,-2.1165812,0.45650345,-1.7604568,-3.595735,0.0061734393,0.0043583354,0.011035068,0.851859,0.0059244526,0.070002675,0.008214327,0.001639141,0.046966936,2,,,,0.009961819,Test
1187,0,-1.3155272,0.9153261,2.7621198,-3.0556273,-0.95197564,0.36822394,-6.309611,-8.054753,0.013102399,0.12195462,0.7731264,0.0022995085,0.018846877,0.07056587,8.880716e-05,1.5507507e-05,2,,,,1.1386362,-1.0403712,1.0963537,2.475654,-3.1336257,-1.1043476,0.26371044,-6.1445184,-7.2052584,0.02409395,0.19560769,0.6729802,0.0029752138,0.021204295,0.08291592,0.00016217897,6.056839e-05,2,,,,0.045247197,Test
1188,0,4.99593,0.7658524,-1.5943787,-1.4577333,-2.7190707,-5.3431473,-2.911137,-8.040144,0.98198223,0.014289078,0.0013488658,0.0015463694,0.00043804751,3.1761392e-05,0.00036149967,2.140961e-06,0,,,,0.15016927,5.080852,0.7314018,-1.6184723,-1.6319637,-2.4954765,-5.6992707,-3.2073193,-7.8523264,0.97861606,0.016695116,0.0018242195,0.0015293149,0.0009651204,4.355892e-05,0.00032254387,4.1513713e-06,0,,,,0.0037580587,Test
1189,0,4.3423877,2.7962162,-0.9802187,-2.8450487,-2.7547169,-3.7764552,-5.0441804,-11.306221,0.8197342,0.17465432,0.004000317,0.0006197395,0.000678328,0.00024417674,6.872874e-05,1.3108966e-07,0,,,,0.7242485,4.491594,2.5833528,-1.254119,-2.551252,-3.041561,-3.7534435,-5.091005,-10.978935,0.82714784,0.16753788,0.0034285448,0.0007958998,0.0007342253,0.00028188643,7.321128e-05,4.857398e-07,0,,,,0.038638126,Test
1190,0,0.8606563,1.9548043,2.5130641,-3.118401,-1.0112908,-2.9548686,-6.651226,-9.1165,0.10636808,0.31768286,0.5551917,0.0019894307,0.01636195,0.0023428795,5.8135607e-05,4.940687e-06,2,,,,1.4770665,1.1655031,2.0740883,2.5195675,-3.2256005,-0.9420473,-3.2231884,-6.1031,-8.867678,0.14573132,0.3297257,0.504301,0.0019341318,0.01630794,0.001821574,0.0001639185,1.4400893e-05,2,,,,0.042597648,Test
1191,0,1.460414,2.3293874,1.8807015,-3.3034205,-1.4989296,-2.246484,-6.980612,-11.269836,0.20031978,0.4776548,0.30496666,0.0017092943,0.010387168,0.0049185655,4.323473e-05,5.929884e-07,1,,,,1.6188259,2.260587,2.8554237,1.765003,-3.3657022,-1.5785303,-2.587833,-6.764272,-11.441089,0.29209492,0.48170632,0.21139657,0.0014021633,0.009344833,0.0040090997,4.4229662e-05,1.8209257e-06,1,,,,0.048187662,Test
1192,0,1.2487836,2.4134786,2.2704642,-3.337427,-2.2715318,-2.0554209,-7.476244,-11.498604,0.1416535,0.4539917,0.39349347,0.0014436482,0.004191541,0.0052027083,2.30142e-05,4.1219923e-07,1,,,,1.5326588,1.4592168,2.743176,2.1533556,-3.5250835,-2.2966762,-2.323156,-7.2079077,-10.749427,0.15890957,0.52326393,0.30764765,0.0011744546,0.004878248,0.0040875175,3.6604648e-05,1.9970034e-06,1,,,,0.04184242,Test
1193,1,-0.11145784,2.0707693,3.1846185,-3.444926,-0.70842326,-1.5318373,-7.960182,-10.5937605,0.026524719,0.23516895,0.7163389,0.00094611524,0.014601317,0.0064089624,1.0351262e-05,7.434373e-07,2,,,,1.1201679,0.094960906,2.2238984,3.3272636,-2.8782504,-0.448088,-1.0948244,-7.5446916,-10.467771,0.033756983,0.26014656,0.67700636,0.0016171228,0.01733993,0.010085432,4.561361e-05,2.0353732e-06,2,,,,0.05239701,Test
1194,0,-2.233424,0.940564,4.7856183,-3.3081603,-0.52261025,0.33573994,-8.399091,-10.647389,0.00086091855,0.020578198,0.96226186,0.00029390698,0.0047638593,0.011239208,1.8082009e-06,1.9090749e-07,2,,,,0.29047525,-2.3832989,1.0613396,5.0093865,-3.5365627,-0.34204587,0.086303875,-8.836091,-10.592915,0.0010446453,0.043931425,0.93986666,0.0003271983,0.0064010792,0.008425374,2.914175e-06,7.1221996e-07,2,,,,0.022086326,Test
1195,1,0.44418105,-1.6190172,1.1214144,-1.0272506,-1.2027754,-3.150215,-2.9340498,-2.7524996,0.2762289,0.035094045,0.5437357,0.063421205,0.05321145,0.0075900173,0.009421544,0.011297137,2,,,,1.8277147,0.54376113,-1.6751477,1.2445844,-0.868086,-1.0446033,-3.0810752,-2.952929,-2.9357734,0.28453052,0.031037679,0.5338229,0.06736815,0.056977965,0.00810209,0.008803854,0.009356801,2,,,,0.038848534,Test
1196,0,0.6457732,2.46207,2.006333,-3.1949081,-1.7244095,-1.8627511,-6.658059,-9.754088,0.08893272,0.54685134,0.34669316,0.0019101826,0.008311977,0.0072380803,5.9847735e-05,2.7068195e-06,1,,,,1.4435512,0.74635726,2.498486,1.5996529,-3.2900517,-1.9385653,-1.7729229,-6.604417,-10.135824,0.10717434,0.5948612,0.27684975,0.0022184143,0.009588339,0.009190108,0.00011093096,6.9031457e-06,1,,,,0.054981302,Test
1197,1,-3.0588288,-0.81568325,1.4183017,-1.5131192,-1.4150374,0.8985843,-2.7142062,-3.154233,0.006138243,0.0578402,0.5400539,0.028796336,0.031763878,0.3211639,0.008663868,0.005579697,2,,,,1.6957806,-3.2242217,-0.8127222,1.3924153,-1.7518139,-1.5058951,0.95154536,-2.9013286,-3.3983102,0.005596478,0.063787155,0.5246926,0.024223784,0.029699225,0.339319,0.0077014146,0.004980347,2,,,,0.025864244,Test
1198,0,-2.7903435,0.22301611,4.824808,-3.099395,-0.7919185,1.4431596,-8.254791,-10.912339,0.00047011656,0.009569538,0.95372635,0.00034513278,0.0034682492,0.03241847,1.9907923e-06,1.3959425e-07,2,,,,0.32729948,-2.2287211,0.4560787,4.3756547,-2.9149632,-1.2881438,0.990917,-7.5534654,-10.808004,0.0019588065,0.02576899,0.929677,0.0008241652,0.003837848,0.03791658,1.5263457e-05,1.3378642e-06,2,,,,0.009987294,Test
1199,0,-4.0138288,-2.0450783,3.124075,-2.468893,0.14637199,0.16129555,-4.4718204,-0.939477,0.0007027225,0.0050327033,0.8845778,0.0032941313,0.045033544,0.045710642,0.0004445091,0.015204001,2,,,,0.7311367,-4.2815003,-2.1867752,3.2091126,-2.6739748,0.20921025,0.20607468,-4.7650375,-0.81506234,0.0005958665,0.004386189,0.8792542,0.002702497,0.047801454,0.047206197,0.0003255975,0.017727971,2,,,,0.01040907,Test
1200,0,4.09761,3.577706,-1.2546595,-2.7254336,-3.2646964,-3.00879,-4.7821956,-12.033593,0.6242207,0.3711477,0.0029571748,0.00067940366,0.00039621332,0.0005117618,8.6873566e-05,6.160924e-08,0,,,,0.9983475,4.0003557,3.6449666,-1.0781143,-2.6442323,-3.0152545,-2.7749789,-5.081848,-11.28124,0.57175183,0.41807142,0.0066211997,0.0010713112,0.0009434122,0.001445163,9.5355725e-05,2.52921e-07,0,,,,0.044857085,Test
1201,0,3.9283664,1.042648,-0.7535582,-1.8479022,-2.0764868,-4.2955933,-3.5311203,-8.053288,0.93327695,0.052090555,0.008643237,0.0028934036,0.002302162,0.00025025924,0.00053752237,5.8404166e-06,0,,,,0.4277791,4.328291,1.1377629,-0.76348126,-2.180869,-2.2218459,-4.756997,-3.946741,-9.0141735,0.9450971,0.04301391,0.0076465434,0.0019367157,0.0017375618,0.00022137375,0.00034329598,3.4596937e-06,0,,,,0.0071416227,Test
1202,0,-4.4206567,-2.301553,3.0399632,-2.246552,-0.080925934,1.0643636,-4.5716176,-1.7780392,0.00047869934,0.0039845356,0.8320873,0.004209829,0.03670996,0.11539231,0.0004116246,0.006725691,2,,,,0.87860465,-4.4958076,-2.3880284,3.2409942,-2.4559746,0.09448439,1.0395467,-4.9831696,-1.9494871,0.0005540598,0.0036887615,0.8355932,0.0036966312,0.0396437,0.110681035,0.00033897013,0.0058035394,2,,,,0.01929113,Test
1203,0,-2.5682724,-0.61012703,1.450739,-1.9277457,-1.0655533,0.7819134,-3.2281933,-3.1836653,0.0100312,0.071082816,0.5581969,0.019034002,0.045079134,0.28596976,0.0051850504,0.0054211477,2,,,,1.7142648,-2.3542428,-0.7072436,1.480138,-1.8247292,-1.003751,0.6350185,-3.161507,-3.0291808,0.013668917,0.06700139,0.57770985,0.022190783,0.050753105,0.25403112,0.0057453383,0.00889945,2,,,,0.022562072,Test
1204,1,-3.6792622,-1.5598294,1.253343,-1.6517338,-1.4933426,2.2521236,-2.9280217,-3.2425315,0.0018351836,0.015280499,0.25461432,0.0139387585,0.016330987,0.69127005,0.0038899072,0.0028402025,5,,,,1.2176354,-3.569984,-1.5222385,1.4200118,-1.6574504,-1.3528224,2.2502558,-3.3115642,-2.959146,0.0022472676,0.015747959,0.30291218,0.014263955,0.019800998,0.6369127,0.0029346368,0.005180326,5,,,,0.051653214,Test
1205,0,-2.5036569,-1.126382,1.4866378,-2.1190896,-0.7423218,1.0784527,-3.4671159,-2.453783,0.0096426355,0.03822421,0.5213852,0.014164823,0.05612209,0.34664595,0.0036793482,0.010135744,2,,,,1.6813941,-2.383328,-1.1413435,1.396108,-2.084886,-0.8323531,0.99234295,-3.1232696,-2.4421935,0.013307214,0.04710279,0.5068909,0.017499885,0.054545064,0.34162074,0.007036575,0.0119967805,2,,,,0.0363013,Test
1206,0,-0.8627695,-0.12564513,0.8656967,-2.119077,-1.4554061,-0.70371854,-3.9884648,-4.6924686,0.09261388,0.19355536,0.5216023,0.026367487,0.051203225,0.108580306,0.004066341,0.0020112167,2,,,,2.0222015,-1.007032,-0.16960375,0.95537126,-2.3392615,-1.4114287,-0.6334497,-4.48212,-4.607852,0.08309908,0.1840185,0.53765386,0.021031579,0.053436756,0.115260944,0.0025835775,0.0029156734,2,,,,0.03634698,Test
1207,0,-3.5315006,-2.008158,1.5130957,-1.0565864,-1.3681033,0.8649407,-2.3299146,-1.1254772,0.003611058,0.01656585,0.56036985,0.042901848,0.03141854,0.29307893,0.012008162,0.040045813,2,,,,1.7287039,-3.464849,-2.0663218,1.3664223,-0.93965197,-1.3988672,0.9693866,-2.2637086,-1.4635967,0.004244902,0.016719613,0.5043693,0.051844,0.032546297,0.3436761,0.014159905,0.032439858,2,,,,0.02155484,Test
1208,0,6.430761,2.5150607,-1.8826218,-1.8512849,-3.8114936,-6.268074,-4.477041,-12.314279,0.97992915,0.019526647,0.00024029144,0.00024794086,3.4917262e-05,2.9933713e-06,1.7947195e-05,7.084801e-09,0,,,,0.14625756,5.955805,2.2236028,-1.8755438,-1.6987636,-3.4753766,-6.0119677,-4.2204866,-11.24095,0.95971,0.038090937,0.0011599064,0.0006383194,0.00029255258,3.674191e-05,7.039022e-05,1.1231655e-06,0,,,,0.00952912,Test
1209,0,-0.3288459,1.4827191,1.3818138,-2.8048158,-1.3849641,-0.7111274,-4.859114,-7.1473203,0.07257587,0.44416553,0.40153393,0.0061022807,0.025242122,0.049518723,0.00078220706,7.9353566e-05,1,,,,1.7260154,-0.2974158,1.5755628,1.3188317,-2.8682265,-1.2923515,-0.6046077,-4.7969613,-7.448161,0.07372147,0.46367565,0.3752896,0.006126898,0.026538124,0.053544004,0.0010329647,7.136167e-05,1,,,,0.06012574,Test
1210,1,1.9035206,-2.0039186,0.47269714,-1.1405841,-1.141192,-5.040342,-2.2278855,-2.4377284,0.72228354,0.014512039,0.17270662,0.03440883,0.034387916,0.00069666916,0.01160008,0.009404317,0,,,,1.3448646,1.8447323,-2.0480084,0.42145795,-1.0697494,-1.3030388,-4.9331365,-1.9025135,-2.5557008,0.6946374,0.014991427,0.18843535,0.038127057,0.033622347,0.0010258306,0.018178744,0.010981766,0,,,,0.03949679,Test
1211,0,-2.1619263,1.2641367,4.441229,-3.1179655,-1.3110287,1.1225104,-8.230302,-11.991857,0.0012521977,0.038511742,0.9233933,0.00048136027,0.0029323315,0.033426095,2.8987506e-06,6.738884e-08,2,,,,0.49311268,-1.9624466,1.8749443,4.4936957,-3.0003817,-1.0898123,1.0026698,-8.255456,-11.611684,0.0036708892,0.09815661,0.86111385,0.0006632394,0.004450609,0.031939667,4.4826056e-06,6.988945e-07,2,,,,0.031638205,Test
1212,0,7.2414865,-0.47335324,-2.9115825,0.27181977,-3.921273,-5.697612,-2.0030367,-10.468167,0.9984641,0.0004454716,3.8896524e-05,0.0009385222,1.4171228e-05,2.3985758e-06,9.6491065e-05,2.0329537e-08,0,,,,0.018742973,6.853316,-0.56846076,-2.7745461,0.21416466,-3.6966128,-5.5281644,-1.6812651,-9.848679,0.9967979,0.0009201779,0.00013077578,0.0017368147,5.0902174e-05,1.0453923e-05,0.0003527223,3.2143808e-07,0,,,,0.00066213566,Test
1213,0,-3.9244373,-1.2939299,3.4988413,-2.203991,-0.3912727,1.9686629,-5.3655505,-5.2171297,0.0004779535,0.0066343825,0.80034024,0.002670337,0.016361367,0.17327128,0.00011311453,0.0001312129,2,,,,0.8717077,-4.1784067,-1.3104913,3.3693345,-2.2382026,-0.40163317,2.0178018,-5.6003485,-5.692778,0.00054291985,0.008477228,0.7584394,0.0032265228,0.019211255,0.2098351,0.00012698027,0.00014052895,2,,,,0.024806498,Test
1214,0,-3.7902348,-1.4869934,3.1792502,-2.0522177,-0.2875731,0.7015975,-4.2083755,-3.2354407,0.00082969904,0.008302441,0.8825303,0.0047177165,0.027549097,0.07407961,0.00054616586,0.0014449896,2,,,,0.70190287,-3.8875203,-1.4212173,3.2004292,-2.115897,-0.29617912,0.7089493,-4.3340807,-3.2618191,0.0010163544,0.011629571,0.8668331,0.0050554057,0.030104797,0.08300855,0.0006569434,0.001695348,2,,,,0.019437585,Test
1215,0,-2.4438808,-1.6450905,2.9821436,-2.105813,0.3777792,-1.773383,-3.8173249,-0.300488,0.003854893,0.00856885,0.87600136,0.005405469,0.064780414,0.0075371275,0.00097618724,0.032875773,2,,,,0.77843314,-2.4049916,-1.5776205,2.88704,-1.894569,0.30185473,-1.7688112,-3.505059,-0.043881305,0.0053945584,0.011678926,0.8470766,0.009021151,0.06593805,0.01140685,0.0019940059,0.047489796,2,,,,0.01376566,Test
1216,0,16.749918,-7.774893,-5.195186,8.376798,-9.876295,-10.483635,-4.214622,-21.38379,0.99976903,2.2331078e-11,2.9461975e-10,0.0002309403,2.730752e-12,1.4877087e-12,7.854444e-10,2.7456297e-17,0,,,,0.0031230152,17.056833,-8.25281,-5.1266856,8.374193,-10.269659,-10.749112,-4.2570925,-22.4045,0.9988836,1.0101016e-10,2.104747e-09,0.0011163709,1.2500565e-11,2.0044393e-11,7.3368485e-09,1.1230545e-15,0,,,,0.00063609483,Test
1217,0,-3.706085,-1.9789097,0.9763519,-0.9638949,-1.5681726,0.7982641,-1.9075719,-1.0835118,0.0040179743,0.022600072,0.4340739,0.06236274,0.034079306,0.36326292,0.024271214,0.055331975,2,,,,1.985904,-3.7844977,-2.1218972,0.7607223,-0.9009339,-1.7141206,0.7154772,-1.7881813,-0.9407016,0.004252377,0.021551883,0.3871385,0.076385185,0.032765556,0.37028652,0.035016578,0.07260342,2,,,,0.03378667,Test
1218,0,-2.6022074,-0.5597901,1.8576242,-2.2593148,-0.9441763,1.8094305,-4.6154137,-4.554964,0.0054194685,0.041779898,0.46863747,0.0076361257,0.02844661,0.44658768,0.0007238231,0.00076892745,2,,,,1.4793007,-2.6276824,-0.421866,1.8740776,-2.174044,-0.87263316,1.8690078,-4.665742,-4.2524657,0.005485992,0.04782056,0.45237637,0.00845976,0.028894816,0.45504937,0.00075963576,0.0011534869,5,,,,0.03549512,Test
1219,0,9.774961,-1.5367942,-3.118403,1.5794772,-5.0388627,-7.7046003,-2.938817,-13.324265,0.9997061,1.2224724e-05,2.5139434e-06,0.00027581558,3.6839222e-07,2.5620967e-08,3.0084893e-06,9.289791e-11,0,,,,0.0039953534,9.563833,-1.5757933,-3.0275457,1.8145424,-4.9689274,-7.4744263,-2.646279,-12.444054,0.99918854,7.49218e-05,1.2539713e-05,0.00071299693,1.919932e-06,2.2614608e-07,8.823505e-06,4.575925e-09,0,,,,0.00021441476,Test
1220,0,-3.1705608,0.17102823,5.082961,-2.9126048,-0.66723305,1.4517145,-7.9796977,-10.489397,0.00025090037,0.0070914486,0.963741,0.00032473583,0.0030667812,0.025522897,2.0460673e-06,1.6633021e-07,2,,,,0.26946148,-3.320322,0.48666877,5.0520086,-2.936943,-0.94307387,1.1686594,-7.8857927,-9.828376,0.0008903808,0.013049413,0.95625323,0.0007539016,0.0036357287,0.025394887,1.9720883e-05,2.764768e-06,2,,,,0.0074158306,Test
1221,0,-3.5602818,-1.6455348,2.0027385,-2.0982492,-0.63401,1.4627827,-3.7621498,-2.2588909,0.0022334678,0.015154574,0.58206123,0.009636791,0.041671902,0.33921018,0.001825196,0.008206665,2,,,,1.4238613,-3.7114804,-1.5187534,2.0324883,-2.3471048,-0.58060443,1.7297283,-4.0296626,-2.4720461,0.0020027228,0.01673211,0.52677786,0.0071100355,0.03970516,0.3990861,0.0014832921,0.0071027055,2,,,,0.034939032,Test
1222,0,-1.4801953,0.5606904,1.5800594,-2.220554,-1.1594849,0.5787031,-3.9629328,-5.442953,0.025109656,0.19327964,0.53566396,0.011975869,0.03460377,0.19679265,0.002097015,0.00047734985,2,,,,1.8040373,-1.6239569,0.3499205,1.8664118,-2.329327,-1.0596217,0.7226322,-3.9990363,-5.099234,0.020360071,0.13416582,0.59296703,0.00996229,0.03223631,0.20752843,0.002078943,0.0007011423,2,,,,0.03747734,Test
1223,1,-3.0408244,-0.63808876,2.0796824,-2.1939702,-0.825179,0.94447416,-4.15935,-3.6480606,0.0040708967,0.04499714,0.68155026,0.009494545,0.037319224,0.21901974,0.0013302112,0.0022180465,2,,,,1.3635523,-3.2275372,-0.6142794,2.1048975,-2.3394384,-0.7817082,1.0722581,-4.4033732,-3.9149384,0.0038252913,0.05006976,0.6484333,0.009214526,0.038033392,0.2470034,0.0013655843,0.0020546906,2,,,,0.03747963,Test
1224,0,-2.60999,-0.9148544,1.045475,-1.7417971,-1.0244068,0.63813436,-2.656746,-2.1897087,0.012404432,0.06757171,0.4798717,0.02955482,0.060560133,0.31931502,0.011837801,0.01888438,2,,,,1.9545106,-2.6999795,-0.8329236,1.0020591,-1.6835134,-1.0373747,0.71795714,-2.6356382,-2.2948766,0.01213664,0.0751251,0.44865483,0.033224277,0.059939284,0.33922082,0.012848429,0.018850535,2,,,,0.022909392,Test
1225,0,-2.278664,1.3488579,5.0320654,-3.4873557,-0.9312439,0.4504106,-9.0303955,-12.218096,0.00064335414,0.024202647,0.96263045,0.00019209774,0.0024752968,0.009855356,7.5198716e-07,3.103203e-08,2,,,,0.27915415,-2.2435758,1.1838835,4.93273,-3.2925587,-0.9301324,0.23115392,-9.03109,-11.890264,0.0017667406,0.031433035,0.9491698,0.00036963788,0.0036311517,0.013627519,1.7905143e-06,2.944824e-07,2,,,,0.011144797,Test
1226,0,1.0228283,1.655572,-0.052363157,-2.4933262,-2.3547869,-0.52190137,-4.3658915,-8.28005,0.2852357,0.537033,0.097331665,0.008475346,0.009734739,0.060860604,0.0013029048,2.6002499e-05,1,,,,1.7070576,0.7443294,1.58457,-0.060413003,-2.7164433,-2.3504994,-0.620337,-4.780137,-8.001007,0.24843678,0.5516284,0.1148691,0.007578557,0.011702458,0.06447317,0.0012298058,8.175444e-05,1,,,,0.039627083,Test
1227,0,-2.8229926,0.26484102,5.7941003,-2.9823813,-0.32566366,0.34259528,-9.031283,-12.890189,0.00017905301,0.0039265472,0.9893218,0.00015267223,0.002175494,0.004244035,3.6037534e-07,7.6007e-09,2,,,,0.103563435,-2.7812068,-0.18346778,5.740601,-2.7896447,-0.23084211,0.36704165,-8.788643,-12.126688,0.000394882,0.006389504,0.98275185,0.00025754818,0.004716979,0.0054878006,1.4167912e-06,4.9822017e-08,2,,,,0.003762914,Test
1228,0,-2.5327597,-0.3367338,3.8101294,-2.6182878,-0.32506236,-0.34142447,-5.9749517,-5.5848303,0.0016737398,0.015045611,0.95141405,0.0015365385,0.015222239,0.014975197,5.3550422e-05,7.910255e-05,2,,,,0.373768,-2.4186945,-0.20246229,3.8038247,-2.6537623,-0.22147486,-0.36401772,-5.8526597,-5.423392,0.0027836268,0.021916265,0.9333019,0.0019804526,0.020794597,0.018932935,0.00012640929,0.00016377964,2,,,,0.00944876,Test
1229,1,-3.7005198,-1.0923297,3.3465927,-2.3875902,-0.4039635,1.8497947,-5.602441,-5.5315495,0.0006884807,0.009345754,0.7914324,0.0025591152,0.018602356,0.1771588,0.000102777456,0.00011032795,2,,,,0.9114392,-3.6386402,-1.1698534,3.3288674,-2.2546911,-0.28099477,2.1224082,-5.8428698,-6.1410484,0.0008200154,0.010458175,0.72723216,0.002995144,0.021744663,0.23655336,0.000111106514,8.531697e-05,2,,,,0.034383964,Test
1230,0,-3.775872,-0.21687333,6.8722916,-3.3432345,-0.14890529,1.1614196,-10.010883,-12.399085,2.3623992e-05,0.00082986406,0.99492896,3.641206e-05,0.0008882292,0.003293002,4.6293753e-08,4.2495127e-09,2,,,,0.05285145,-3.2967026,0.29427817,6.535672,-3.2733612,0.3260414,1.4040842,-9.810533,-12.038002,0.00021205517,0.0056881197,0.9813833,0.00014399238,0.002952708,0.009618465,1.1686461e-06,1.7924475e-07,2,,,,0.0050478997,Test
1231,0,1.4700298,2.3220394,0.8819757,-2.9987967,-1.7585833,-2.1331906,-5.5439835,-9.01803,0.25131968,0.5891821,0.1395847,0.0028803137,0.0099553745,0.0068449113,0.00022598474,7.0035753e-06,1,,,,1.4895252,1.3038421,2.3428197,0.7916137,-2.4864688,-1.9268891,-1.5972397,-5.2003813,-8.847521,0.22903065,0.595583,0.14420393,0.0051736385,0.010507612,0.015075239,0.00041051334,1.5406786e-05,1,,,,0.042473283,Test
1232,0,-3.00595,-2.3380728,3.1826317,-2.2981849,0.2857976,-3.117031,-3.3488588,2.383243,0.0013519817,0.0026364904,0.65862405,0.0027437788,0.036354527,0.0012098426,0.00095950527,0.29611984,2,,,,1.170717,-3.2407882,-2.583492,3.1659796,-2.3075147,0.3519415,-2.9952743,-3.2047582,2.4515595,0.0015609318,0.0023801853,0.6335117,0.0031184307,0.039887484,0.0018721477,0.0012852929,0.3163838,2,,,,0.022696834,Test
1233,1,3.784848,-0.008714052,-0.29097468,-1.4451448,-1.7673737,-4.9596343,-3.4105844,-6.5192018,0.9526816,0.021449875,0.016174855,0.0051002414,0.0036952898,0.0001517985,0.0007145145,3.1912143e-05,0,,,,0.36032847,4.0856285,-0.4036127,-0.5513344,-1.7658228,-1.7168671,-5.4534903,-3.6095479,-7.076258,0.96198654,0.013935906,0.014391907,0.0038083594,0.005148235,0.00018236612,0.000509363,3.7339167e-05,0,,,,0.008400209,Test
1234,0,-1.073497,0.2552272,1.7692668,-2.48612,-1.1779346,0.27546683,-4.763816,-5.7901306,0.037076812,0.14001031,0.63635445,0.0090283435,0.033399943,0.14287293,0.0009255869,0.000331661,2,,,,1.6276696,-1.1604086,0.6851402,1.709017,-2.6124249,-1.4084073,0.1389814,-4.566884,-5.6103144,0.037402343,0.22563954,0.57317764,0.008038884,0.027183509,0.12666598,0.0012766881,0.0006153943,2,,,,0.037330464,Test
1235,0,7.4214454,-1.3861576,-2.913666,1.1909698,-4.4248586,-5.0168858,-2.1207669,-11.0024605,0.99777156,0.00014925806,3.2400312e-05,0.001964129,7.149023e-06,3.954871e-06,7.1598e-05,9.945584e-09,0,,,,0.02443221,6.768878,-1.4882858,-2.5184875,0.87517214,-4.0525465,-4.621957,-2.1250346,-10.365662,0.99511033,0.00042078467,0.00016518841,0.0038620015,5.714254e-05,0.00018857492,0.0001956262,4.5599072e-07,0,,,,0.0014188155,Test
1236,0,4.3821073,4.0072355,-0.5969915,-3.2366233,-3.1987746,-3.6106884,-6.248375,-13.189817,0.5897544,0.40538388,0.0040576635,0.0002896667,0.00030084024,0.00019927096,1.4253175e-05,1.3781023e-08,0,,,,1.0191941,4.4034486,3.7427044,-0.6318341,-3.1164405,-2.9005954,-3.4707866,-6.0390863,-12.777769,0.6293055,0.35877043,0.006791584,0.0005180043,0.0010108256,0.0035667396,3.693738e-05,7.253574e-08,0,,,,0.051699672,Test
1237,0,-4.743414,-0.4495019,7.281771,-3.4854763,0.12491718,2.2440112,-10.573579,-12.790545,5.945425e-06,0.00043551682,0.99232566,2.0916943e-05,0.00077352073,0.006438474,1.7465219e-08,1.9026445e-09,2,,,,0.0711821,-4.439973,-0.69696367,7.1161604,-3.0860739,0.098088816,2.446838,-9.942306,-12.365597,2.209535e-05,0.0007209638,0.98713857,9.2573515e-05,0.0013586136,0.010666914,1.4293047e-07,5.2772513e-08,2,,,,0.0017500989,Test
1238,0,3.158915,3.5833745,-0.85052335,-3.1202886,-2.964234,-2.5302117,-5.051819,-10.508638,0.39144626,0.59842885,0.007102236,0.00073391997,0.0008578716,0.0013240844,0.00010636431,4.538677e-07,1,,,,1.0541023,3.0089738,3.7924218,-0.66155714,-3.2108521,-2.8319755,-2.3269396,-4.9228377,-10.469698,0.3143524,0.6703745,0.010690617,0.0008952264,0.0012888869,0.0022512586,0.00014627559,7.7261393e-07,1,,,,0.024976633,Test
1239,0,-3.9488173,-2.044879,2.3882499,-1.7230719,-0.5658198,1.4219085,-3.6412957,-2.1330605,0.0011989075,0.0080474,0.6775463,0.011102341,0.03531855,0.25778776,0.0016305741,0.007368157,2,,,,1.2620482,-3.953085,-2.2252932,2.2319336,-1.6660877,-0.74064493,1.4173553,-3.3989487,-2.1698964,0.001381564,0.007397834,0.6269456,0.014262353,0.03475819,0.30426666,0.0026368476,0.008350941,2,,,,0.03565194,Test
1240,0,-4.8155704,-1.4232714,6.5661445,-2.443909,-0.08776661,1.9515184,-8.31517,-10.036686,1.1270577e-05,0.00033512182,0.98846674,0.00012076623,0.0012741049,0.009791641,3.4047795e-07,6.0875735e-08,2,,,,0.09978087,-5.0456247,-1.7467659,6.704374,-2.6643803,-0.08477545,2.0155358,-9.070044,-10.435422,2.1511336e-05,0.0004685518,0.9865378,0.00015724257,0.0015300959,0.011284182,4.6711094e-07,1.3807248e-07,2,,,,0.0020371361,Test
1241,1,12.561813,-3.1157134,-3.9231749,2.424912,-6.3534613,-10.299062,-3.5172355,-16.406292,0.9999602,1.5535294e-07,6.928558e-08,3.9589697e-05,6.0979364e-09,1.1793189e-10,1.0397785e-07,2.625998e-13,0,,,,0.00064433704,12.674917,-3.311779,-4.093469,2.1201625,-6.217739,-10.920024,-3.3977733,-16.289417,0.9999515,2.892462e-07,4.7411777e-07,4.759468e-05,3.4526533e-08,7.416916e-10,1.935252e-07,3.6115247e-12,0,,,,1.3575932e-05,Test
1242,1,-2.332449,0.30206984,5.4485726,-3.16531,-0.3902164,-0.08982007,-8.56791,-10.800414,0.0004121186,0.005743533,0.9869086,0.00017919071,0.0028742403,0.0038813571,8.0722685e-07,8.658277e-08,2,,,,0.12375207,-1.972984,0.4767219,5.543458,-3.1403909,-0.39492267,0.030059045,-8.731177,-10.90096,0.0013271307,0.017070053,0.96572983,0.00032667813,0.0037347637,0.011806409,4.238302e-06,8.772831e-07,2,,,,0.013660808,Test
1243,0,5.104935,0.6413901,-1.6491199,-1.3463547,-2.8493521,-5.0506654,-3.517979,-8.786193,0.9853799,0.011353005,0.0011490922,0.0015554068,0.00034601943,3.8289738e-05,0.00017730442,9.13615e-07,0,,,,0.12678522,5.265643,0.9619238,-1.5517929,-1.3369246,-2.7252448,-5.073487,-3.8740242,-9.266439,0.9700406,0.02309176,0.0028412738,0.002330978,0.0013260108,0.00019265698,0.0001737535,3.0118085e-06,0,,,,0.009030506,Test
1244,0,-1.4975011,0.51359546,2.3211432,-2.3813424,-1.3522121,0.20018457,-4.981319,-6.693934,0.016371699,0.12232123,0.7456068,0.0067646657,0.018931804,0.08941065,0.00050244766,9.063823e-05,2,,,,1.2589715,-1.4918125,0.45281163,2.3672738,-2.4950304,-1.1959447,0.19939621,-4.8762217,-6.651774,0.021614263,0.12958387,0.72973955,0.0068653473,0.02311851,0.087957166,0.00091646553,0.00020484452,2,,,,0.03263802,Test
1245,0,7.0499916,-1.6227341,-2.242357,0.81629324,-3.7697492,-5.352865,-3.0898492,-10.702649,0.99771607,0.00017080085,9.1916e-05,0.0019577001,1.995508e-05,4.0974596e-06,3.9384915e-05,1.945958e-08,0,,,,0.02523578,6.7693834,-1.2362939,-2.2926886,0.63247687,-3.5779247,-5.237152,-3.2212653,-10.537125,0.9943811,0.00048231767,0.00027774888,0.0046115303,9.82177e-05,4.4874992e-05,0.0001039473,1.639917e-07,0,,,,0.001596595,Test
1246,0,-3.501467,-2.437181,2.8610249,-2.1643758,0.40302566,-1.4174135,-3.5412157,1.843793,0.0011687282,0.003387872,0.6774988,0.0044504586,0.057998005,0.009393043,0.0011231834,0.24497984,2,,,,1.2641431,-3.3968225,-2.3054302,2.6741443,-2.1024985,0.39586475,-1.3416715,-3.361895,1.7720242,0.0024173562,0.0053564124,0.6385671,0.0066304007,0.067005,0.012426284,0.0023361482,0.2652613,2,,,,0.020276716,Test
1247,0,-2.8408544,0.6631189,4.7111225,-2.9909666,-0.30483896,0.123122305,-7.6059265,-9.088593,0.00050719525,0.016862871,0.9659556,0.00043649803,0.006405495,0.009826842,4.3224577e-06,9.813346e-07,2,,,,0.27032134,-2.8783796,1.0199902,4.7304735,-2.9814546,-0.084020376,0.03984667,-7.469049,-9.25217,0.0009985006,0.031826586,0.9462223,0.0007301449,0.008031375,0.01218016,9.633293e-06,1.3405242e-06,2,,,,0.008373444,Test
1248,0,-4.4585576,-1.7441252,4.0082417,-2.0304382,-0.24775554,2.1194463,-5.4372964,-5.1216946,0.00017956195,0.0027106726,0.8536863,0.0020357894,0.012104371,0.12912339,6.7476634e-05,9.2516115e-05,2,,,,0.6989626,-4.593905,-2.0143228,3.9455504,-2.0653982,-0.37387973,2.3583112,-5.6035814,-5.4699574,0.00030361855,0.0025998296,0.7982247,0.002648974,0.011360431,0.1846467,0.00011401686,0.00010182024,2,,,,0.026329255,Test
1249,0,-0.79743695,0.5765454,1.1260751,-2.7154248,-0.9383578,0.33175135,-4.469708,-5.412527,0.06273551,0.2478714,0.42942184,0.009215989,0.05448944,0.19405003,0.0015946536,0.0006211625,2,,,,2.0446124,-0.87729967,0.35523722,1.2225399,-2.6980386,-0.748224,0.29080886,-4.3613234,-4.834653,0.06152584,0.20791152,0.45889178,0.009265303,0.07197099,0.18739517,0.0019271616,0.0011122387,2,,,,0.04557553,Test
1250,0,-3.887805,-1.4956278,2.0676284,-2.0433083,-1.0457957,2.3009226,-3.9310842,-4.4203024,0.0010988687,0.012018633,0.4239919,0.0069502513,0.018845802,0.535397,0.0010523245,0.0006451862,5,,,,1.2699339,-3.9033787,-1.6119664,2.277245,-2.0076385,-0.8579011,2.3279374,-4.3642483,-4.485301,0.0012595206,0.010506273,0.47087726,0.007886497,0.020334903,0.48727903,0.00085126486,0.0010051932,5,,,,0.04622754,Test
1251,0,-4.214362,-1.9152099,2.7046363,-1.8015963,-0.91022253,2.4098694,-4.248737,-4.6093087,0.0005508343,0.0054894667,0.5570625,0.0061499546,0.014996527,0.4148473,0.0005322215,0.00037110606,2,,,,1.1900376,-4.544235,-1.934116,2.897063,-2.0475178,-0.9649784,2.4486046,-4.5345416,-4.47913,0.0005593085,0.0052856794,0.5876005,0.0051020524,0.01531362,0.3849818,0.00061588205,0.00054110715,2,,,,0.028168052,Test
1252,1,-3.4890354,-1.5275031,0.71696335,-1.4053369,-1.887197,1.745551,-2.0569324,-2.6897762,0.0035428717,0.025190571,0.23768264,0.02846388,0.017580243,0.664825,0.014835758,0.007878968,5,,,,1.4406955,-3.5243123,-1.5843139,0.7695097,-1.5733707,-1.9066565,1.8076766,-2.2398527,-2.779777,0.0034963202,0.024963629,0.2398376,0.023858476,0.016709873,0.6706512,0.012940079,0.0075427955,5,,,,0.013940372,Test
1253,0,-3.1725016,0.30636665,4.633156,-3.1138065,-0.336152,1.2898333,-7.921728,-9.437855,0.00038570046,0.012505566,0.9466819,0.00040901665,0.0065775034,0.03343625,3.3395447e-06,7.332327e-07,2,,,,0.3745329,-3.1830037,0.35233065,4.842408,-3.4091408,-0.44666442,1.5664679,-8.203268,-9.60723,0.00092990755,0.015000406,0.9384929,0.0004531262,0.0058981916,0.03921981,4.880629e-06,7.5442006e-07,2,,,,0.0072904634,Test
1254,0,1.4420792,0.49342242,0.61918926,-2.2435417,-1.0405849,-3.2213373,-3.5024543,-4.63941,0.5118062,0.1982025,0.22476515,0.012836917,0.04274627,0.00482847,0.0036452052,0.0011693605,0,,,,1.7945418,1.2774645,0.4620014,0.769221,-2.2380838,-1.1865664,-3.189324,-3.5813174,-4.6919703,0.44908366,0.203932,0.280508,0.014817914,0.03983567,0.006093607,0.004280135,0.0014489825,0,,,,0.036237255,Test
1255,0,-1.0353101,0.53840345,2.7233062,-2.7820268,-0.649008,-0.23165923,-6.0062575,-7.723417,0.019010931,0.091718845,0.81536067,0.0033144695,0.027975142,0.04246436,0.00013187072,2.368076e-05,2,,,,1.0321671,-1.3291031,0.45952004,2.7515798,-2.8454351,-0.65438896,0.113321975,-6.1237493,-7.770481,0.021952769,0.102854386,0.77552766,0.0036650475,0.029488403,0.06620137,0.00027179762,3.8524908e-05,2,,,,0.031436525,Test
1256,0,-4.3550043,-1.9456648,4.2203484,-1.9345334,-0.18331467,0.5881687,-4.924511,-3.2228558,0.0001807826,0.0020114973,0.958043,0.0020340139,0.011719211,0.025348332,0.00010228762,0.00056084467,2,,,,0.3146834,-4.0646973,-1.8894581,3.8747547,-1.7804769,-0.42345363,0.38770851,-4.460456,-2.761148,0.00042261524,0.003351624,0.94269514,0.0037324354,0.013921914,0.0340046,0.00028315824,0.0015885923,2,,,,0.0061444016,Test
1257,0,-4.4767566,-1.8417544,4.11976,-2.1557648,0.1262875,0.750935,-5.353334,-4.2263765,0.00017464955,0.0024351985,0.9453382,0.00177894,0.017427862,0.032548063,7.269002e-05,0.00022433982,2,,,,0.38260636,-4.344814,-1.6526142,4.069572,-2.167337,0.11381899,0.6887388,-5.213522,-3.9506583,0.00033946225,0.0037906165,0.938389,0.002238687,0.018982718,0.035685495,0.00013316689,0.00044081657,2,,,,0.0070177596,Test
1258,0,3.1761572,2.7538278,-0.83831453,-2.639684,-2.898269,-2.259205,-4.7031116,-10.110219,0.59396833,0.38935697,0.010722604,0.0017700093,0.001366701,0.002589497,0.00022482283,1.008239e-06,0,,,,1.1005852,3.1067262,3.156606,-0.6555175,-2.591403,-2.8209767,-2.5045867,-4.7159324,-9.7949095,0.47650748,0.49720222,0.01821792,0.0017276655,0.0024832564,0.0036011562,0.0002570319,3.3426338e-06,1,,,,0.049066883,Test
1259,0,8.134399,-2.3369749,-2.8104463,1.1028235,-3.9776495,-7.1228485,-1.8343217,-9.924102,0.9990189,2.8308285e-05,1.7631442e-05,0.0008826713,5.4875386e-06,2.3628444e-07,4.6796464e-05,1.4350461e-08,0,,,,0.011851009,8.051676,-2.8960114,-2.7909284,1.1387465,-3.878928,-7.2611475,-1.7687833,-9.686701,0.9976964,5.8765356e-05,4.2292606e-05,0.0020560352,1.1308963e-05,7.118559e-07,0.00013444766,1.2655829e-07,0,,,,0.0007437843,Test
1260,0,-1.0220447,1.4789364,2.6169395,-2.7418203,-0.61573476,-0.46235988,-6.1286435,-8.216475,0.018286578,0.22299479,0.6958621,0.0032752417,0.027453046,0.03200372,0.00011075541,1.3728758e-05,2,,,,1.2823848,-1.1416136,1.5078206,2.8302631,-2.7210355,-0.13097945,-0.3876266,-6.3727846,-8.051508,0.016325409,0.22789064,0.6792817,0.0030230226,0.038459707,0.034896903,0.000101165366,2.13808e-05,2,,,,0.04852874,Test
1261,0,-1.4596297,1.8702333,4.7496686,-3.8207002,-0.9614366,-0.22185692,-9.415708,-12.89492,0.0018815561,0.052560348,0.93579584,0.00017746685,0.0030965605,0.0064874636,6.595325e-07,2.0334511e-08,2,,,,0.4051855,-1.6170394,1.9804771,4.4613695,-3.964353,-1.1513187,-0.5279323,-9.188683,-13.164068,0.0034574033,0.09947682,0.88549376,0.00045418763,0.0037875543,0.007325263,4.974357e-06,1.0260677e-07,2,,,,0.020031314,Test
1262,0,-5.22988,-1.4214196,8.379753,-3.0107398,0.70316833,1.0759267,-9.9989195,-11.927065,1.2271254e-06,5.532e-05,0.99879694,1.1288826e-05,0.00046299768,0.0006721493,1.0416473e-08,1.5147403e-09,2,,,,0.014939018,-5.435013,-1.4357668,8.825808,-3.2245789,1.0140251,1.3060313,-10.637941,-11.592123,1.3449287e-06,8.297892e-05,0.9985814,1.01677115e-05,0.00046038412,0.0008636971,3.2204337e-08,1.1232343e-08,2,,,,0.00024834942,Test
1263,1,-0.77506626,1.8690932,2.8750684,-3.578124,-1.2361635,-0.59068924,-7.461592,-9.751574,0.0180354,0.25378713,0.69399935,0.0010933849,0.011372968,0.021687008,2.2501139e-05,2.2786521e-06,2,,,,1.1767421,-0.8693798,1.8376007,2.7208052,-3.427964,-1.1958162,-0.5477403,-7.079117,-9.358689,0.023424244,0.3328968,0.60529554,0.0016438689,0.013687576,0.02285378,0.00018860912,9.55463e-06,2,,,,0.06837653,Test
1264,0,0.21951252,0.6725209,1.3373618,-2.4307048,-0.99337554,-0.47791255,-5.262192,-8.133364,0.15380962,0.2419483,0.47039133,0.010864475,0.045733344,0.07657653,0.0006401911,3.6255613e-05,2,,,,1.9881634,0.12886362,0.72437143,1.320482,-2.3930488,-1.1123248,-0.29693085,-5.455907,-8.2946415,0.14364626,0.26172093,0.44743744,0.011458947,0.03922715,0.09572603,0.0007463457,3.6907706e-05,2,,,,0.05240643,Test
1265,0,-1.361874,1.7368377,5.223542,-3.7785523,-1.1799101,0.03556777,-10.086691,-14.623037,0.0013280993,0.029443134,0.962145,0.00011848971,0.0015931493,0.0053719487,2.1581953e-07,2.311959e-09,2,,,,0.27286693,-1.7261441,1.4727714,5.143194,-3.890965,-1.1526108,0.1352023,-9.947021,-13.804273,0.0016527269,0.07786494,0.9098002,0.00028442414,0.0019469189,0.0084502045,6.7134044e-07,2.4945049e-08,2,,,,0.031864975,Test
1266,0,-3.2994034,0.47940943,5.350301,-3.1632886,-0.5984131,1.3064399,-8.531873,-11.352107,0.00017037708,0.007456389,0.9725902,0.00019522021,0.0025376768,0.017049177,9.0986833e-07,5.4220852e-08,2,,,,0.21828176,-3.3408628,0.3103983,5.16932,-3.073246,-0.54839367,1.5806177,-8.584755,-11.336241,0.00039425632,0.01370555,0.9407085,0.00056305283,0.0041304743,0.040494286,3.6626966e-06,1.9936381e-07,2,,,,0.01312313,Test
1267,1,-0.47510424,1.0820329,2.021256,-2.7989376,-0.9571352,-0.46093246,-5.6632752,-7.192951,0.050968554,0.24185686,0.6186682,0.0049897004,0.03147451,0.05169601,0.00028451704,6.162809e-05,2,,,,1.5630848,-0.42709994,0.84692776,1.8964274,-2.5300822,-1.1599472,-0.34287405,-5.380155,-7.1629686,0.06436186,0.23151009,0.5952612,0.008789057,0.031927593,0.06737106,0.00067230355,0.000106883366,2,,,,0.053129908,Test
1268,0,7.907197,-1.8286048,-2.2721608,0.7530263,-3.986273,-6.550868,-3.5402956,-11.917315,0.9991041,5.907528e-05,3.7911585e-05,0.0007808974,6.828769e-06,5.2547597e-07,1.0666646e-05,2.4543378e-09,0,,,,0.011043779,7.79708,-1.9294275,-2.2928479,0.38997403,-3.681068,-7.1201363,-3.2293816,-11.414181,0.9988185,0.00021996108,8.1341044e-05,0.0008292802,2.143709e-05,1.3392722e-06,2.8247718e-05,2.8775649e-08,0,,,,0.00027786256,Test
1269,0,-4.2719646,-2.6021488,0.8291096,-0.2211345,-2.2540057,-0.43318954,-0.9472826,0.49530536,0.0023400905,0.012428663,0.38423863,0.13442679,0.017604394,0.10874054,0.06503149,0.2751894,2,,,,2.2378733,-4.033419,-2.5428576,0.8745281,-0.17252009,-2.2649074,-0.3715785,-0.91230094,0.30491114,0.0031746323,0.014205021,0.396734,0.14440063,0.017421562,0.12175949,0.07010676,0.23219785,2,,,,0.036065415,Test
1270,0,11.385425,-4.142027,-3.902778,3.5773704,-6.16456,-9.072541,-2.4785,-14.010722,0.99959236,1.804415e-07,2.2921394e-07,0.00040628255,2.3876009e-08,1.3032906e-09,9.523514e-07,9.341498e-12,0,,,,0.0051936307,11.818594,-3.69057,-3.8565445,3.8640065,-6.7171526,-9.328222,-2.364715,-14.650426,0.9992547,1.4654186e-06,2.2012819e-06,0.0007374192,9.282819e-08,2.1711793e-08,4.068272e-06,1.4395651e-10,0,,,,0.00015248386,Test
1271,1,-3.699282,-2.601536,3.803775,-2.4419827,0.66885144,-2.7554967,-4.060512,2.1921163,0.0004414689,0.0013232598,0.8006383,0.0015521658,0.034830227,0.0011344381,0.00030762368,0.15977244,2,,,,0.89501584,-3.6426265,-2.463915,3.4991646,-2.1883194,0.538401,-2.639963,-3.798465,1.8950363,0.0009737659,0.002626203,0.7791471,0.0035381238,0.041997664,0.0019688243,0.00079773273,0.16895048,2,,,,0.020261344,Test
1272,1,3.7908719,2.1665962,-1.2644551,-2.127232,-2.7258465,-3.0850635,-3.5928369,-9.119183,0.8269557,0.16295522,0.0052720755,0.0022247552,0.0012226647,0.0008536923,0.00051378115,2.0451112e-06,0,,,,0.7388971,3.7974315,2.2866948,-1.52352,-1.9755862,-2.7719104,-3.0483503,-3.4636707,-9.001413,0.79149634,0.19717653,0.005019978,0.002914221,0.0013970879,0.00122285,0.00076836493,4.642293e-06,0,,,,0.027345305,Test
1273,0,-3.2047846,-2.0666223,2.4636579,-1.7558961,-0.23701276,-1.531675,-2.7126791,0.94840854,0.0025772364,0.008043628,0.7463244,0.010974851,0.050123483,0.013733356,0.0042157318,0.16400732,2,,,,1.2270454,-3.3578827,-2.2190366,2.7022703,-1.8246273,-0.034573518,-1.753227,-2.775073,1.1699469,0.0019769694,0.006689207,0.7472423,0.009417344,0.04997424,0.011334922,0.004283402,0.16908163,2,,,,0.019589666,Test
1274,1,3.8263137,0.03342983,-0.93758476,-1.1610866,-1.8338454,-4.093955,-2.410055,-6.1356616,0.95809704,0.021586437,0.008174754,0.006537462,0.0033360582,0.00034808103,0.0018749471,4.5183377e-05,0,,,,0.3318374,3.7617195,-0.044161167,-0.8271701,-1.3258233,-1.7033999,-4.5954123,-2.208357,-5.6952944,0.94443387,0.02646448,0.012481055,0.0067970417,0.005397155,0.0002968453,0.003919716,0.00020985499,0,,,,0.009113424,Test
1275,0,-3.2389352,-1.2650076,2.7126884,-2.0149026,-0.32789204,0.63428247,-3.9563112,-2.7705266,0.0021526895,0.0154969925,0.8274444,0.0073210285,0.03955774,0.103537716,0.0010505798,0.0034388136,2,,,,0.9519082,-3.0925546,-1.0878737,2.5748205,-1.9400686,-0.27499244,0.5350639,-3.7487311,-2.5107827,0.0030945623,0.023730444,0.79863864,0.009713218,0.047685616,0.10953413,0.0017051196,0.005898228,2,,,,0.014236426,Test
1276,0,5.3311734,3.316646,-1.2464345,-2.61253,-3.647983,-4.311895,-5.260771,-13.056224,0.8807891,0.11748268,0.0012253299,0.00031258294,0.000110987436,5.7140045e-05,2.2123264e-05,9.105977e-09,0,,,,0.54235804,5.4535546,3.0824418,-1.4077113,-2.8242965,-3.3145614,-5.0437365,-5.2315326,-13.28187,0.8959733,0.102005064,0.0013776612,0.0003415165,0.00018410236,9.366676e-05,2.462248e-05,1.7853903e-08,0,,,,0.01805789,Test
1277,0,-3.6677945,-2.1052945,1.5124588,-1.203623,-1.3606076,0.15578963,-1.9776413,-0.22527663,0.0034752123,0.016579308,0.61764175,0.040846728,0.034912404,0.15905331,0.018836726,0.108654514,2,,,,1.7909837,-3.8046443,-2.2421582,1.4905207,-1.320872,-1.2799844,0.060666807,-1.8871552,0.08322099,0.0032993674,0.01510644,0.5840672,0.037628867,0.037709706,0.14740501,0.021611808,0.15317152,2,,,,0.030810397,Test
1278,0,-3.7413294,-1.4192915,-0.052079774,-0.46718565,-2.8223944,2.3489923,-1.0216751,-4.3295827,0.0018606998,0.018972497,0.074455544,0.04916078,0.0046640653,0.8216169,0.028236253,0.0010332396,5,,,,1.042666,-3.865319,-1.3520858,-0.09038977,-0.47679693,-2.9100966,2.3512783,-1.154141,-4.492076,0.0020254613,0.022312323,0.07711586,0.051990665,0.0051100845,0.81239986,0.027696323,0.0013493546,5,,,,0.01979445,Test
1279,0,-4.8026114,-1.414419,6.295386,-2.4099603,0.5386515,1.3804709,-7.5952163,-8.338707,1.4975955e-05,0.00044347375,0.98899406,0.00016387393,0.0031266243,0.0072555975,9.174488e-07,4.362025e-07,2,,,,0.10063907,-4.5961103,-1.0385894,6.0891104,-2.4356556,0.52692586,1.4346257,-7.3068175,-8.017246,3.935932e-05,0.001310867,0.9808073,0.00029224405,0.005625355,0.011918979,2.813038e-06,3.1084146e-06,2,,,,0.0034293297,Test
1280,0,-3.5413542,-1.611705,2.953991,-1.8443011,-0.41784585,0.05292869,-3.459206,-1.8708528,0.0013496852,0.0092954105,0.8935627,0.0073663644,0.03067291,0.049114496,0.0014652406,0.0071733487,2,,,,0.7054879,-3.6000423,-1.6285045,3.1384284,-1.9993271,-0.2935172,0.021011373,-3.6000824,-1.8571018,0.0012446236,0.008452965,0.9010954,0.005657834,0.029653823,0.045349553,0.0011918277,0.007353867,2,,,,0.009968126,Test
1281,0,1.1038415,2.7246754,3.0893354,-3.5857363,-2.0581565,-1.5956011,-9.186745,-14.622679,0.074301064,0.3757632,0.54110813,0.0006828688,0.0031459855,0.0049962252,2.5226107e-06,1.0991436e-08,2,,,,1.3602834,1.2531006,2.5912035,3.1781745,-3.7685885,-2.1680846,-1.4712677,-9.288359,-15.174677,0.117605425,0.30063903,0.5651103,0.00079540757,0.0050301976,0.010814214,5.194404e-06,1.6485004e-07,2,,,,0.073092185,Test
1282,0,-1.2405088,0.66074485,1.7308817,-2.7606452,-1.3985955,1.3025949,-5.4884157,-7.88323,0.024378074,0.1631937,0.47583663,0.0053310487,0.020813411,0.31006682,0.00034846313,3.1776213e-05,2,,,,1.7520888,-0.96946174,0.58005816,1.6003987,-2.8293264,-1.5545485,0.84682655,-5.1822906,-7.303399,0.05028479,0.17731099,0.49255133,0.006464222,0.02470822,0.24787426,0.0007134097,9.2782706e-05,2,,,,0.04544545,Test
1283,0,-5.5889544,-1.9894754,7.3780875,-2.913565,0.7050279,1.8875304,-9.356529,-9.759905,2.3232615e-06,8.498295e-05,0.99451846,3.372911e-05,0.0012575926,0.0041029304,5.3685984e-08,3.586552e-08,2,,,,0.054232277,-5.3419657,-2.1398792,6.9678183,-2.9748783,0.56975496,1.8037142,-9.417807,-9.766976,4.52436e-05,0.00027798748,0.9890219,0.0003689613,0.0026186956,0.0076644667,2.6053124e-06,1.9248917e-07,2,,,,0.0021765514,Test
1284,0,-3.885262,-0.92378145,4.966815,-3.3379798,0.73459226,1.181516,-7.8141074,-6.7586374,0.0001375295,0.0026579744,0.961179,0.0002377267,0.013956399,0.021820763,2.704708e-06,7.771502e-06,2,,,,0.28887606,-3.6872451,-1.2427453,4.7565346,-3.1013923,0.44927406,1.3383739,-7.539036,-6.98675,0.0004823028,0.003834217,0.93603677,0.0006622689,0.015983263,0.042977568,1.0800362e-05,1.2841558e-05,2,,,,0.013503528,Test
1285,1,14.454556,-3.748028,-4.704918,3.3850486,-7.270277,-11.789347,-3.4594057,-18.25653,0.9999844,1.2436864e-08,4.7768283e-09,1.5579988e-05,3.6729708e-10,4.0032296e-12,1.659811e-08,6.2194068e-15,0,,,,0.00027215443,14.59297,-3.1822677,-4.5155535,3.356629,-6.9423475,-10.768428,-4.312793,-19.87474,0.99996406,7.0682646e-08,1.1571161e-08,3.5816327e-05,2.6871332e-09,1.0496855e-10,6.045314e-08,1.4353332e-14,0,,,,1.45011945e-05,Test
1286,0,-2.6751888,0.26688433,4.6145387,-2.681346,-0.73606443,1.0530355,-7.446963,-10.392894,0.00065159885,0.012351119,0.9547037,0.000647599,0.004530344,0.02710987,5.5160103e-06,2.8988336e-07,2,,,,0.33238292,-2.5341015,-0.0027427436,4.5016136,-2.784722,-0.6124924,1.0933499,-7.562848,-10.819766,0.003308354,0.027962547,0.92033863,0.0015197007,0.0064063654,0.04041019,5.3875458e-05,2.9290337e-07,2,,,,0.019119155,Test
1287,0,-4.194551,-1.7311466,4.5108476,-1.808033,-0.22948878,0.40697294,-5.238917,-4.5048647,0.00016096653,0.0018905086,0.97149855,0.0017506011,0.008486726,0.016038068,5.6646524e-05,0.00011802332,2,,,,0.23204851,-4.237476,-1.4155974,4.7178044,-1.7506479,-0.43780074,0.43188167,-5.3562603,-4.9430237,0.00015461262,0.0023137091,0.9747062,0.0016490787,0.006035476,0.014952533,4.9693812e-05,0.00013869817,2,,,,0.0027376558,Test
1288,0,4.5925536,-0.21561411,-1.2737575,-0.84593207,-2.1293097,-4.919829,-2.044521,-6.6808867,0.98237234,0.00801891,0.0027833614,0.0042694486,0.0011830634,7.262747e-05,0.0012877493,1.2481972e-05,0,,,,0.16334105,4.707409,-0.16439216,-1.0068643,-0.719524,-1.8888099,-4.8981514,-2.2243183,-6.8414383,0.97829705,0.009851856,0.004175269,0.004821621,0.0016846999,9.915739e-05,0.0010554972,1.4962308e-05,0,,,,0.0035963338,Test
1289,0,-3.875922,-0.9337048,4.609793,-2.8950546,-0.2155081,2.1753297,-7.4109955,-8.036245,0.00018757324,0.003555981,0.9088036,0.0005002144,0.0072923643,0.07965187,5.4690013e-06,2.9266143e-06,2,,,,0.50477695,-4.080065,-1.1801937,4.686179,-2.9715033,-0.22875683,2.1118267,-7.7525024,-7.9073896,0.0002890295,0.0029463153,0.90611804,0.000606749,0.0086118495,0.0814142,9.380476e-06,4.5536817e-06,2,,,,0.014474563,Test
1290,0,-2.302827,-0.6027722,2.4973423,-2.5925136,-0.14731331,0.2473504,-4.6229105,-3.6146126,0.0066417377,0.036358505,0.80717677,0.004971326,0.057333607,0.085076496,0.0006526529,0.001788877,2,,,,1.071551,-2.3951328,-0.66341794,2.5083156,-2.4832463,-0.1319198,0.330605,-4.7197075,-3.639421,0.006904339,0.03680867,0.7951461,0.0058956696,0.058866847,0.09367106,0.0007401416,0.0019672017,2,,,,0.014168407,Test
1291,0,7.6356664,-0.87532276,-3.0834203,0.53612566,-4.04294,-5.7355833,-1.9994334,-10.570355,0.998877,0.00020101866,2.2093871e-05,0.000824557,8.463653e-06,1.5575854e-06,6.53193e-05,1.2380466e-08,0,,,,0.013957448,7.8051386,-0.7448274,-3.1884131,0.39938006,-4.0788307,-6.0893755,-2.1129127,-11.161369,0.99857205,0.0004097471,3.381116e-05,0.0008820534,1.3186218e-05,2.6525856e-06,8.643259e-05,1.8555651e-08,0,,,,0.0003072257,Test
1292,0,-0.4896054,1.647105,4.0063753,-2.98793,-1.3367113,-0.35877484,-8.263028,-13.060181,0.009922737,0.0840607,0.8896334,0.0008158734,0.0042534177,0.011309686,4.175196e-06,3.445882e-08,2,,,,0.6315156,-0.7831641,1.3884584,4.490958,-3.279347,-0.95492905,-0.38235125,-8.36028,-12.393921,0.01067589,0.059210937,0.9112512,0.0007718426,0.0052772155,0.012805427,7.253184e-06,2.6367766e-07,2,,,,0.018935995,Test
1293,0,-2.1474216,-1.2926006,2.0479393,-1.9575708,-0.20299935,-1.0357722,-2.8465729,-1.0042033,0.011820257,0.027788877,0.7846014,0.014291507,0.08261879,0.035926104,0.0058747507,0.037078347,2,,,,1.2709023,-2.208372,-1.2903825,1.9143556,-1.9467552,-0.21500663,-0.9971844,-2.7975929,-1.0711535,0.016046867,0.03336127,0.74604553,0.018592663,0.09184086,0.04542149,0.009099947,0.03959142,2,,,,0.023787871,Test
1294,0,-0.8951665,1.501342,3.5487337,-3.3206642,-1.405867,0.6530121,-8.2731085,-11.983317,0.009757714,0.10718611,0.83044213,0.00086291437,0.0058553596,0.04588951,6.097454e-06,1.492194e-07,2,,,,0.88943243,-0.96113414,1.565142,3.2882855,-3.317271,-1.3898476,0.8123382,-8.505472,-11.964473,0.01623464,0.18305008,0.7027561,0.0023461254,0.008655662,0.08694239,1.4662453e-05,3.887006e-07,2,,,,0.05194768,Test
1295,0,-3.9161415,0.023572767,7.25672,-3.8347187,-0.22994618,0.7897348,-10.943272,-12.877563,1.4010226e-05,0.00072018016,0.99714214,1.5198706e-05,0.0005589066,0.0015494624,1.2433727e-08,1.797004e-09,2,,,,0.03260655,-4.4160275,-0.51726735,7.2592354,-3.8980408,-0.22561368,1.1884243,-11.209742,-13.682373,1.6521677e-05,0.000845452,0.99459314,2.687093e-05,0.0009923789,0.003525562,2.0521686e-08,1.9729458e-09,2,,,,0.0012159405,Test
1296,0,-3.107004,-0.87408316,2.2503462,-2.1111238,-0.9283062,1.7685254,-4.180983,-4.3261867,0.0027343945,0.025503896,0.58013475,0.0074022957,0.02415782,0.3583247,0.00093419617,0.00080793595,2,,,,1.3444088,-3.0883706,-1.0786879,2.1090283,-2.04887,-0.7206958,1.6460692,-4.208773,-4.0101266,0.003218371,0.024409892,0.56344235,0.008803517,0.03410303,0.363598,0.001048017,0.0013768383,2,,,,0.04274374,Test
1297,0,-3.2245636,-1.3760287,2.2052128,-1.985048,-0.7011921,0.37477148,-3.3505561,-1.8663558,0.0034162577,0.021694968,0.7792422,0.011799546,0.042602673,0.124945864,0.0030118453,0.013286566,2,,,,1.180814,-3.34949,-1.5289663,2.391991,-1.9414877,-0.4914783,0.29706362,-3.3452637,-1.4437716,0.002705608,0.016358012,0.79969966,0.010851308,0.046097986,0.103123546,0.00294444,0.01821947,2,,,,0.011484184,Test
1298,0,-3.748517,-1.1440557,4.065684,-2.2882159,-0.13730006,0.46289846,-5.564444,-4.640477,0.0003847079,0.005202765,0.95234746,0.0016570352,0.01423845,0.0259493,6.258699e-05,0.00015767307,2,,,,0.35313472,-3.8017411,-1.1232879,3.9271793,-2.255015,-0.18377213,0.63201356,-5.633601,-4.7913566,0.0005493005,0.008593672,0.92890847,0.0022924978,0.017998084,0.041169163,0.00011600835,0.00037282583,2,,,,0.012799423,Test
1299,0,-5.06325,-1.2970368,7.4956894,-2.907485,0.34493226,1.5439678,-9.198951,-11.082607,3.500853e-06,0.00015129312,0.9964414,3.0228079e-05,0.00078147906,0.0025921008,5.598366e-08,8.511382e-09,2,,,,0.037900288,-4.794684,-0.80090964,7.763233,-2.8769312,0.8152566,1.2680857,-8.966666,-10.453788,1.9535717e-05,0.00064630515,0.99137133,0.00019083414,0.0023101738,0.005460937,7.5679645e-07,1.0597373e-07,2,,,,0.0042052767,Test
1300,1,3.0841851,-2.9378724,-0.40356898,0.9133627,-1.9611633,-4.5321755,-1.4548243,-3.0178623,0.85694814,0.0020778212,0.026196433,0.097763866,0.005518076,0.00042190158,0.00915562,0.0019180902,0,,,,0.8004087,3.1507764,-2.8432589,-0.6280843,0.981314,-2.0910804,-4.2718477,-1.332847,-2.9766788,0.84428084,0.0030277842,0.023345409,0.10788119,0.0060161105,0.00086019625,0.011363056,0.0032254595,0,,,,0.023243548,Test
1301,0,-2.9938116,0.4569199,5.3656955,-3.31662,-0.5674814,0.9654225,-8.8011265,-11.404796,0.00022896014,0.0072176103,0.97779423,0.00016579278,0.0025912032,0.012001437,6.8813665e-07,5.092323e-08,2,,,,0.18673292,-3.4180589,0.44114295,5.539724,-3.634276,-0.643865,0.9506652,-9.084013,-12.293967,0.00026954422,0.0131046325,0.97229195,0.0001493977,0.0025612814,0.011622366,8.4997265e-07,3.3547632e-08,2,,,,0.007922642,Test
1302,0,-3.717073,0.03771828,8.161861,-3.7357311,-0.65058357,0.6688058,-11.739713,-16.463062,6.927925e-06,0.00029599766,0.9989851,6.799864e-06,0.00014871778,0.0005563732,2.2720381e-09,2.018787e-11,2,,,,0.013074884,-4.102128,-0.40415615,8.04492,-3.6260161,-1.0579239,0.6536136,-11.763208,-16.310904,1.7589238e-05,0.0007321704,0.99827635,1.6116253e-05,0.00017930841,0.0007785038,9.986421e-09,5.6072435e-11,2,,,,0.00046721962,Test
1303,0,1.2313592,2.631183,0.9838353,-2.8573587,-2.1639824,-1.1227407,-5.8945622,-10.129602,0.1671877,0.6778601,0.1305287,0.0028021846,0.005605655,0.015879314,0.00013441753,1.946263e-06,1,,,,1.3574525,1.316399,2.5263677,1.335411,-2.991285,-2.0490365,-1.035367,-6.2320213,-10.910105,0.18204613,0.5717894,0.20134632,0.0030549173,0.0070925676,0.034544528,0.00012445063,1.7805344e-06,1,,,,0.05370426,Test
1304,0,-0.7878388,1.695828,3.9572961,-3.4028203,-1.5636361,-0.0012092628,-8.677759,-13.359659,0.007648867,0.09167267,0.87979805,0.00055966096,0.0035210531,0.016796775,2.8644952e-06,2.6529236e-08,2,,,,0.666176,-0.87617743,1.7127804,3.9859905,-3.685248,-1.8397537,0.077838495,-9.081266,-14.03978,0.009610195,0.10517887,0.8500997,0.0004811227,0.004358637,0.030266756,4.5075476e-06,2.700155e-07,2,,,,0.021875435,Test
1305,0,-2.0586286,1.2777368,3.5206118,-3.0463736,-1.420809,1.4544185,-7.339169,-10.588561,0.003032072,0.08525199,0.8031059,0.001129191,0.0057377433,0.10172707,1.5432268e-05,5.9873815e-07,2,,,,0.9716937,-2.1570077,1.0221907,3.2332282,-3.077525,-1.8632698,1.6590914,-7.4086137,-10.630984,0.006098256,0.138198,0.6691496,0.0016258024,0.00447319,0.18041408,3.9240887e-05,1.8617645e-06,2,,,,0.06739415,Test
1306,0,6.9284496,-1.2188517,-2.7333276,0.81333095,-3.7527444,-5.6562853,-1.5029843,-9.114902,0.9972011,0.00028870517,6.349303e-05,0.0022030305,2.2908624e-05,3.414301e-06,0.00021729893,1.0745937e-07,0,,,,0.030818705,6.5559835,-1.1470102,-2.595098,0.5601536,-3.5812078,-5.356052,-1.7660837,-8.960116,0.99505365,0.00089499017,0.00019935658,0.003343892,8.245271e-05,1.1284135e-05,0.00041358187,7.0924796e-07,0,,,,0.0009830158,Test
1307,0,-2.3949015,-2.104838,2.7282238,-2.2774622,0.14882897,-3.1621983,-2.881305,1.5250225,0.00424587,0.0056746565,0.71270794,0.0047749616,0.054037426,0.0019712145,0.0026105037,0.21397741,2,,,,1.2044488,-2.541083,-2.2724717,2.8628294,-2.2667909,0.16513133,-3.5005054,-2.9738986,1.621073,0.0070332126,0.005333102,0.7133552,0.0055250525,0.049230374,0.0017565215,0.004429761,0.21333683,2,,,,0.021558957,Test
1308,0,-1.2255347,1.2477636,4.9004664,-3.6011765,-0.27916417,-0.74261403,-9.200622,-11.940527,0.0021063513,0.024984501,0.963872,0.00019579547,0.0054266816,0.0034139766,7.2442737e-07,4.6780908e-08,2,,,,0.27412716,-2.0313203,1.4682436,5.1639833,-3.7499905,-0.15550575,-0.5991871,-9.699156,-11.868138,0.0013121876,0.04048741,0.94752645,0.00019235586,0.006274704,0.0042061973,6.192189e-07,9.7558654e-08,2,,,,0.013054827,Test
1309,0,-1.6760298,-0.8958734,1.6976794,-2.087546,-0.35676146,-1.3264301,-2.8065383,-0.66712767,0.024239082,0.052885152,0.70745605,0.016061902,0.09067073,0.034383133,0.00782605,0.06647782,2,,,,1.5992666,-1.777916,-1.0186046,1.8076861,-2.1141663,-0.30011246,-1.4684976,-2.8952568,-0.38231173,0.022862853,0.044776063,0.70564204,0.015164219,0.087524585,0.031945363,0.0074265366,0.084658325,2,,,,0.021637099,Test
1310,1,-2.9891217,0.11053221,6.265197,-3.3169641,-0.023682086,0.20313449,-9.417116,-11.4748,9.508189e-05,0.0021098924,0.99356693,6.8504254e-05,0.0018448953,0.0023146053,1.5362262e-07,1.9625192e-08,2,,,,0.067247234,-2.652454,0.6847038,6.1779947,-2.877499,0.03279962,0.3767999,-8.705566,-11.532193,0.00052231573,0.010931953,0.979008,0.00031490083,0.002883675,0.006337068,1.942332e-06,1.6491836e-07,2,,,,0.0067389165,Test
1311,0,-3.9709473,-1.9603969,1.0771528,-1.5231299,-1.7298989,3.4045246,-3.168155,-4.2542453,0.0005603841,0.0041846274,0.08726659,0.00647977,0.0052693975,0.89456654,0.0012506454,0.0004221349,5,,,,0.5937262,-3.935597,-1.9767923,1.1452224,-1.4191287,-1.8169762,3.475525,-3.0815308,-4.3201966,0.0008375879,0.0044109905,0.10225127,0.007921703,0.005833904,0.8763386,0.0014695488,0.0009364389,5,,,,0.022485895,Test
1312,0,-0.88386637,-0.7203063,1.5286598,-2.0171082,-0.40059194,-1.7337707,-2.553994,-1.846276,0.061421927,0.07233635,0.6855991,0.019777106,0.09958796,0.026255155,0.011561019,0.023461415,2,,,,1.6773027,-0.62778306,-0.75800514,1.385996,-1.9824326,-0.35506803,-1.7986422,-2.4711425,-1.8481756,0.09209693,0.07692224,0.6288706,0.023177292,0.110801384,0.026912574,0.01444714,0.026771892,2,,,,0.021442495,Test
1313,0,6.205406,-0.07722844,-1.8836286,-0.032588698,-3.498411,-4.9225554,-2.8669035,-10.64837,0.9956989,0.0018604348,0.0003055658,0.0019453662,6.0787417e-05,1.4632397e-05,0.00011430733,4.771188e-08,0,,,,0.046737887,6.5306005,0.028403094,-2.0933912,0.057415456,-3.8852665,-5.603155,-2.9454734,-10.858304,0.9950469,0.0022064762,0.00030375892,0.002263808,4.173539e-05,1.1199196e-05,0.00012603887,1.3892111e-07,0,,,,0.0009890111,Test
1314,0,-3.1386676,-0.34005773,6.0062776,-2.9867887,0.31350386,0.048475597,-8.252646,-10.193071,0.00010591704,0.0017393485,0.99212193,0.00012328941,0.0033436806,0.00256522,6.3678505e-07,9.146974e-08,2,,,,0.07985847,-3.802374,-0.6809429,6.4140215,-3.0853667,0.2242508,0.6617851,-8.800552,-10.276713,0.000116729774,0.0012150502,0.9917351,0.00015752106,0.0030535944,0.0037194337,1.5320944e-06,1.0925213e-06,2,,,,0.0013831191,Test
1315,0,2.5079727,3.2233787,1.7667109,-3.680418,-2.0140114,-3.3696353,-8.510278,-13.242247,0.2827041,0.5781346,0.13471197,0.0005804277,0.0030722697,0.00079198956,4.6362507e-06,4.0841204e-08,1,,,,1.4020138,2.5062273,3.138917,1.569513,-3.7283642,-2.3366432,-3.1561708,-8.763318,-14.017842,0.30428532,0.5364555,0.1521236,0.001035803,0.004750681,0.001340278,8.8241795e-06,6.1382735e-08,1,,,,0.070336126,Test
1316,0,0.75618565,1.344047,0.28196943,-2.5864582,-1.99526,-0.0071029104,-4.8006225,-7.910666,0.2505104,0.45095238,0.15591083,0.008853886,0.01599146,0.11677066,0.0009672408,4.3137985e-05,1,,,,1.964325,0.9654604,1.4045907,0.180406,-2.4474516,-1.9681689,-0.37117606,-4.466655,-7.498662,0.32565272,0.43599027,0.13163024,0.010424408,0.016943607,0.07751886,0.0017473085,9.254668e-05,1,,,,0.06497421,Test
1317,1,2.5352137,0.5393513,-0.34630722,-1.8892459,-1.516873,-2.6377468,-3.4350393,-6.3752275,0.813227,0.11051462,0.045580924,0.009743017,0.014138809,0.00460918,0.0020766526,0.000109763074,0,,,,1.0045167,2.8208466,0.7730746,-0.48337954,-1.8902161,-1.5741081,-2.6584313,-3.4335456,-6.654792,0.81198424,0.1179166,0.039351545,0.009459754,0.014261173,0.0049183825,0.001932577,0.00017576796,0,,,,0.027700292,Test
1318,0,-2.4758956,0.35804677,4.5644436,-3.1195083,-0.20775846,0.39528418,-8.024965,-9.499032,0.00084200816,0.014324578,0.961384,0.00044238358,0.008134969,0.014868049,3.2763182e-06,7.502518e-07,2,,,,0.30271247,-2.5244899,0.43699703,4.237811,-3.1582754,-0.3187721,0.41723123,-7.7775345,-9.08511,0.002176533,0.026642159,0.93035424,0.00077262346,0.012231183,0.027810305,9.736589e-06,3.2280136e-06,2,,,,0.011371625,Test
1319,0,8.166796,0.55405366,-2.5309389,-0.39446715,-4.1626654,-6.9723897,-3.3216434,-12.655364,0.9992774,0.0004937581,2.2579738e-05,0.00019123913,4.4164076e-06,2.6596322e-07,1.02404765e-05,9.051851e-10,0,,,,0.009430216,8.303117,0.3117197,-2.5271442,-0.6077592,-4.3023477,-7.651848,-3.3485188,-11.780418,0.99926674,0.0004424933,2.5359139e-05,0.0002393752,7.1618606e-06,3.6955134e-07,1.8544317e-05,4.704412e-09,0,,,,0.0001378249,Test
1320,0,-2.765855,-1.8380367,2.5717075,-2.052996,0.020880373,-1.9814262,-3.0901315,0.9817757,0.0036345592,0.009191749,0.75600684,0.0074138287,0.058981474,0.007963882,0.0026279693,0.15417968,2,,,,1.1839492,-2.771012,-1.9948353,2.5144045,-2.1047127,-0.045831896,-1.9268061,-3.0003047,0.92530406,0.0042536543,0.009204319,0.7464978,0.008281982,0.05929161,0.0106541095,0.0040218346,0.15779467,2,,,,0.016696285,Test
1321,0,-3.3777077,0.060524717,6.3427563,-3.068066,-0.02222216,0.24957016,-8.669003,-10.75175,5.9684604e-05,0.0018580941,0.99404514,8.134635e-05,0.0017105318,0.0022447556,3.00526e-07,3.7441804e-08,2,,,,0.06284608,-3.5101962,0.16428028,6.3123183,-3.0980282,0.41730714,-0.030528974,-8.447519,-10.320758,0.00014653319,0.0040227277,0.9901738,0.00015153101,0.0032997646,0.002203319,1.8872277e-06,3.7243984e-07,2,,,,0.0015071221,Test
1322,0,-3.1715248,-0.036642708,4.257294,-3.1084049,-0.58662415,1.791928,-7.488182,-8.875929,0.00053612585,0.012323346,0.9027379,0.0005710568,0.0071100835,0.076712616,7.154287e-06,1.7859759e-06,2,,,,0.5584681,-3.1794283,0.040813923,4.2382674,-3.1585903,-0.57034254,1.7450749,-7.1704674,-8.683272,0.0012381842,0.024516392,0.8764494,0.0009857395,0.013729626,0.083047725,2.7577024e-05,5.3895565e-06,2,,,,0.021955458,Test
1323,0,-4.7209916,-0.7065983,7.7455387,-3.305908,0.00534104,1.325825,-10.300687,-13.268669,3.8446633e-06,0.00021295458,0.99770796,1.5827816e-05,0.00043398858,0.0016253882,1.4508645e-08,7.458456e-10,2,,,,0.026129227,-4.7761207,-0.40289298,7.507745,-3.4287167,0.20186098,0.90715706,-9.845839,-11.793577,1.0265014e-05,0.0006357277,0.9955114,3.7977446e-05,0.00089033664,0.0029140625,1.3574501e-07,2.5885294e-08,2,,,,0.0011958589,Test
1324,0,-1.5573556,0.9994095,4.103783,-3.22756,-0.32682854,-0.36115664,-7.6857104,-9.677976,0.003243688,0.04182423,0.9324817,0.00061048986,0.011103251,0.010728567,7.0717733e-06,9.644913e-07,2,,,,0.46133882,-2.0077186,0.6460918,4.365178,-3.577668,-0.16310208,-0.18294714,-7.9462533,-9.210706,0.00306588,0.03631081,0.9361995,0.00046339398,0.011209004,0.012738017,8.441397e-06,5.0607446e-06,2,,,,0.01409606,Test
1325,1,-2.4630322,1.2684808,4.9799223,-3.1512918,-0.81378025,0.459643,-8.813353,-12.37657,0.00056343456,0.023519006,0.96222705,0.00028309756,0.0029315986,0.010474786,9.838625e-07,2.7890048e-08,2,,,,0.28368813,-2.2210631,1.5785611,4.5169263,-3.5246887,-1.1591018,-0.18136217,-8.782179,-12.476685,0.002726944,0.06286508,0.9192704,0.00049503817,0.0045189215,0.010116337,7.0683504e-06,2.649963e-07,2,,,,0.01680435,Test
1326,0,5.300405,-1.4663074,-1.0134671,-0.33488125,-2.722318,-6.534114,-2.6657164,-7.2045755,0.9928336,0.0011432224,0.0017980285,0.0035440733,0.00032557573,7.1979766e-06,0.00034453537,3.681566e-06,0,,,,0.07464535,4.9542804,-1.6660407,-0.86024743,-0.31428716,-2.944437,-6.6141562,-2.5005603,-6.670129,0.98073894,0.002391679,0.0065249414,0.008227345,0.0008104257,3.6712627e-05,0.0012324542,3.7512928e-05,0,,,,0.0045877383,Test
1327,0,5.1130357,0.099326104,-1.3895144,-0.72826874,-2.883145,-4.602441,-3.3025038,-8.85345,0.9884644,0.006569535,0.0014823113,0.0028715394,0.0003328618,5.964623e-05,0.00021884598,8.4994974e-07,0,,,,0.10971323,4.9131384,0.0103148995,-1.5305434,-0.785453,-2.7594247,-4.1295285,-3.6276844,-8.581549,0.97908413,0.012460086,0.0028509372,0.0043930043,0.0007690934,0.00021250351,0.00022621386,4.0927e-06,0,,,,0.005836675,Test
1328,0,1.6976724,2.4236445,0.24131761,-2.8431554,-2.0735443,-2.1917868,-4.341859,-8.042081,0.29793733,0.61575884,0.06944453,0.0031773753,0.0068597216,0.0060947277,0.00070988806,1.7547047e-05,1,,,,1.3466765,1.8673509,2.4961214,0.09005136,-2.804705,-2.1623626,-2.1219192,-4.5261064,-8.245699,0.33575147,0.5792418,0.06490618,0.0033857166,0.006947023,0.009163632,0.00058622885,1.7947663e-05,1,,,,0.04539994,Test
1329,0,-3.3224597,-1.0764678,3.9485517,-2.7373343,0.2886089,0.52735853,-5.8758187,-4.8288608,0.0006516616,0.00615806,0.937092,0.0011698735,0.024115115,0.03061801,5.0712195e-05,0.00014447757,2,,,,0.43750358,-3.3252912,-0.974076,4.105447,-2.588558,0.34591454,0.4336392,-5.877978,-4.9118814,0.00087175024,0.0076450123,0.93465483,0.0013942539,0.025330007,0.029871423,9.1265574e-05,0.00014153347,2,,,,0.011325641,Test
1330,0,-3.499551,-0.3212996,5.4357657,-3.0084271,0.15649118,0.9073867,-8.06198,-9.449514,0.00012915021,0.0031002185,0.9809661,0.0002110511,0.0049991277,0.010592635,1.3478998e-06,3.3655712e-07,2,,,,0.16502142,-3.262521,-0.24943447,5.2732477,-2.9773319,0.36283737,1.1766777,-7.4965696,-8.952806,0.0004383026,0.0056180293,0.95852995,0.00057222554,0.008752281,0.02607944,8.196539e-06,1.5163924e-06,2,,,,0.00848905,Test
1331,0,-3.402401,-1.3549258,1.2732966,-1.6445317,-1.3237077,2.3984556,-2.938948,-3.08304,0.002157971,0.01672064,0.23156627,0.012516374,0.017250858,0.7133877,0.003430211,0.0029699027,5,,,,1.1872776,-3.3614936,-1.4908543,1.2418511,-1.4709499,-1.2761555,2.401186,-2.838323,-3.0032272,0.0033814039,0.016597617,0.22731057,0.01777891,0.019245172,0.70610404,0.005536079,0.004046271,5,,,,0.023989743,Test
1332,0,-1.9848862,-1.1081992,1.6725197,-2.0574057,-0.36086872,-0.83789897,-2.7925925,-0.57061166,0.017897047,0.043005276,0.6937014,0.016645106,0.09079945,0.056352295,0.007979928,0.073619515,2,,,,1.6442525,-1.8776045,-1.1096104,1.6088259,-1.9089991,-0.31580386,-0.8619851,-2.6128018,-0.43138695,0.026415015,0.048257098,0.64916545,0.02259158,0.09551735,0.059188165,0.012941651,0.08592366,2,,,,0.031007279,Test
1333,0,-2.7979217,-0.5546382,3.147117,-2.7555363,0.0023141894,0.927437,-5.4201903,-4.768176,0.0022149945,0.02087461,0.84580487,0.0023108963,0.036433395,0.09189153,0.00016089251,0.00030881772,2,,,,0.8568402,-2.7569451,-0.5465026,3.0558114,-2.7929242,-0.006714225,0.9750582,-5.339925,-4.461194,0.0036659413,0.02523074,0.81490123,0.0028313901,0.039122008,0.11339821,0.00023727398,0.000613229,2,,,,0.019576935,Test
1334,0,-2.7943804,0.046290264,3.3770444,-2.6216216,-1.0352058,1.7903363,-5.939247,-7.8525505,0.0016610847,0.028449807,0.7954402,0.0019743314,0.009646983,0.16274548,7.154732e-05,1.0559816e-05,2,,,,0.9338467,-2.6353865,0.124362186,3.105948,-2.565831,-1.2507436,1.7302816,-5.6562223,-7.689578,0.0034546484,0.059516408,0.7309071,0.003032606,0.010496357,0.19232868,0.00024026944,2.3995392e-05,2,,,,0.02539091,Test
1335,0,-0.9339082,1.9548193,4.375541,-3.5192318,-0.6065545,-1.0480095,-8.4981365,-11.918354,0.00447298,0.08038134,0.9046101,0.00033713595,0.006205328,0.003990647,2.320032e-06,7.5877395e-08,2,,,,0.5393268,-1.0859816,1.9559313,4.050373,-3.3760962,-0.9521039,-1.1290725,-8.5301895,-11.420103,0.0067782113,0.13579524,0.84318084,0.000694418,0.0069426075,0.006599427,8.787431e-06,4.8934464e-07,2,,,,0.026174277,Test
1336,0,-3.3408828,-1.052404,2.5899699,-2.1278212,-0.78258127,1.5318941,-4.2730503,-4.238423,0.001868818,0.01842641,0.7035641,0.00628627,0.024133667,0.24422337,0.00073575287,0.00076167606,2,,,,1.1678653,-3.5455582,-0.9846937,2.7179275,-2.1724012,-0.7127355,1.8125646,-4.6410055,-4.471026,0.001423239,0.01909944,0.6687272,0.005240412,0.02382708,0.28064284,0.00048063433,0.00055922114,2,,,,0.028064875,Test
1337,0,5.57034,0.46075693,-1.6648029,-1.3269897,-2.532014,-5.01365,-3.8227673,-9.647724,0.99188495,0.005989595,0.00071495475,0.0010022799,0.00030036797,2.5112664e-05,8.262027e-05,2.4397195e-07,0,,,,0.0783639,5.359464,0.44293842,-1.7810189,-1.38432,-2.4663594,-5.187211,-3.7138505,-9.441873,0.986129,0.009996898,0.001341818,0.0015547001,0.0006957153,0.000110898996,0.00017010223,8.4816577e-07,0,,,,0.0028574152,Test
1338,1,-2.9219353,-2.048641,2.8469164,-2.3107946,0.60029554,-1.4652314,-3.8432426,0.69766146,0.0024920292,0.0059678797,0.7978727,0.004591644,0.084379815,0.010695264,0.0009918239,0.093008794,2,,,,1.0608208,-2.8285527,-2.0578833,2.8294923,-2.4041848,0.6535435,-1.4793887,-3.794176,0.7262403,0.0033644761,0.0076983697,0.7765511,0.0047586975,0.09153936,0.012215958,0.0013963795,0.10247572,2,,,,0.019795544,Test
1339,0,6.251713,1.4549102,-2.198289,-1.459514,-3.6358783,-5.790616,-3.4870095,-11.163764,0.99104744,0.00818219,0.00021198508,0.00044376304,5.0346356e-05,5.836836e-06,5.8428035e-05,2.7079993e-08,0,,,,0.078759655,6.237008,1.7051157,-2.134131,-1.5132238,-3.504406,-5.6169763,-3.4712481,-10.974702,0.98379076,0.015097347,0.00038281415,0.00052709633,0.000103643724,1.62509e-05,8.197557e-05,1.388901e-07,0,,,,0.002998454,Test
1340,0,-4.87555,-1.0486412,7.2889395,-2.8660297,-0.34453896,2.283445,-9.579145,-12.468445,5.1736583e-06,0.00023757637,0.9925869,3.859415e-05,0.0004803866,0.0066513508,4.6887035e-08,2.607625e-09,2,,,,0.067572445,-5.130052,-1.2866141,7.1832094,-2.5676503,-0.08161037,2.013454,-9.181456,-11.929734,2.6998483e-05,0.0004979255,0.9903614,0.00013630897,0.0009246448,0.008052452,2.7368884e-07,2.0196357e-08,2,,,,0.0023042525,Test
1341,0,-0.81690335,0.79583114,1.1001298,-2.645495,-1.2332995,0.5051641,-4.2676344,-5.690886,0.05737941,0.2878444,0.39022315,0.0092174085,0.037837073,0.21523985,0.0018202143,0.00043854324,2,,,,2.0230186,-0.8555331,0.54045475,1.0170325,-2.695072,-1.2887129,0.6603192,-4.3953924,-5.5446467,0.06399474,0.24311538,0.37447825,0.010064614,0.037270896,0.26859227,0.0019181129,0.00056580483,2,,,,0.048640486,Test
1342,0,-4.718847,-1.1057771,6.8970337,-3.109084,0.42470682,1.4916937,-9.276002,-10.554303,8.96406e-06,0.00033238495,0.99361414,4.483488e-05,0.0015357551,0.0044638375,9.404983e-08,2.6193822e-08,2,,,,0.0630307,-4.7667313,-1.0057005,6.9657197,-2.949161,0.128859,1.716052,-9.471859,-10.350752,1.2980125e-05,0.00072575186,0.99153006,8.8121444e-05,0.0012713334,0.0063712737,3.8695785e-07,1.0119569e-07,2,,,,0.0011143978,Test
1343,1,-5.2330704,-1.5420659,7.3921375,-2.7115624,0.4288008,0.828618,-8.645069,-9.4076395,3.2797682e-06,0.00013146985,0.9974733,4.082444e-05,0.00094354467,0.0014073463,1.081511e-07,5.044875e-08,2,,,,0.028808093,-4.552255,-1.3207624,7.0783486,-2.40556,0.5905489,0.55955005,-8.070837,-8.754573,1.6342334e-05,0.00034056074,0.9957098,0.00011724299,0.0018828299,0.001932359,4.8586725e-07,3.94668e-07,2,,,,0.000644987,Test
1344,0,16.94764,-7.0027876,-5.27766,6.7835374,-9.274924,-11.788788,-3.9786088,-21.182621,0.9999615,3.966839e-11,2.226682e-10,3.8527392e-05,4.0894805e-12,3.3106363e-13,8.1626095e-10,2.7556343e-17,0,,,,0.00062053895,16.391382,-6.8376465,-5.256357,6.302963,-8.920979,-10.160132,-4.5608053,-21.150501,0.9998442,1.7671482e-09,6.3542736e-09,0.00015584733,1.15235e-09,1.4453024e-10,5.974801e-09,6.8770766e-15,0,,,,6.661905e-05,Test
1345,0,-0.73448133,1.9977994,3.1196961,-3.0213208,-1.2510594,-0.17771459,-7.035786,-10.901416,0.015150891,0.23283732,0.71496725,0.0015391338,0.009038391,0.026438626,2.778537e-05,5.820957e-07,2,,,,1.1419768,-0.51830184,2.0480812,2.8475566,-2.9404223,-1.1564689,-0.46782988,-6.756405,-10.697704,0.026904007,0.29727614,0.6322811,0.00206885,0.013132989,0.028276077,5.9549675e-05,1.2263034e-06,2,,,,0.03743536,Test
1346,0,-0.67815167,1.5923212,2.1943328,-3.5968633,-1.6938391,0.6277522,-7.465825,-10.742827,0.030794607,0.2982143,0.5444761,0.0016630082,0.011152371,0.11366362,3.4723656e-05,1.3105132e-06,2,,,,1.5975331,-0.5476058,2.0281186,2.4373477,-3.3812118,-1.6149819,0.5491714,-7.269039,-11.103952,0.047277175,0.34836864,0.4940249,0.0018114991,0.010395006,0.09806862,5.2427873e-05,1.7271317e-06,2,,,,0.05761687,Test
1347,1,0.6101464,2.3119142,1.9377428,-3.5257735,-1.7100132,-0.884075,-7.322206,-10.603236,0.09438735,0.5175856,0.3560259,0.0015090606,0.009274304,0.02118272,3.3879503e-05,1.2735134e-06,1,,,,1.5387398,0.8306923,2.2958999,2.1837327,-3.5644221,-1.8633705,-1.211839,-7.407327,-11.110415,0.11305543,0.44938153,0.41041103,0.0015588462,0.0082009975,0.01733869,5.222038e-05,1.2511632e-06,1,,,,0.061610192,Test
1348,0,5.9078994,-0.7678041,-2.4121723,0.24795659,-3.4042084,-4.270191,-1.7392066,-8.557392,0.99443734,0.0012541694,0.00024222334,0.0034633435,8.98215e-05,3.7782323e-05,0.00047476796,5.192553e-07,0,,,,0.05832431,5.754701,-0.95747006,-2.434794,0.15908562,-3.2580056,-4.067964,-1.8900511,-8.530499,0.992253,0.0016525488,0.0004261144,0.0047054947,0.00017349757,0.00012443935,0.00066396256,9.444434e-07,0,,,,0.0013894315,Test
1349,0,2.041753,4.12595,2.2642493,-3.7604825,-2.7193377,-1.6802156,-8.966048,-15.70855,0.09687008,0.7786546,0.12100925,0.00029262446,0.00082884694,0.002342929,1.6053225e-06,1.8937876e-09,1,,,,1.0084049,2.5177398,4.584298,2.591856,-3.7062058,-2.8078928,-1.7846209,-9.165901,-15.399785,0.12893705,0.69248664,0.17485622,0.00040486976,0.00068874785,0.0026244163,2.0704097e-06,6.8597408e-09,1,,,,0.05479829,Test
1350,0,-3.350482,-0.5054135,6.455027,-2.774435,0.41780838,-0.81032175,-8.159939,-8.998259,5.4916818e-05,0.00094472,0.9958274,9.769668e-05,0.0023782274,0.00069643906,4.4769808e-07,1.9360098e-07,2,,,,0.045624483,-3.090491,-0.6056212,6.4928236,-2.6452124,0.8251586,-0.8966347,-7.8059363,-8.601272,0.00013563587,0.0011542892,0.99367416,0.00021464881,0.003940344,0.00087912346,9.905602e-07,9.145082e-07,2,,,,0.0008893389,Test
1351,0,9.663043,-0.929816,-3.8613248,1.2135584,-5.0317693,-7.2197256,-2.4147325,-13.039134,0.99975353,2.508838e-05,1.3376251e-06,0.00021395789,4.1497015e-07,4.6537142e-08,5.68305e-06,1.3818557e-10,0,,,,0.0034824088,9.42834,-0.791871,-3.9236221,1.2624568,-4.9481235,-6.89645,-2.7338405,-12.804121,0.99945366,9.0712376e-05,3.891925e-06,0.0004398976,1.056206e-06,3.0031416e-07,1.0482433e-05,3.5245287e-09,0,,,,0.00012561772,Test
1352,0,-4.3165164,-0.6280993,7.7648396,-3.394766,-0.009901477,1.2292857,-10.670709,-13.161092,5.652168e-06,0.0002259823,0.99788696,1.4207774e-05,0.0004193283,0.0014478592,9.8316e-09,8.1482543e-10,2,,,,0.024470482,-5.3382773,-1.5159836,7.7190957,-3.6853027,-0.8120896,1.5656257,-11.358831,-13.329847,1.3017634e-05,0.00022305378,0.9963449,2.1092903e-05,0.00028019262,0.003117586,1.5229078e-07,5.746478e-09,2,,,,0.0007556912,Test
1353,0,-3.2589452,-0.56527543,2.041356,-2.0991454,-1.263963,2.8538017,-4.4802017,-6.063993,0.0014734976,0.021786902,0.29528484,0.0046994193,0.010833267,0.6653985,0.0004344748,8.91523e-05,5,,,,1.1579598,-3.2835457,-0.56631005,2.1937356,-2.1704955,-1.4465994,3.0392728,-4.583551,-6.2653933,0.0019329876,0.022327704,0.30154276,0.0043510213,0.00851052,0.66062397,0.00059327437,0.00011779426,5,,,,0.036889717,Test
1354,0,-0.83249915,1.4262587,1.4085081,-2.7302644,-1.5620377,1.0376478,-5.3803053,-8.10743,0.036891438,0.35309508,0.34688273,0.0055301455,0.01778652,0.23939778,0.0003906956,2.5554238e-05,1,,,,1.8792216,-0.6849104,1.3589818,1.5910127,-2.5050235,-1.3486449,1.0808874,-5.6580114,-8.027243,0.047817018,0.30840623,0.37040856,0.008380149,0.021658223,0.24287324,0.00041817967,3.8361464e-05,2,,,,0.043867137,Test
1355,0,10.240125,3.2526882,-3.7297761,-1.0757349,-5.574987,-8.196102,-5.101432,-17.362297,0.99906415,0.0009225467,8.5613533e-07,1.2166844e-05,1.3526264e-07,9.836537e-09,2.171901e-07,1.0280503e-12,0,,,,0.010874944,10.697513,3.6795387,-3.6508136,-1.0361041,-5.6642914,-7.9020185,-5.7824144,-17.94276,0.99885,0.0011350468,1.7136083e-06,1.2170987e-05,9.2183535e-07,2.8130831e-08,2.0292131e-07,4.423446e-12,0,,,,0.0002591295,Test
1356,0,-1.2694012,0.5975226,2.655799,-3.0058203,-0.45647886,-0.54048324,-6.047217,-5.9961367,0.015961101,0.10324227,0.8086406,0.0028115485,0.035984084,0.03308475,0.00013430235,0.00014134083,2,,,,1.0439379,-1.3525729,0.4233326,2.5002494,-2.6925066,-0.4780271,-0.4281312,-5.721242,-5.4938636,0.023211068,0.1114596,0.7720481,0.005025911,0.041250877,0.046294652,0.00031291207,0.0003969525,2,,,,0.029812813,Test
1357,1,-0.47980654,-0.67143875,1.9534708,-2.209303,0.09318838,-2.8939788,-3.4636433,-1.8596357,0.06424924,0.053044837,0.73219526,0.011396128,0.11395057,0.0057465374,0.0032509034,0.016166493,2,,,,1.4049152,-0.6513854,-0.7474642,2.145185,-2.149814,0.23461786,-3.0944219,-3.5210106,-1.7145351,0.051995374,0.043555968,0.75077,0.012286733,0.11577783,0.004997131,0.0033864682,0.01723053,2,,,,0.021666218,Test
1358,0,-2.6207438,-1.378596,3.0639338,-2.6557338,0.26309273,-1.6488,-4.7263775,-1.0313379,0.003074085,0.010645692,0.9047738,0.0029683833,0.054973092,0.008125044,0.00037432666,0.015065589,2,,,,0.6329008,-2.7280476,-1.6522682,3.2227674,-2.780347,0.4530871,-1.792524,-4.859959,-0.9894109,0.0031030797,0.008154,0.90107906,0.0027762165,0.06073612,0.0072399415,0.00043117913,0.016480384,2,,,,0.011091772,Test
1359,0,2.8761458,2.8241365,-0.14337336,-3.0416791,-3.592471,-1.6468514,-6.212394,-13.216382,0.49668297,0.4715111,0.024250392,0.0013365975,0.00077053934,0.0053922064,5.610176e-05,5.0954604e-08,0,,,,1.2051474,2.941467,2.888812,-0.08697711,-3.0408728,-3.6384811,-1.3965932,-6.5254974,-13.740108,0.47784948,0.44630098,0.04960806,0.0021796892,0.0012133282,0.022794858,5.34834e-05,1.2778062e-07,0,,,,0.0673458,Test
1360,0,-2.0437691,1.1757481,4.8693814,-3.4309692,-1.1036414,0.67284256,-8.811099,-12.456108,0.000952956,0.023839192,0.9581116,0.00023802347,0.0024398614,0.014417249,1.0966264e-06,2.8645195e-08,2,,,,0.30945697,-1.9314468,1.7978742,5.297558,-3.3793526,-0.76425576,0.8745054,-9.325524,-13.110257,0.0015306717,0.056055754,0.9229679,0.00025180847,0.0025235016,0.016668774,1.5538544e-06,4.637669e-08,2,,,,0.015879001,Test
1361,0,-3.8127947,-1.8288456,3.6702845,-2.3371296,0.48333454,0.6205076,-5.0337067,-2.7694814,0.0005125291,0.0037268035,0.91112596,0.0022417735,0.03762735,0.04315957,0.00015117612,0.001454868,2,,,,0.56712234,-3.7432373,-1.7778953,3.5295765,-2.270419,0.23022488,0.54724705,-4.633299,-2.685328,0.00076172414,0.006668215,0.899924,0.0029745323,0.03511386,0.05206301,0.00044311507,0.0020514738,2,,,,0.0110264,Test
1362,0,-4.0018024,-1.6977566,3.0109034,-1.7010624,-0.9483635,1.1735824,-3.9653986,-3.3008125,0.00075032405,0.0075142076,0.8333517,0.0074894107,0.015897928,0.13270582,0.0007781419,0.0015124633,2,,,,0.83672726,-3.9199786,-1.7859342,3.0128577,-1.6708851,-1.0321925,1.2531629,-3.8732464,-3.7399738,0.0011424362,0.008151044,0.8094883,0.008744803,0.01730315,0.15261692,0.001197286,0.0013560392,2,,,,0.024046268,Test
1363,0,-1.6353816,-0.41596127,2.1319673,-2.2879207,-0.0928299,-1.289931,-3.7025454,-2.1680117,0.018190455,0.061578773,0.78701377,0.009472167,0.08506779,0.02569631,0.0023018958,0.010678865,2,,,,1.2166847,-1.4684609,-0.451468,2.0873399,-2.1937478,-0.027517918,-1.117046,-3.635963,-2.2544293,0.02335466,0.062942214,0.76194566,0.011481488,0.09419964,0.03293361,0.0028400098,0.010302623,2,,,,0.014431102,Test
1364,0,-2.9629107,0.4674509,5.4692554,-3.1217577,-0.79958683,1.2757062,-8.815688,-11.95737,0.00021262153,0.006567414,0.9764509,0.00018139316,0.0018498087,0.014737206,6.1063014e-07,2.6385397e-08,2,,,,0.19250955,-2.7293591,0.15075961,5.6390605,-2.7451081,-0.8943062,1.4597193,-8.820643,-12.00822,0.00049901207,0.011034153,0.9663655,0.00046669302,0.0018252982,0.019807039,2.051753e-06,1.5295726e-07,2,,,,0.0071291835,Test
1365,0,7.3478227,0.6001551,-2.4699483,-0.671371,-3.66267,-6.2716303,-2.9429007,-11.477215,0.9983936,0.0011717287,5.438737e-05,0.00032855663,1.6500828e-05,1.214642e-06,3.3892e-05,6.663342e-09,0,,,,0.019086652,7.1880784,1.4021366,-1.991489,-0.40201217,-3.387797,-5.953574,-2.7319562,-10.650274,0.9942115,0.0049542272,0.0001503687,0.0005614896,4.6762496e-05,5.0843305e-06,7.057855e-05,5.486651e-08,0,,,,0.0013795459,Test
1366,1,1.1864595,2.1993318,0.98458046,-3.458386,-1.5151846,-1.9592516,-5.88913,-8.256854,0.21315785,0.58692974,0.17419125,0.002048663,0.014301848,0.009173524,0.00018022364,1.6885819e-05,1,,,,1.5362526,1.5398346,2.2367296,0.84447825,-3.6471603,-1.6595453,-2.2248244,-6.0995436,-8.439676,0.2855932,0.54027843,0.15039891,0.0016447969,0.014345366,0.007537888,0.00017004431,3.133669e-05,1,,,,0.06461874,Test
1367,0,2.7316551,2.206104,0.40276068,-2.6996696,-2.3805275,-3.4508026,-5.1975613,-10.76206,0.5877306,0.34748363,0.057246946,0.0025726687,0.0035398558,0.0012138665,0.00021162325,8.108345e-07,0,,,,1.2821118,2.5430322,2.1513705,0.3685183,-2.7111952,-2.346664,-3.672963,-4.6562324,-10.67108,0.52839005,0.3683772,0.092381634,0.0034616515,0.005149699,0.0017089561,0.00052892196,1.8478922e-06,0,,,,0.045705754,Test
1368,0,-2.7845516,0.64694434,5.178153,-3.1925662,-0.6863189,1.3946754,-8.610628,-11.725035,0.0003358085,0.010384164,0.96438485,0.00022330237,0.0027374274,0.021933444,9.905099e-07,4.3983484e-08,2,,,,0.26965913,-3.1494932,0.34288344,5.259581,-3.0514216,-0.6558958,1.442364,-8.617849,-11.868163,0.00071085355,0.023904186,0.93341494,0.00034341402,0.004144033,0.037478685,3.5488524e-06,3.3243236e-07,2,,,,0.0208319,Test
1369,0,-2.5723834,-0.19389781,2.2737062,-2.6353967,-1.1070504,2.3457499,-5.5515456,-7.0513625,0.0035573565,0.03837873,0.45264462,0.0033401116,0.015399742,0.4864582,0.00018083966,4.035819e-05,5,,,,1.3558384,-2.6961808,-0.16441484,2.374595,-2.6987646,-1.0085676,2.4752173,-5.8459306,-7.315829,0.0043393653,0.04186881,0.43685523,0.0039865198,0.020709295,0.49190578,0.00026972548,6.526326e-05,5,,,,0.045446914,Test
1370,0,-3.265762,-0.12321216,4.122065,-3.0015528,-0.69261396,2.1760066,-7.381234,-9.448022,0.0005303265,0.01228387,0.8571085,0.0006906973,0.0069509987,0.1224259,8.653987e-06,1.0955235e-06,2,,,,0.7026021,-2.868703,0.03235353,3.7104251,-3.0075178,-1.0578697,2.1801271,-7.3193474,-9.805201,0.002434926,0.038095642,0.77413166,0.0017366821,0.0076222606,0.17591412,6.148737e-05,3.24192e-06,2,,,,0.024421772,Test
1371,0,-3.8684182,-0.51255935,6.1808014,-3.101612,0.24745195,0.1979742,-8.753251,-9.269461,4.2938358e-05,0.0012310514,0.99349535,9.244105e-05,0.0026323574,0.0025052843,3.2463046e-07,1.937324e-07,2,,,,0.067331314,-4.087169,-0.5471058,6.488037,-3.449041,0.15923391,0.16089007,-9.204035,-9.239374,5.7004007e-05,0.0016908838,0.9930399,0.000117489755,0.0021417735,0.0029520073,4.1938384e-07,6.082212e-07,2,,,,0.0012663295,Test
1372,0,13.241302,1.8440828,-5.2380676,-0.08617006,-7.0008135,-11.415696,-4.370551,-19.491919,0.9999871,1.1226522e-05,9.429875e-09,1.6290971e-06,1.6179144e-09,1.957025e-11,2.2452463e-08,6.083282e-15,0,,,,0.00023527596,13.217697,0.8608905,-5.086979,-0.31948262,-7.097123,-12.29601,-5.036184,-18.817905,0.9999878,9.570054e-06,3.5666773e-08,2.590932e-06,6.848853e-09,8.157109e-11,3.3825362e-08,2.6797114e-13,0,,,,3.2765545e-06,Test
1373,0,-1.0076766,1.6823676,4.265556,-3.4612067,-1.1078378,-0.23738633,-9.096945,-13.386625,0.004674445,0.068865456,0.9117291,0.00040195312,0.0042289314,0.010098641,1.4341855e-06,1.9661684e-08,2,,,,0.5284258,-1.0490882,2.0750816,4.119876,-3.2351365,-1.1319675,0.032826018,-9.287355,-13.67319,0.0077807517,0.18047574,0.79037464,0.0016434675,0.005027162,0.0146917645,6.4866267e-06,4.31002e-08,2,,,,0.054383785,Test
1374,0,-0.64159966,1.8891152,4.6359396,-3.761632,-1.4804345,-0.24409567,-9.808748,-14.706417,0.004730048,0.05942116,0.92655617,0.00020885878,0.0020443923,0.007038811,4.938824e-07,3.6863161e-09,2,,,,0.45167622,-0.39250913,1.9861271,5.0900164,-3.8512268,-0.7457198,-0.46958145,-10.117329,-13.50602,0.0072694845,0.06530959,0.91637963,0.00029710223,0.005740447,0.005003286,4.2089295e-07,1.5912937e-08,2,,,,0.021853147,Test
1375,0,12.5139,-4.5483713,-3.252242,4.244992,-6.8242674,-9.451115,-4.0320206,-16.637573,0.9997434,3.8890036e-08,1.421478e-07,0.00025629942,3.994195e-09,2.8880423e-10,6.5175776e-08,2.1855677e-13,0,,,,0.0034335486,12.0090475,-4.717665,-2.885305,4.261406,-6.3038015,-8.724562,-4.3142176,-16.15756,0.99906063,1.4311947e-06,1.5301617e-06,0.0009359416,4.3864382e-08,9.074951e-09,4.465309e-07,7.8168375e-11,0,,,,0.0003073666,Test
1376,0,-0.57670915,0.5652217,0.70144683,-2.1928232,-1.2674543,-0.3387963,-3.3732314,-4.188346,0.102256544,0.3203505,0.3671024,0.020315232,0.051251236,0.12972252,0.006239889,0.0027617041,2,,,,2.1785173,-0.4278407,0.5451562,0.7655425,-2.1610968,-1.3924373,-0.35849902,-3.5224395,-4.2626777,0.12021015,0.30292282,0.37823865,0.020307299,0.043495513,0.12595971,0.006137226,0.0027286217,2,,,,0.03631821,Test
1377,0,-3.4001188,-1.2576352,2.6414685,-1.9508446,-0.48624188,-0.34169096,-3.821098,-2.5291018,0.0020959591,0.017858773,0.8814767,0.00892883,0.038624555,0.04463146,0.0013757956,0.005007958,2,,,,0.77644575,-3.4400265,-1.2075713,2.5275698,-2.0837343,-0.53153217,-0.28510135,-3.8598824,-2.374344,0.0025509899,0.021296576,0.8557167,0.009014908,0.042104013,0.05840366,0.001890976,0.009022198,2,,,,0.0144778155,Test
1378,0,1.8141587,1.627976,0.51883316,-2.6310484,-1.8024626,-2.114952,-4.8929157,-8.414329,0.46222296,0.38370138,0.12656067,0.0054240366,0.0124214655,0.009087834,0.00056494505,1.6698446e-05,0,,,,1.6097382,1.4516023,1.5148022,0.58093566,-2.60259,-1.7422673,-2.044719,-4.941128,-8.026457,0.37399712,0.3942265,0.18296029,0.0075462856,0.02182414,0.018503405,0.0008561167,8.616831e-05,1,,,,0.045420997,Test
1379,0,-3.0779939,0.35754907,5.2525234,-3.1406438,-0.19733776,0.75720763,-8.194447,-10.226872,0.00023553331,0.007312898,0.9771243,0.00022122973,0.004198607,0.010905839,1.4125536e-06,1.8506896e-07,2,,,,0.19431037,-2.678644,0.38143367,5.134799,-2.9777753,-0.11763954,0.4738947,-7.7569757,-10.031298,0.00058071513,0.011096604,0.97041243,0.0005087679,0.005980343,0.011413904,6.615588e-06,6.0720475e-07,2,,,,0.005105955,Test
1380,1,-2.8869307,-0.49864206,6.6212215,-3.036476,0.268601,-0.044111107,-9.458556,-12.296597,7.3951e-05,0.0008056837,0.99605197,6.367914e-05,0.0017352974,0.0012693013,1.0349603e-07,6.05868e-09,2,,,,0.043996595,-2.7683508,0.10845804,6.403926,-3.2229753,0.36347413,-0.23389912,-9.4079685,-12.217494,0.0004198447,0.003214163,0.9902581,0.00013064634,0.0042943144,0.0016823921,4.173556e-07,2.0130145e-08,2,,,,0.0021564043,Test
1381,0,-3.195316,-2.0316746,3.4126432,-2.558802,0.67053926,-1.8300828,-4.6870627,0.51802844,0.0011905653,0.0038116784,0.8821724,0.0022500276,0.056842454,0.0046630125,0.00026785265,0.048802074,2,,,,0.7086092,-3.2935078,-1.9714444,3.456674,-2.551852,0.7549923,-1.768207,-4.873605,0.42133522,0.0013021025,0.005803502,0.87562466,0.00297965,0.060790986,0.0055474257,0.00038458902,0.047566988,2,,,,0.013793984,Test
1382,0,6.880341,-1.9894261,-2.035784,0.770993,-3.4675422,-6.9842033,-2.05693,-8.624331,0.99734575,0.00014020219,0.00013385103,0.0022161007,3.1975487e-05,9.496221e-07,0.00013105036,1.8418396e-07,0,,,,0.02907313,6.645079,-1.9453766,-2.3481095,0.81056166,-3.2912548,-6.6074705,-1.860637,-8.266218,0.99459374,0.00036850153,0.00017190355,0.0043044654,6.6842375e-05,4.5068896e-06,0.0004893589,7.254695e-07,0,,,,0.0011374406,Test
1383,0,-4.7991953,-0.9149035,7.1548686,-2.8373206,0.6319823,1.1901952,-9.063748,-10.771195,6.404843e-06,0.00031148343,0.9956169,4.5555367e-05,0.0014629812,0.0025566276,9.004024e-08,1.6326828e-08,2,,,,0.046501152,-5.281689,-0.589163,7.6298423,-3.2017097,1.0475222,1.5197319,-9.6653385,-10.999707,8.1474445e-06,0.000729323,0.99179155,3.168145e-05,0.0019369479,0.005502251,9.784903e-08,4.936654e-08,2,,,,0.003009047,Test
1384,0,-3.9888463,-1.8744355,1.3465008,-1.5552298,-1.5187501,2.469677,-2.892263,-3.0480645,0.001131571,0.00937473,0.23485164,0.012899952,0.013379224,0.7220759,0.0033878323,0.002899067,5,,,,1.1208049,-3.8412526,-1.7740629,1.3001249,-1.4026248,-1.4854221,2.4132729,-2.535918,-3.1360726,0.0017973313,0.012308234,0.24214664,0.017527955,0.017735286,0.6988139,0.006591083,0.0030796393,5,,,,0.030393897,Test
1385,0,6.1601696,-0.50064546,-2.044887,-0.18134025,-3.3649848,-4.9506636,-3.049007,-9.977379,0.99650913,0.0012756337,0.00027231418,0.0017554908,7.2737676e-05,1.4897306e-05,9.976691e-05,9.773116e-08,0,,,,0.03915384,5.712302,-0.87601835,-1.6897074,-0.2777943,-2.5816658,-4.4655013,-2.6356394,-9.349462,0.9937793,0.0018162627,0.00076762825,0.0028882006,0.00037588066,5.4581295e-05,0.00031774468,5.147419e-07,0,,,,0.0007998164,Test
1386,0,-1.2901224,-0.2667369,1.0182775,-2.1972356,-1.0350976,1.0380042,-3.7350225,-4.3443027,0.0385688,0.10732149,0.38793716,0.015569755,0.04977278,0.39566582,0.003345257,0.0018189565,5,,,,1.9389402,-1.2851757,-0.33340496,1.1258967,-2.2339637,-0.9545334,0.9554206,-3.6312451,-4.332689,0.045854587,0.105574295,0.41701835,0.014671391,0.05164064,0.35935834,0.003933524,0.0019488456,2,,,,0.043386657,Test
1387,0,-2.0923,1.0464197,3.88178,-3.0443342,-1.0273247,0.52725077,-7.2262964,-9.537882,0.0023030678,0.053141713,0.90535057,0.000888881,0.0066806674,0.031620104,1.3571899e-05,1.3450295e-06,2,,,,0.5901482,-2.2078533,1.2518917,3.8641067,-3.222238,-0.7144078,0.43243608,-7.335898,-9.835329,0.002783869,0.09497232,0.857165,0.0012807391,0.010243539,0.033513468,3.8297727e-05,2.75467e-06,2,,,,0.030631753,Test
1388,1,6.2021265,-2.299295,-1.6584965,0.700353,-3.295554,-6.049578,-2.65269,-8.174748,0.9951324,0.00020219047,0.0003837565,0.004059673,7.466044e-05,4.7537123e-06,0.00014199823,5.676536e-07,0,,,,0.049027372,6.214447,-2.088113,-1.8448508,0.52000505,-3.4704902,-6.3806524,-3.0400393,-8.373915,0.9948309,0.00050154753,0.0005372735,0.0038648308,0.0001285265,5.840689e-06,0.00012952022,1.5739831e-06,0,,,,0.0009221332,Test
1389,0,7.360657,-2.479272,-2.44833,1.718313,-3.990814,-5.747292,-2.140655,-9.6364975,0.99627256,5.308246e-05,5.4750664e-05,0.0035313366,1.1708385e-05,2.0214738e-06,7.447503e-05,4.1362604e-08,0,,,,0.036913536,7.0183997,-1.7298294,-2.6120908,1.4087931,-4.3253965,-5.86982,-2.31713,-9.525366,0.99482316,0.00022290177,9.5177245e-05,0.0046821525,1.7007293e-05,6.5948166e-06,0.0001528293,1.3227141e-07,0,,,,0.0010116065,Test
1390,0,-4.2008257,-2.2435942,2.9220207,-2.1246393,-0.28489736,0.9855463,-4.346266,-1.7441149,0.0006677466,0.0047274455,0.82798916,0.0053246133,0.033517983,0.11940556,0.00057736156,0.0077901823,2,,,,0.90033525,-4.104511,-2.271883,2.9848073,-2.0675263,-0.21881524,1.0270447,-4.4126873,-1.9636217,0.00090327207,0.0050534904,0.8104845,0.0060222396,0.03743325,0.13223992,0.000607337,0.007255964,2,,,,0.023130547,Test
1391,0,-3.558517,-0.37613976,6.8043284,-3.3670273,0.2738915,-0.58199227,-9.405161,-9.826192,3.149283e-05,0.00075910287,0.99709904,3.8139453e-05,0.0014541377,0.00061787415,9.1001034e-08,5.973038e-08,2,,,,0.03337322,-3.7898889,-0.49832362,6.9821334,-3.3805232,0.30240443,-0.6747679,-9.709494,-9.51841,8.778187e-05,0.0011704745,0.9961046,5.5313478e-05,0.0018090692,0.00077219645,3.4287484e-07,1.6633454e-07,2,,,,0.0008118994,Test
1392,0,2.0888674,3.159506,0.8355165,-3.2618918,-2.1369102,-2.0744276,-6.482879,-11.083607,0.23596624,0.6883706,0.06737929,0.0011195526,0.0034484023,0.0036707423,4.4687647e-05,4.4886642e-07,1,,,,1.1941969,2.191853,3.1513104,0.6427375,-3.088554,-2.0062022,-1.6809444,-6.03824,-10.842089,0.28640962,0.63574374,0.06407292,0.0016028391,0.0042541213,0.007813076,0.00010231389,1.4374621e-06,1,,,,0.04442287,Test
1393,0,-3.434864,-1.2755815,1.7093948,-1.7142181,-0.958069,1.4444655,-3.2758613,-3.058939,0.0030050639,0.026038636,0.51520133,0.016792707,0.035769444,0.39529347,0.00352296,0.004376388,2,,,,1.5183533,-3.5569465,-1.1501714,1.5839468,-1.5452105,-1.0163248,1.5064938,-3.2840412,-2.8631353,0.0034651128,0.033057846,0.46639293,0.022591807,0.034215033,0.42960253,0.004221022,0.006453698,2,,,,0.033141132,Test
1394,0,-5.5363407,-3.053187,6.490842,-1.9799204,1.3077713,0.44390792,-6.760693,-6.2072678,5.9304143e-06,7.104031e-05,0.9917999,0.00020778718,0.0055647423,0.002345708,1.7432327e-06,3.031832e-06,2,,,,0.077662565,-5.7560964,-3.203136,6.62115,-2.158828,1.2680123,0.6949514,-6.807888,-6.793752,6.8332056e-06,0.000103874074,0.99093914,0.0002273889,0.005290515,0.0034248705,4.431721e-06,2.9076493e-06,2,,,,0.0013565918,Test
1395,0,-0.61172724,-0.8943178,1.1047866,-2.0075567,-0.7315813,-2.1388018,-2.691002,-1.3545691,0.10785683,0.08130553,0.6002334,0.026708324,0.095674396,0.023423271,0.013484353,0.05131395,2,,,,1.9769106,-0.6084118,-0.8213504,1.2017821,-1.8958956,-0.74957776,-2.1180522,-2.5969462,-1.2426217,0.11198188,0.08312144,0.5967124,0.02927045,0.08582741,0.023264995,0.016081428,0.053739954,2,,,,0.035157368,Test
1396,0,-0.7533386,1.6087298,3.6600997,-3.384919,-0.64652056,-0.8812723,-7.832554,-10.697877,0.0103916405,0.11028523,0.8578592,0.00074783067,0.011563109,0.009143724,8.7542685e-06,4.9868447e-07,2,,,,0.7532501,-0.9328035,1.5593998,3.696919,-3.4154994,-0.44801182,-0.80850494,-7.669364,-10.393946,0.017758498,0.13108227,0.81690294,0.0011622219,0.018089835,0.0149689885,3.283988e-05,2.4459484e-06,2,,,,0.041827805,Test
1397,0,-1.8850919,1.3718017,3.3130581,-3.0041828,-1.3619325,1.4016695,-7.123883,-10.579827,0.0042250883,0.109720245,0.76447576,0.0013798152,0.0071292045,0.11304678,2.2421144e-05,7.075552e-07,2,,,,1.0991727,-1.8849611,1.2952633,3.484136,-2.8510041,-1.0920087,1.4633135,-6.9400277,-10.0574045,0.004996987,0.117198646,0.7507246,0.0018177636,0.009198036,0.11603131,3.0421215e-05,2.1737706e-06,2,,,,0.039402697,Test
1398,0,-4.052095,-2.5226336,2.3041809,-1.6390184,-0.7902318,-0.2171507,-2.8034444,0.6171394,0.0012897046,0.0059528737,0.7429946,0.014403765,0.033658847,0.059701506,0.004495441,0.1375032,2,,,,1.2990183,-3.9992466,-2.4834914,2.284784,-1.5157508,-0.774821,-0.28740734,-2.7567458,0.68181795,0.001536361,0.006578327,0.7146879,0.016941868,0.03448614,0.06243846,0.005511065,0.15781988,2,,,,0.02521418,Test
1399,0,-3.7309666,-1.7877548,0.9795633,-1.110592,-1.6457531,1.1165653,-2.13455,-1.4451296,0.003532645,0.024661873,0.39251575,0.04854161,0.028424745,0.45014903,0.017434716,0.034739718,5,,,,1.8365587,-3.8880405,-1.8352894,1.0696676,-1.1386162,-1.5258833,1.0831525,-2.3154109,-1.4969488,0.003418813,0.024918279,0.41639003,0.04761755,0.033423044,0.42280573,0.016212467,0.035214074,5,,,,0.030220497,Test
1400,0,10.389866,1.0835415,-3.8075697,-0.38813478,-5.11825,-9.341806,-3.7329974,-15.148342,0.99988663,9.083758e-05,6.8246896e-07,2.0850883e-05,1.8401857e-07,2.695221e-09,7.353074e-07,8.106771e-12,0,,,,0.0017403682,10.554551,1.6389929,-3.7341454,-0.31965,-5.149889,-9.338617,-3.9056888,-15.414973,0.9996559,0.00031300503,1.6893058e-06,2.7853961e-05,3.9836664e-07,1.3865154e-08,1.169214e-06,3.3945048e-11,0,,,,9.080133e-05,Test
1401,0,-3.258777,0.6371158,6.4153996,-3.4490616,-0.27050057,0.50954854,-9.524299,-12.359698,6.243831e-05,0.003071962,0.9928703,5.1619234e-05,0.0012394898,0.0027040457,1.1867781e-07,6.9658084e-09,2,,,,0.0725358,-3.5716214,0.5763167,6.460486,-3.2859263,-0.05946953,0.26584247,-9.38869,-12.403884,0.00018184046,0.0058162035,0.9866103,0.0002835553,0.0028213982,0.00428541,1.2998557e-06,3.7157495e-08,2,,,,0.0034528114,Test
1402,0,-3.1202934,-0.69582045,3.2175822,-2.845957,0.083872065,0.98403984,-5.6007075,-4.7249975,0.0015043764,0.016993847,0.8508653,0.0019792428,0.037060205,0.09116868,0.00012592913,0.00030230285,2,,,,0.8264009,-2.8947601,-0.8080866,2.8718214,-2.903131,-0.16214335,1.021019,-5.459865,-4.637027,0.003532426,0.026516687,0.7856275,0.003042133,0.041454174,0.13872574,0.00027615367,0.0008251575,2,,,,0.02907473,Test
1403,0,2.941244,1.7932051,0.30717158,-2.6295998,-1.7006094,-4.327282,-4.6296597,-8.070092,0.7123928,0.22601259,0.051139496,0.0027122695,0.006867335,0.0004966366,0.00036704369,1.1764051e-05,0,,,,1.1351228,2.7617242,1.6398827,0.33466995,-2.5806139,-1.5246336,-4.088216,-4.4296503,-7.675284,0.6746528,0.23190928,0.07312472,0.00411239,0.0144319385,0.0009127791,0.00080581725,5.0323095e-05,0,,,,0.032783575,Test
1404,0,5.0037,-0.029737772,0.31088668,-1.7656252,-2.338567,-5.751071,-5.308953,-11.69635,0.982774,0.0064041195,0.009003076,0.0011286858,0.00063642557,2.0975693e-05,3.2638152e-05,5.49179e-08,0,,,,0.15110342,4.846034,-0.21758851,0.39287212,-1.8764465,-2.7220225,-5.813933,-5.3513184,-11.671067,0.9637686,0.016426856,0.016689902,0.001714365,0.0012469873,5.470725e-05,9.80929e-05,5.3425117e-07,0,,,,0.010762266,Test
1405,1,8.010922,-0.73971885,-2.380414,0.20785663,-4.36781,-6.8318963,-3.5639248,-12.905543,0.99938893,0.00015826304,3.0678526e-05,0.00040823114,4.204547e-06,3.5775037e-07,9.393821e-06,8.2381346e-10,0,,,,0.008175215,7.967925,-0.59119684,-2.3032525,0.14530207,-4.1693587,-6.560614,-3.957389,-13.234365,0.9986186,0.00041786482,0.00010981221,0.00079250813,3.8630227e-05,2.3092198e-06,2.023343e-05,1.212956e-08,0,,,,0.00039885883,Test
1406,0,-2.792055,-0.687543,2.835309,-2.7344441,-0.27081957,1.504639,-5.5044417,-5.483042,0.0026721845,0.021920199,0.74267644,0.0028306528,0.03325256,0.19628946,0.00017737488,0.00018121151,2,,,,1.1151885,-2.3364944,-0.4783303,2.7142758,-2.55793,-0.1472499,1.1590868,-5.3054905,-5.3653398,0.00718324,0.03855914,0.7252485,0.005538323,0.042818863,0.17950459,0.0007293152,0.00041799387,2,,,,0.037182994,Test
1407,0,22.06063,-8.483509,-7.6940846,9.863254,-12.695109,-14.24752,-4.976739,-28.329004,0.999995,5.4305827e-14,1.1958848e-13,5.043641e-06,8.0495436e-16,1.7043866e-16,1.8105801e-12,1.3063458e-22,0,,,,9.597681e-05,23.479458,-8.676853,-7.6711245,10.745248,-13.392958,-14.582565,-4.684394,-30.860455,0.9999921,4.5223599e-13,3.086131e-12,7.839271e-06,6.0010867e-13,3.2106695e-15,3.2225757e-11,1.4061127e-20,0,,,,3.080286e-06,Test
1408,0,-4.7875295,-0.9863941,6.793658,-3.2098176,0.2099344,1.8744079,-9.612672,-10.685623,9.25538e-06,0.0004141965,0.9909231,4.4831766e-05,0.0013701406,0.007238304,7.427819e-08,2.5402993e-08,2,,,,0.082992,-4.266394,-0.98490113,6.603862,-2.8958201,0.10265688,1.7998041,-9.007482,-10.232466,5.9576472e-05,0.0012492327,0.9786738,0.00019671643,0.0023250328,0.017494913,5.408486e-07,1.426408e-07,2,,,,0.009012244,Test
1409,0,-3.809048,-2.0354192,2.6889155,-2.0288496,-0.23422305,0.1580078,-3.7953267,-0.66642475,0.001266934,0.007465023,0.8409761,0.0075142286,0.045214806,0.066930555,0.0012844374,0.02934796,2,,,,0.9529107,-4.0929594,-1.7869136,2.773282,-2.0813682,-0.056893498,0.04654143,-4.007711,-0.43480745,0.0010185047,0.009905098,0.832003,0.0074162856,0.05155633,0.05873893,0.0010757976,0.038285937,2,,,,0.014749807,Test
1410,0,-3.291926,0.22944367,3.858344,-3.027946,-1.3461895,2.5437727,-7.4812846,-9.538404,0.00060244504,0.020381153,0.7677861,0.00078444486,0.0042163827,0.20621921,9.130662e-06,1.1670951e-06,2,,,,0.92486596,-3.2164567,0.35193095,3.5843194,-3.134501,-1.679352,2.3356442,-7.113311,-9.497777,0.0015531133,0.03981338,0.7270487,0.0015131633,0.0045064613,0.22543672,0.0001221521,6.2821005e-06,2,,,,0.031540133,Test
1411,0,1.684579,3.1388621,1.2234468,-3.1748235,-2.4432673,-1.6642756,-6.925199,-12.074259,0.16747154,0.71701485,0.10560242,0.0012987615,0.0026992315,0.0058823647,3.053247e-05,1.7723661e-07,1,,,,1.1978891,1.8653469,3.333217,1.0867857,-3.0529935,-2.01696,-1.7642845,-6.8108315,-12.361563,0.18105969,0.69435585,0.10904072,0.0017005792,0.005111255,0.008682317,4.918133e-05,3.367744e-07,1,,,,0.05033057,Test
1412,0,-3.433884,-0.084859,5.8249,-2.8783236,-0.5873464,0.8939635,-8.302133,-10.778385,9.415663e-05,0.0026811068,0.9883024,0.0001641072,0.0016221331,0.0071352827,7.237645e-07,6.0838e-08,2,,,,0.10893445,-3.9022336,-0.17448433,6.3256807,-3.338721,-0.13079621,0.71417326,-8.812673,-10.302072,0.000109892186,0.0021810997,0.9916166,8.34914e-05,0.002065149,0.0039428016,7.852953e-07,1.9001916e-07,2,,,,0.0013113078,Test
1413,0,-4.8166637,-2.0672574,4.9341655,-2.3774078,0.31564963,1.4360313,-6.193151,-4.962636,5.590808e-05,0.00087403087,0.95985603,0.000640959,0.009471311,0.029039275,1.4114775e-05,4.831478e-05,2,,,,0.28606462,-4.4810085,-2.0663612,5.0717945,-2.299191,0.58002746,1.493379,-6.071014,-4.8721867,9.4423696e-05,0.0011051759,0.9532383,0.00078426657,0.011594449,0.033101268,2.307311e-05,5.904526e-05,2,,,,0.0065255295,Test
1414,0,12.895573,-0.9412076,-3.9404616,1.7437915,-6.5670004,-10.142093,-4.5786886,-18.765356,0.9999845,9.789395e-07,4.8774886e-08,1.43494835e-05,3.5278067e-09,9.882388e-11,2.5764257e-08,1.7775696e-14,0,,,,0.00027452776,12.313333,-0.5928919,-2.9181886,2.0096216,-6.718188,-9.563784,-4.21605,-16.771475,0.99963504,1.9540652e-05,3.4302234e-06,0.00034002002,8.6301156e-08,4.4445517e-08,1.829306e-06,7.25349e-11,0,,,,0.00020999865,Test
1415,0,1.7390051,1.2147281,0.044443622,-2.1888704,-1.9421644,-2.873425,-4.0445995,-6.96564,0.5453416,0.32283306,0.10016821,0.010735295,0.013739061,0.005413968,0.0016783443,9.042516e-05,0,,,,1.5487999,1.7867756,1.4506977,0.08588276,-2.0625494,-1.831712,-2.8401647,-3.905154,-6.944247,0.49972138,0.35646546,0.10920851,0.011259214,0.015504701,0.0055371723,0.0021754596,0.00012811867,0,,,,0.045354582,Test
1416,0,-0.8038101,1.3544364,3.2760222,-2.8797004,-1.0144887,0.18268004,-7.2193213,-10.813908,0.013810163,0.11954,0.81667143,0.0017324112,0.011186702,0.037036162,2.25932e-05,6.2068136e-07,2,,,,0.9551222,-1.0628506,0.9053013,3.338021,-2.8704658,-1.0481443,0.59483635,-7.4190187,-11.024594,0.02260337,0.11391765,0.7952423,0.0021226956,0.011971271,0.054095972,4.567056e-05,1.0152761e-06,2,,,,0.034460884,Test
1417,0,-4.0974627,-0.13378987,6.6845174,-3.3550916,-0.36678135,1.6734661,-9.773049,-12.254517,2.059152e-05,0.0010841511,0.99138665,4.3260978e-05,0.0008588217,0.0066064964,7.060126e-08,5.903714e-09,2,,,,0.08059149,-3.9829612,-0.36146742,7.2456064,-3.6733253,-0.8776463,1.6871208,-10.234179,-13.19929,8.321218e-05,0.001661919,0.99303263,6.459774e-05,0.0005221496,0.004635302,1.3270545e-07,9.542263e-09,2,,,,0.0015506161,Test
1418,0,-2.0390491,0.87972754,3.552219,-2.9012399,-0.32089132,0.41008714,-6.8019967,-8.348828,0.003276764,0.060681153,0.87841964,0.001383568,0.018265503,0.037939496,2.798487e-05,5.9585846e-06,2,,,,0.7348607,-2.1203895,1.0165286,3.4064775,-2.8982968,-0.4258128,0.5824016,-6.824856,-8.516241,0.0038165245,0.08029173,0.8331539,0.0017864503,0.021725059,0.059176434,4.167198e-05,8.192017e-06,2,,,,0.018050846,Test
1419,0,-1.2190094,1.3521057,4.3808966,-3.6390233,-0.6386887,-0.11690602,-9.256409,-12.153952,0.00345581,0.045203384,0.93445444,0.0003072918,0.00617419,0.010403685,1.116739e-06,6.15978e-08,2,,,,0.43904456,-1.2738918,1.1660268,4.3362255,-3.4204116,-0.70654565,0.09060137,-9.153124,-12.075258,0.0057749525,0.054844487,0.9152115,0.0006313677,0.00848942,0.015045077,2.638124e-06,5.747316e-07,2,,,,0.014493105,Test
1420,0,-4.307018,-1.3129833,5.856639,-3.3576095,0.18787561,1.7412658,-8.789017,-8.770164,3.776507e-05,0.0007540196,0.97973835,9.759167e-05,0.0033821866,0.015989183,4.2715223e-07,4.352818e-07,2,,,,0.161792,-4.4476175,-1.8219284,5.7041616,-3.5528283,-0.37883106,1.8012683,-8.583732,-8.918309,0.00016097921,0.0011802502,0.9723179,0.00016543837,0.003410584,0.022761963,1.6779046e-06,1.2472892e-06,2,,,,0.0037597378,Test
1421,0,-2.3332624,-0.1262958,2.624939,-2.4262297,-0.14542647,0.7740709,-4.905831,-4.857042,0.0054121157,0.049185887,0.77034736,0.0049316473,0.04825387,0.12102215,0.0004131567,0.00043381407,2,,,,1.1714896,-2.5840082,-0.51609814,2.7553077,-2.290792,-0.19262908,0.8687666,-5.0102353,-4.643214,0.00552768,0.03875188,0.7782947,0.006086207,0.043000292,0.12711406,0.00059128326,0.0006339707,2,,,,0.022461457,Test
1422,1,-4.0702305,-1.4386188,3.2677574,-1.821584,-0.91068816,2.6282256,-4.6286597,-5.720215,0.0004171077,0.005796191,0.6413511,0.0039520557,0.009826976,0.33833793,0.00023863024,8.010674e-05,2,,,,1.0887661,-4.062317,-1.4072993,3.1808367,-1.8463415,-0.9594463,2.6819184,-4.764266,-5.789506,0.0005780875,0.0072964346,0.59130317,0.004795924,0.012927091,0.38257957,0.00036416863,0.00015555814,2,,,,0.039760265,Test
1423,0,-1.7793081,1.1970253,4.4772553,-3.8824525,-0.40640602,0.33903766,-9.125586,-11.076267,0.0018036657,0.035380267,0.9404743,0.000220177,0.007118685,0.015001742,1.1633447e-06,1.6540098e-07,2,,,,0.4146536,-1.6673533,1.1953218,4.625041,-3.7258592,-0.8276056,0.30800402,-9.293316,-11.366268,0.0041752364,0.06233812,0.9109521,0.00044197933,0.0060112337,0.016074296,4.924817e-06,2.1345113e-06,2,,,,0.022756968,Test
1424,1,-4.1905603,-0.8817349,5.7237124,-2.8457935,-0.010862781,1.6628755,-8.095436,-9.066791,4.8396025e-05,0.0013237748,0.9784158,0.00018570962,0.0031624893,0.016862597,9.748624e-07,3.690539e-07,2,,,,0.17206557,-4.5540442,-0.995331,5.918953,-2.9668255,0.23875323,1.6987066,-8.25019,-9.557711,4.3130764e-05,0.0014913019,0.97588575,0.00023303139,0.0042116186,0.018132841,1.959364e-06,3.5730432e-07,2,,,,0.0037845753,Test
1425,0,-5.4124446,-1.4358621,8.236078,-3.4952307,1.2232486,0.9636887,-10.278515,-10.684937,1.1797725e-06,6.292258e-05,0.9983358,8.024795e-06,0.00089875923,0.000693295,9.088475e-09,6.0531904e-09,2,,,,0.01980736,-5.6342854,-1.6834834,8.335326,-3.7726276,1.1834463,0.6475238,-10.300192,-10.578174,2.5163545e-06,6.7991044e-05,0.9983894,8.319951e-06,0.0009870802,0.00054460636,3.9624457e-08,3.20262e-08,2,,,,0.00021790995,Test
1426,0,-2.1365051,-0.8070594,2.123909,-2.443926,-0.33066988,-0.15916774,-4.018111,-2.6017008,0.011056749,0.04178289,0.78325254,0.008130483,0.06728089,0.07986825,0.0016844431,0.0069437735,2,,,,1.2142594,-1.9838097,-0.82037944,2.0788865,-2.3106754,-0.19724843,-0.31903237,-3.7294927,-2.5704336,0.014509922,0.045370094,0.75689775,0.009846817,0.081000224,0.08210839,0.0025603306,0.0077065416,2,,,,0.022146486,Test
1427,0,-0.7701812,1.4814297,3.2327816,-3.0906208,-1.5698787,0.3249972,-7.7765117,-11.384313,0.014534557,0.13812238,0.79591477,0.0014277356,0.006532774,0.043454207,1.3170162e-05,3.570617e-07,2,,,,1.0030392,-1.0885108,1.0792274,3.0794692,-3.3816752,-1.7851031,0.5519944,-7.876592,-11.48418,0.018537175,0.19703898,0.7166482,0.0014023156,0.0063510984,0.06000074,2.068061e-05,8.127216e-07,2,,,,0.06077573,Test
1428,1,-2.5476136,-0.11107731,1.8128073,-2.2675502,-1.2095556,1.8055236,-4.197287,-5.235884,0.0057524038,0.06576938,0.45035627,0.0076116617,0.021926062,0.44708794,0.0011051095,0.00039115446,2,,,,1.528267,-2.5744953,-0.22003588,1.857261,-2.068359,-1.0821282,1.7806203,-4.162374,-4.998109,0.0077503114,0.061707687,0.46083722,0.011870019,0.026955122,0.42805487,0.001947709,0.00087705103,2,,,,0.03131961,Test
1429,0,-1.8217403,1.4066706,4.040217,-3.311925,-1.0880378,0.90928584,-8.117355,-11.588158,0.0025296644,0.06384749,0.8889524,0.0005700118,0.005268727,0.03882687,4.6656496e-06,1.4506473e-07,2,,,,0.6542898,-1.7244408,1.2651179,3.882758,-3.284233,-1.0813851,0.838997,-7.6342506,-11.552618,0.006251858,0.12995863,0.8029334,0.0015122533,0.008153004,0.051149726,4.064454e-05,4.4831955e-07,2,,,,0.04274461,Test
1430,0,5.6550827,0.0711835,-1.8380194,-0.59122455,-3.231782,-4.2604923,-3.287548,-9.801909,0.9934721,0.0037333537,0.0005532772,0.0019249474,0.00013729016,4.907679e-05,0.00012984358,1.9242844e-07,0,,,,0.06699368,5.5870543,-0.28320518,-2.0535898,-0.63357264,-2.9816952,-4.434998,-3.113556,-9.822031,0.99224055,0.0039108284,0.0005785142,0.0027070232,0.00026704578,7.438578e-05,0.00022123852,5.260551e-07,0,,,,0.001412533,Test
1431,0,-3.6641502,-1.2188729,4.7195835,-2.300613,0.60241145,0.24331161,-5.618331,-5.2392697,0.00022157445,0.0025555834,0.9694579,0.000866356,0.01579297,0.011028303,3.1392778e-05,4.5862125e-05,2,,,,0.24425305,-3.7577958,-1.2635928,4.683858,-2.364945,0.55505985,0.09847461,-5.7508388,-5.450194,0.00050298043,0.0035109636,0.9637316,0.0014203095,0.018710468,0.011978542,8.2826984e-05,6.23382e-05,2,,,,0.006436944,Test
1432,0,8.769306,0.47364637,-3.1722164,-0.45422107,-4.458936,-8.035744,-2.9964795,-12.713188,0.9996357,0.00024950682,6.5118497e-06,9.865405e-05,1.7984107e-06,5.029228e-08,7.762938e-06,4.678568e-10,0,,,,0.0051039895,8.446909,-0.13358298,-2.9179509,-0.5038899,-4.0802608,-7.940049,-3.1427538,-12.296401,0.9991501,0.00058558496,3.514289e-05,0.00020007964,9.805712e-06,2.7024862e-07,1.903528e-05,1.5967585e-08,0,,,,0.00028382658,Test
1433,0,2.516379,-0.8750081,0.382468,-1.7586162,-1.497859,-4.8881125,-3.8877962,-5.262246,0.84268296,0.02836635,0.099751264,0.011723501,0.015216075,0.000512784,0.001394332,0.00035273624,0,,,,0.87556463,2.7843602,-1.1097597,0.2609796,-1.771053,-1.7417023,-4.97263,-4.0234528,-5.9389453,0.85148823,0.019721692,0.10196461,0.01156399,0.013040967,0.0006981452,0.0012476408,0.00027481356,0,,,,0.03250979,Test
1434,0,2.742556,0.45109782,0.061564296,-1.9087518,-2.1750724,-3.4301634,-4.3801885,-8.053682,0.84076554,0.08501727,0.05758839,0.008028557,0.00615143,0.0017534642,0.00067811954,1.7215845e-05,0,,,,0.87439334,3.0398302,0.2880913,-0.03272029,-2.0432944,-2.0400102,-3.5797238,-4.363205,-8.04241,0.85773754,0.061864633,0.063198045,0.006759262,0.006527555,0.0028344407,0.0010475848,3.08664e-05,0,,,,0.025273507,Test
1435,1,-4.4022613,-1.9637638,5.3809066,-2.3045373,0.71612626,-0.5512981,-5.8540716,-3.758153,5.564959e-05,0.0006375115,0.9868196,0.00045341084,0.009297143,0.0026176646,1.3030135e-05,0.000105972904,2,,,,0.118289374,-4.461287,-1.7802784,5.6078577,-2.3680098,0.7422688,-0.5199183,-5.7463574,-3.8355994,6.5991204e-05,0.0010630396,0.98596346,0.00050116976,0.008807876,0.0034704017,2.8198634e-05,9.99217e-05,2,,,,0.0033892624,Test
1436,0,-3.861203,-1.8824773,1.7632657,-1.5903276,-1.0588508,1.9163566,-3.1772943,-2.2926474,0.001559379,0.011279794,0.4321428,0.015107067,0.025703818,0.50363255,0.0030900773,0.0074845655,5,,,,1.4147315,-3.5962608,-1.8276819,1.721302,-1.503787,-0.9465375,1.9225972,-3.0933986,-2.2603106,0.0025859051,0.012688423,0.413544,0.01713144,0.032319468,0.50747454,0.003870869,0.010385387,5,,,,0.031748906,Test
1437,0,-4.028094,-1.2871366,2.5707507,-1.922668,-1.1460865,3.4895358,-4.8893223,-6.348452,0.00038203955,0.005922307,0.2805111,0.0031367734,0.0068194335,0.7030292,0.00016146609,3.7530946e-05,5,,,,0.99770796,-4.4956594,-1.324789,2.5177598,-2.0915203,-1.1485232,3.7296798,-5.353049,-6.39907,0.00025135715,0.0052642864,0.24882276,0.002666369,0.0074035786,0.735441,0.00011353055,3.708987e-05,5,,,,0.035359208,Test
1438,0,-4.8244667,-1.9689212,4.4535813,-2.487772,-0.20717193,3.1311705,-6.812811,-6.84883,7.30869e-05,0.0012705361,0.78206784,0.0007562284,0.007397841,0.20841488,1.0007201e-05,9.653154e-06,2,,,,0.82264286,-4.90261,-2.295329,4.1638236,-2.413479,-0.459184,3.1173933,-6.474565,-6.883776,0.000108452805,0.0018150357,0.72385645,0.0013864696,0.009299351,0.26347047,3.7623806e-05,2.6148564e-05,2,,,,0.020292573,Test
1439,0,-3.3484585,-0.76398766,2.7574713,-2.221172,-0.7857859,1.9122487,-4.640383,-5.2555323,0.0014883956,0.019730575,0.66755956,0.0045950753,0.01930514,0.2866913,0.0004089243,0.00022104815,2,,,,1.1845822,-3.1266932,-0.57598794,2.5214362,-2.2837532,-0.9068552,1.8512459,-4.5642567,-4.9951973,0.0032861345,0.03808089,0.6088277,0.0060005942,0.025385883,0.31717747,0.00073024665,0.00051108014,2,,,,0.02663851,Test
1440,1,-2.7472856,-0.9287357,2.0216677,-1.7922633,-0.6310225,0.13070093,-3.3294718,-2.2599876,0.006417554,0.03955084,0.7559614,0.016677482,0.053266104,0.1140941,0.0035853311,0.010447211,2,,,,1.3152058,-2.639858,-0.9309343,1.84347,-1.7505401,-0.67563605,0.045320936,-3.222369,-2.24224,0.009602076,0.04796034,0.71420157,0.021056037,0.059679657,0.12864017,0.005187108,0.013673097,2,,,,0.023298886,Test
1441,0,-5.0567966,-1.8428266,5.309826,-2.233521,0.1591865,1.8795445,-6.6159244,-6.399569,3.0268779e-05,0.00075301627,0.96197104,0.0005094811,0.0055752923,0.031146534,6.366112e-06,7.903812e-06,2,,,,0.26551366,-5.251542,-2.0399752,5.762973,-2.2500014,0.15851757,2.0129619,-7.132272,-6.5707116,2.517102e-05,0.0005907039,0.96493065,0.00044998172,0.004616469,0.02937249,5.145369e-06,9.503698e-06,2,,,,0.0063983793,Test
1442,0,-3.6534734,-1.613199,2.1310618,-1.7464379,-0.7862105,1.0214907,-3.4534814,-1.9406298,0.0021175658,0.016289845,0.6886978,0.014257784,0.037245467,0.22706391,0.0025863803,0.011741283,2,,,,1.3335251,-3.4807904,-1.718003,2.1752567,-1.6478484,-0.7371945,0.92426854,-3.4098206,-1.7887049,0.0027053365,0.01577356,0.6930639,0.016111154,0.03926516,0.21423528,0.0029248942,0.015920673,2,,,,0.029714914,Test
1443,0,-3.5594902,-1.7965684,0.9855475,-1.6119974,-1.2744021,2.9996161,-3.1587012,-3.2796042,0.0012102319,0.007054981,0.11396026,0.008485043,0.011892406,0.85398906,0.0018068786,0.001601111,5,,,,0.77945185,-3.4611888,-1.926625,1.0424548,-1.8274734,-1.3541794,3.2594726,-3.2022634,-3.3505692,0.0014294432,0.006068551,0.10489867,0.006466272,0.010541484,0.8666531,0.0018122394,0.0021302423,5,,,,0.016629761,Test
1444,0,0.74258864,2.4280293,4.2629166,-3.3730965,-2.032325,-1.5037078,-9.863725,-16.302761,0.024767911,0.13361862,0.83704424,0.00040408256,0.0015444001,0.0026202048,6.1323374e-07,9.799143e-10,2,,,,0.7764167,0.67604196,2.5131838,4.3724914,-3.3008552,-2.1449037,-1.5230548,-10.062232,-15.992251,0.029507112,0.15479846,0.80963945,0.0004604621,0.0014690367,0.004124786,6.7500974e-07,3.460811e-09,2,,,,0.03126189,Test
1445,1,13.699543,-4.5466433,-4.5597177,4.733781,-7.4149384,-9.643175,-2.9745922,-17.518316,0.9998722,1.1904931e-08,1.1750289e-08,0.00012769194,6.761482e-10,7.2833434e-11,5.7340248e-08,2.7682194e-14,0,,,,0.0018380799,13.961481,-4.995137,-4.983922,4.721715,-6.8485208,-9.764739,-2.9348726,-17.849342,0.9997255,1.9784881e-08,2.0604631e-08,0.0002743,2.665859e-09,5.343905e-10,1.449437e-07,1.8558259e-13,0,,,,8.3206054e-05,Test
1446,0,-1.8870653,-0.13428013,1.3277977,-2.085368,-1.2961113,0.61265105,-3.165711,-3.893223,0.021327276,0.12307228,0.5310465,0.017490957,0.038510874,0.2597457,0.005937815,0.0028686137,2,,,,1.831609,-2.0122519,-0.32116538,1.4494201,-2.2334943,-1.3382161,0.6141175,-3.4607577,-4.0909376,0.019083032,0.10505589,0.56541884,0.015636314,0.036435697,0.25107974,0.0047914623,0.002498911,2,,,,0.03432439,Test
1447,0,-4.0008125,-1.6114677,0.17338766,-0.43667513,-2.6943073,1.4389768,-0.9732165,-2.7323976,0.0026991076,0.0294374,0.17540918,0.09530276,0.009968463,0.6218572,0.055729922,0.009595903,5,,,,1.7253726,-3.9284732,-1.6174686,0.17393911,-0.5713512,-2.6837714,1.4068792,-1.2056026,-2.4392889,0.003347436,0.0346226,0.19006905,0.08601601,0.011751839,0.61159265,0.04625203,0.016348423,5,,,,0.03455563,Test
1448,0,-3.304861,-1.279988,1.3004712,-1.3942288,-1.541314,1.3475494,-2.1975665,-2.7248166,0.004332165,0.032816794,0.4332867,0.029273992,0.025269909,0.45417285,0.013109825,0.007737759,5,,,,1.655217,-3.1003525,-1.3336798,1.2827618,-1.2117653,-1.4437716,1.2565916,-2.144493,-2.64688,0.0059068627,0.03291195,0.43836623,0.040334255,0.028791282,0.4284788,0.015698725,0.00951184,2,,,,0.036759324,Test
1449,0,-3.5671577,-1.0819178,2.778772,-2.2336502,-0.7356625,2.1677213,-4.85616,-5.0953665,0.001094206,0.013134852,0.6238806,0.0041517774,0.018569576,0.33863005,0.00030150355,0.0002373594,2,,,,1.1925501,-3.545095,-1.1644971,2.867896,-2.2093244,-0.5985577,1.9427961,-4.954147,-4.730546,0.0016093239,0.014424631,0.6742632,0.0056799455,0.023133138,0.2798249,0.00055366487,0.0005112583,2,,,,0.02612067,Test
1450,0,-4.4617877,-1.1984559,5.598481,-2.6086094,0.47406226,1.1366947,-7.223112,-7.566457,4.1950505e-05,0.0010964378,0.981423,0.00026764686,0.0058391476,0.011327318,2.6516063e-06,1.8810326e-06,2,,,,0.1577498,-4.89032,-1.271795,5.8519564,-2.700952,0.18068598,1.2369903,-7.3249054,-8.058573,3.978466e-05,0.0014032762,0.98167837,0.0005776619,0.003985758,0.012307746,5.774248e-06,1.6129145e-06,2,,,,0.0034386353,Test
1451,1,-5.0334353,-2.011675,5.7230086,-2.562507,0.4320451,1.3122067,-7.070183,-5.90122,2.0932857e-05,0.0004296971,0.9824101,0.00024770744,0.0049483054,0.011931798,2.7307387e-06,8.789304e-06,2,,,,0.14758019,-4.835089,-1.8452988,5.578865,-2.527761,0.4004272,1.1852142,-6.770653,-5.3040476,5.730783e-05,0.001254326,0.9764824,0.00038895404,0.0068739755,0.014907369,1.0778032e-05,2.4843368e-05,2,,,,0.004628192,Test
1452,0,0.3116986,0.8999536,-0.056468662,-2.3136363,-1.9597913,0.11374767,-4.046918,-6.393127,0.22208156,0.39993408,0.15368077,0.016082149,0.02290957,0.18219796,0.0028417725,0.00027204698,1,,,,2.121575,0.094127014,0.7007122,-0.052871596,-2.195874,-1.9596851,0.19267923,-4.081299,-6.0255995,0.1988056,0.35935584,0.169939,0.019691164,0.027130712,0.22140698,0.0032089718,0.00046172482,1,,,,0.04140391,Test
1453,1,-2.0320072,-1.165745,2.2711885,-2.294486,0.012733379,-1.5187777,-3.2644553,-0.1984585,0.010635094,0.02529032,0.78631324,0.008179904,0.08217903,0.017767822,0.0031009596,0.066533685,2,,,,1.2188617,-2.1775692,-1.2216804,2.2769275,-2.343087,0.061427247,-1.5281208,-3.320649,-0.14588797,0.011467037,0.02584522,0.76833016,0.008027473,0.08515006,0.018615434,0.0035801835,0.07898443,2,,,,0.022395013,Test
1454,0,-3.1280074,0.566327,6.363588,-3.5827694,-0.77646923,0.86718637,-10.044954,-13.479921,7.488054e-05,0.003011605,0.9920108,4.751909e-05,0.00078637374,0.0040687374,7.4195384e-08,2.3910554e-09,2,,,,0.078833446,-2.7839265,0.7754582,6.162999,-3.252711,-0.46439704,1.137401,-9.48763,-12.546964,0.00037525775,0.00821939,0.9747971,0.0001375042,0.0024156927,0.014054286,5.613508e-07,8.447314e-08,2,,,,0.006900146,Test
1455,0,5.6930804,0.7116495,-1.831264,-0.8859004,-3.3088107,-4.8089404,-3.1122332,-9.722778,0.99098784,0.0068023712,0.0005349178,0.0013767441,0.00012206655,2.7233196e-05,0.0001485831,2.0000725e-07,0,,,,0.08471104,5.7886305,0.5915098,-1.6249866,-0.5344588,-3.0429752,-4.7993207,-2.8556828,-9.771963,0.9877883,0.008096659,0.00093521643,0.0024680002,0.0003188123,7.01839e-05,0.00032221063,7.156659e-07,0,,,,0.0023077182,Test
1456,0,-3.129196,-0.62616515,1.8930297,-1.8288894,-1.0573198,1.2650598,-3.6544216,-3.9837713,0.0038672832,0.04725615,0.58685493,0.0141945565,0.030705087,0.3131893,0.002287196,0.0016453887,2,,,,1.4916028,-2.980073,-0.65117395,1.8689753,-1.7527993,-1.1738408,1.2399143,-3.4956284,-4.3747196,0.004867401,0.04876212,0.5706879,0.015832176,0.027617108,0.32711494,0.003813678,0.0013047389,2,,,,0.03642161,Test
1457,0,6.23583,-0.34386012,-2.284436,-0.37903118,-3.1619716,-5.142008,-2.5175178,-9.291248,0.9968297,0.0013838783,0.00019875435,0.0013360518,8.264331e-05,1.14100785e-05,0.00015743109,1.800099e-07,0,,,,0.03621096,6.072826,-0.34546092,-2.2098522,-0.34763402,-2.9913929,-5.014293,-2.328102,-8.894391,0.9936735,0.0030319537,0.0005209929,0.0022680701,0.00019849211,3.813121e-05,0.00026823985,7.1253237e-07,0,,,,0.001760155,Test
1458,0,-0.8458282,-0.13604933,1.7858291,-2.4955633,-0.37840042,-1.3383522,-4.3941274,-4.008009,0.051545076,0.104819044,0.71631056,0.0099018505,0.08225995,0.03149827,0.0014831339,0.0021820741,2,,,,1.4591094,-0.689144,-0.3396688,1.668923,-2.4471612,-0.36611864,-1.2549958,-4.4604216,-4.094859,0.07674597,0.10715368,0.66942376,0.013066888,0.0916739,0.037409883,0.0022324668,0.0022933674,2,,,,0.036950998,Test
1459,0,-3.2632725,-2.1311398,3.7181363,-2.6577358,0.91014504,-1.79332,-4.859527,-0.18345551,0.0008520706,0.0026433498,0.91719776,0.0015611942,0.055330917,0.0037056792,0.00017267565,0.018536307,2,,,,0.5300333,-3.3663685,-2.3289628,3.7647119,-2.7858462,0.91395414,-1.9061553,-4.8189726,-0.019413467,0.00093210256,0.0025219636,0.9081774,0.0019570286,0.055637263,0.003908463,0.00031162935,0.026554123,2,,,,0.011873654,Test
1460,0,-2.8568516,0.629069,6.4995985,-3.3456292,-0.56598395,0.51330817,-10.019948,-13.768549,8.5862965e-05,0.0028036374,0.99371195,5.266623e-05,0.00084862753,0.0024971669,6.6513934e-08,1.5664492e-09,2,,,,0.06497114,-2.3799262,1.0353878,6.2285943,-3.3005764,-0.3411529,0.1396807,-9.775609,-12.979574,0.0005407451,0.01303606,0.9801413,0.0001484192,0.0022714296,0.003861236,5.928819e-07,2.3185211e-07,2,,,,0.006604239,Test
1461,0,-3.2636724,-2.3168693,3.1861928,-2.38836,0.5564242,-2.080369,-3.8182845,1.7939591,0.0011830679,0.0030493063,0.748429,0.0028389203,0.053958096,0.0038628872,0.0006794299,0.18599926,2,,,,1.0906352,-3.3406405,-2.4863026,3.4605987,-2.4578745,0.6795115,-2.224917,-3.81655,2.0280948,0.0012327025,0.002083357,0.7491761,0.0024872082,0.047836833,0.0031568208,0.00066822616,0.19335881,2,,,,0.024002027,Test
1462,0,-3.7871854,-2.0089612,1.1721529,-1.0121087,-1.6946421,0.22999683,-1.747888,-0.5348102,0.0038074148,0.022537364,0.54255456,0.061070386,0.03086101,0.21148045,0.029260771,0.09842803,2,,,,1.9860312,-3.7990303,-2.1455204,1.0131253,-1.0898708,-1.6937759,0.39526775,-1.7825073,-0.6382996,0.0044653015,0.022246951,0.48676315,0.06114056,0.033753715,0.2655717,0.03178371,0.09427495,2,,,,0.026401537,Test
1463,0,-1.3330894,2.3118668,3.6549191,-3.39331,-1.496424,0.6223915,-8.18089,-12.510672,0.0051554283,0.19735543,0.7560131,0.0006569348,0.00437854,0.03643504,5.4739708e-06,7.2094586e-08,2,,,,1.0217345,-1.007066,2.4163203,3.9250004,-3.2726512,-0.97868425,0.3762733,-7.9700837,-12.101671,0.0072218208,0.21567571,0.73884404,0.0009199182,0.009942208,0.027386766,9.332014e-06,1.9835723e-07,2,,,,0.046477996,Test
1464,1,-5.8025928,-1.8769953,9.111015,-3.1858811,1.0941062,0.72191346,-10.544072,-11.285539,3.3331185e-07,1.6893371e-05,0.99942136,4.5632532e-06,0.0003296472,0.00022719978,2.9083924e-09,1.385601e-09,2,,,,0.007753559,-5.7419596,-1.811026,9.3861065,-3.527876,0.9923531,0.9216501,-10.94433,-11.972868,1.4771094e-06,3.746017e-05,0.9992243,9.172916e-06,0.00038173515,0.0003458986,2.4230143e-08,1.4246639e-09,2,,,,0.00018581635,Test
1465,0,-1.3632686,-0.26954114,2.3392649,-2.362452,-0.36044574,-0.30344647,-4.7409124,-6.4076843,0.019780101,0.05905113,0.8020812,0.007282637,0.05391988,0.057082552,0.0006750508,0.0001274872,2,,,,1.1316372,-1.2411726,-0.014931453,2.2860875,-2.2778332,-0.46301413,-0.32242453,-4.482107,-6.282565,0.027662098,0.0910157,0.75821984,0.008904947,0.050912697,0.061768383,0.0012613555,0.00025501728,2,,,,0.032312825,Test
1466,0,0.15404437,2.381697,3.8318748,-3.7633238,-1.2251331,-1.2329874,-9.16524,-13.588603,0.019856982,0.18423429,0.7855516,0.00039502254,0.0049997023,0.004960586,1.7807353e-06,2.1357819e-08,2,,,,0.91611755,0.31238946,2.6382995,3.6216788,-3.4633763,-1.4928621,-1.5714972,-8.916971,-13.398814,0.034834858,0.33112922,0.6256475,0.0005973951,0.0038326657,0.003951332,7.0504116e-06,3.4698054e-08,2,,,,0.08760022,Test
1467,0,-2.6706612,1.1306657,4.6970873,-3.189406,-0.77375555,1.2789952,-8.294622,-11.665167,0.00059206446,0.026501121,0.9378674,0.00035243656,0.00394625,0.030738514,2.1375367e-06,7.346903e-08,2,,,,0.42197087,-2.6562276,0.894483,4.538661,-2.9690752,-1.3106705,1.0130109,-7.955596,-11.800574,0.0011468828,0.033528343,0.92305946,0.0008429801,0.0041096425,0.037294377,1.7814498e-05,5.444357e-07,2,,,,0.013309113,Test
1468,0,-0.56487703,1.8886693,3.2788506,-3.1670134,-1.3911586,-0.3882483,-7.3010793,-11.304066,0.016384063,0.1905387,0.765123,0.0012143062,0.0071708737,0.019549267,1.94503e-05,3.551822e-07,2,,,,1.0225725,0.1300962,2.2386124,2.942546,-3.2666106,-1.5626404,-0.97419894,-6.8264365,-11.149972,0.056581497,0.335422,0.5870463,0.0014028524,0.008002157,0.011481034,6.228367e-05,1.8075028e-06,2,,,,0.0650584,Test
1469,0,-2.272412,1.4730707,6.364547,-4.0401974,-1.0116104,0.6094653,-11.375216,-15.883997,0.00017540657,0.007424862,0.9886203,2.9943774e-05,0.0006188781,0.0031306124,1.9532104e-08,2.1508502e-10,2,,,,0.104122475,-1.6930923,1.7215124,6.8894486,-3.7132747,-0.8237273,0.46795717,-11.688402,-16.30274,0.00095894793,0.010859628,0.9838373,0.00011705251,0.0010277044,0.003199118,2.898961e-07,1.0068808e-08,2,,,,0.005353598,Test
1470,0,-3.5929778,-0.28392848,5.7726283,-3.1397703,-0.07178809,1.1656938,-8.489309,-10.220244,8.4316736e-05,0.002306831,0.98479295,0.00013265986,0.0028519838,0.009830569,6.30179e-07,1.1161659e-07,2,,,,0.1345099,-3.003107,0.18084921,5.4769454,-2.9211128,-0.4646851,0.9002751,-7.918916,-10.772144,0.0006827569,0.008223968,0.97194433,0.00054065033,0.0037986734,0.014804254,5.0074714e-06,4.5100228e-07,2,,,,0.005678574,Test
1471,0,-3.0148807,0.4984261,5.6762977,-3.6238182,-0.7814968,1.3206699,-9.719038,-12.206295,0.00016471773,0.005527771,0.9801017,8.959469e-05,0.0015370449,0.012578994,2.0191176e-07,1.678648e-08,2,,,,0.16692646,-3.188375,0.5639898,6.1515512,-3.843309,-0.59104264,1.2842996,-10.317543,-12.678028,0.0002442666,0.007813018,0.979396,8.8845234e-05,0.0022103763,0.0102471635,4.4373937e-07,2.9198684e-08,2,,,,0.004370516,Test
1472,0,-3.7677562,-1.6912141,1.537969,-1.5755234,-1.300993,2.210851,-3.1295588,-3.3495808,0.0015885483,0.012671593,0.32007194,0.0142257465,0.018719839,0.6273018,0.003007226,0.002413303,5,,,,1.2836016,-3.7331233,-1.5225122,1.4281778,-1.609144,-1.3767322,2.2160103,-2.9533978,-3.292389,0.0016891143,0.01723958,0.3019896,0.015338292,0.018498246,0.63756907,0.0045727217,0.0031033892,5,,,,0.029827606,Test
1473,0,0.24150145,2.1190488,2.7791736,-3.1719167,-1.8514258,-0.042589907,-8.1169195,-12.554748,0.047400493,0.30987838,0.5996251,0.0015608246,0.0058456934,0.035678245,1.1111344e-05,1.3135372e-07,2,,,,1.4043947,0.370807,2.42266,2.8850446,-3.1213527,-2.5346885,0.11213124,-7.864667,-12.675281,0.058402676,0.34555897,0.54006517,0.0026299837,0.0027254974,0.05052059,9.6948985e-05,1.9582107e-07,2,,,,0.06725389,Test
1474,0,-1.8109778,1.5372967,4.835006,-3.5015628,-0.83918417,0.1835145,-8.939323,-12.148074,0.0012356094,0.03515754,0.95103276,0.00022786082,0.0032653206,0.009079843,9.910143e-07,4.004401e-08,2,,,,0.3419688,-2.0706112,1.2560415,5.127225,-3.5532196,-0.8997421,0.2173781,-8.885475,-11.501186,0.0014475409,0.041755997,0.94441,0.00025265556,0.0030758507,0.009055096,2.8096651e-06,1.031117e-07,2,,,,0.015809169,Test
1475,0,0.8413933,1.6077209,1.005726,-2.6311388,-1.708721,-0.6521384,-5.5853014,-9.41975,0.21432564,0.46119645,0.25260556,0.006652312,0.016732987,0.048132848,0.00034673372,7.494039e-06,1,,,,1.8542736,0.8946409,1.8145182,0.9762762,-2.6359994,-1.6549257,-0.62441194,-5.884694,-10.26103,0.20238045,0.4827431,0.23428902,0.006568148,0.016014066,0.05774478,0.0002545246,5.892058e-06,1,,,,0.05606747,Test
1476,0,-3.7359824,-1.6026685,2.900314,-2.318628,-0.6069551,1.6726125,-4.7114105,-3.8642993,0.0009772674,0.008250871,0.74493825,0.0040323897,0.022332259,0.21824096,0.00036845985,0.0008595796,2,,,,1.0301088,-4.035811,-1.732179,3.1228583,-2.257107,-0.62417775,1.8502222,-4.9032097,-4.3156533,0.0007305087,0.006810771,0.7460488,0.003759661,0.01973562,0.22205909,0.00030895084,0.00054662063,2,,,,0.022083014,Test
1477,1,0.038655758,0.22834972,0.9324168,-2.2616947,-0.8319961,-2.2683823,-3.1891418,-2.9256687,0.18646686,0.22541597,0.45578197,0.018688405,0.07806967,0.01856384,0.007392425,0.009620815,2,,,,2.071062,0.01618125,0.1387301,1.0902517,-2.2564442,-0.8065461,-2.2077975,-3.148585,-2.7581248,0.1794227,0.19986653,0.49057022,0.01726814,0.074205294,0.019881884,0.007371655,0.011413565,2,,,,0.03932489,Test
1478,0,-0.90092814,2.2929876,4.4432917,-3.8774574,-1.2723594,-0.21387057,-9.620214,-13.532684,0.0042104046,0.10266531,0.8816352,0.00021460182,0.002904111,0.008369684,6.8799585e-07,1.3753783e-08,2,,,,0.615473,-0.90938413,2.2999156,4.548792,-4.075857,-1.3454925,-0.38277054,-10.10383,-13.52435,0.009061389,0.13198844,0.84555113,0.00023329021,0.002981982,0.010181249,2.504876e-06,7.207973e-08,2,,,,0.03446894,Test
1479,0,3.6086512,1.7352515,-1.0377187,-2.1727355,-2.358365,-3.917439,-3.442009,-7.7804093,0.8545107,0.13125335,0.008200204,0.0026356839,0.0021891487,0.00046044536,0.0007407211,9.671887e-06,0,,,,0.69006413,3.4233773,1.7821558,-0.7760309,-2.1317232,-1.9676847,-3.4252343,-3.5466876,-7.673442,0.7899548,0.17740187,0.018781615,0.004835897,0.0052196104,0.0024138314,0.0013468573,4.5492005e-05,0,,,,0.033937152,Test
1480,0,9.07385,0.23419914,-2.8900206,-0.37672004,-4.5122895,-8.26936,-4.225131,-13.880814,0.99976724,0.00014483971,6.3687785e-06,7.862641e-05,1.2575157e-06,2.9365623e-08,1.6758107e-06,1.07353376e-10,0,,,,0.0034224454,9.555142,0.38657016,-3.070242,-0.4645822,-4.557891,-8.925763,-4.308279,-13.943491,0.9996786,0.00018960147,1.292196e-05,0.00011388052,3.1302243e-06,9.477522e-08,1.76223e-06,6.093333e-10,0,,,,7.794969e-05,Test
1481,0,-2.509665,-1.0010538,1.573276,-2.0361755,-0.5849805,0.38729075,-3.261744,-2.0547004,0.01069918,0.048365094,0.6346719,0.017178468,0.07332134,0.19385742,0.0050434386,0.016863167,2,,,,1.6714579,-2.6207442,-1.0220665,1.6431189,-2.0891638,-0.5530305,0.5063843,-3.2828605,-2.1007752,0.010420701,0.048484344,0.62196815,0.017640065,0.070835374,0.20751998,0.0062096403,0.016921714,2,,,,0.029238634,Test
1482,0,-3.3640628,0.63082606,6.542287,-3.5623977,-0.16483977,0.58587456,-10.033,-12.689261,4.9529706e-05,0.0026904424,0.9934329,4.0619045e-05,0.0012141448,0.0025721812,6.289019e-08,4.4155337e-09,2,,,,0.06760422,-3.5692983,0.16615145,7.168042,-4.0073967,0.09320762,0.36377126,-10.639908,-13.427719,0.000114955634,0.0016130265,0.99510133,4.837498e-05,0.001447438,0.0016746018,2.81587e-07,1.4176187e-08,2,,,,0.0011099749,Test
1483,0,-1.9495221,0.5011673,3.9334686,-2.8929396,-0.6483622,-0.20055029,-6.6297665,-8.5651865,0.0026226102,0.03041268,0.94120497,0.0010209694,0.009634303,0.015076573,2.4329289e-05,3.5122641e-06,2,,,,0.42436677,-1.8221853,0.37935537,4.299048,-2.948271,-0.62493855,-0.4608051,-6.6979904,-8.507424,0.003884371,0.02822199,0.94982445,0.00084685365,0.0077615725,0.009429035,2.821854e-05,3.4523916e-06,2,,,,0.009486695,Test
1484,0,-1.793141,0.48650768,2.807151,-2.546213,-1.1734813,0.04630326,-5.258312,-6.403427,0.008406885,0.08216257,0.8365976,0.0039589517,0.01562248,0.052904867,0.00026286364,8.363988e-05,2,,,,0.92345464,-1.8889153,0.38874564,2.7162569,-2.3661973,-1.2774549,0.1968625,-5.0560703,-6.1642118,0.010560342,0.100866474,0.7986056,0.005955922,0.01532012,0.06795089,0.00052093447,0.00021965089,2,,,,0.027731096,Test
1485,0,-4.0224233,-2.0523577,0.5863873,-0.75524366,-2.0181794,2.0441775,-1.825793,-2.1091926,0.001697287,0.012171493,0.17034769,0.04453211,0.012594685,0.73189116,0.015266506,0.011499021,5,,,,1.3031594,-3.888158,-2.088144,0.6631482,-0.6168485,-1.9264206,2.0333595,-1.8651259,-1.8810711,0.0025374347,0.012223503,0.18784465,0.05181093,0.014427735,0.69996345,0.014700417,0.016491853,5,,,,0.027985165,Test
1486,0,-3.6235657,-1.716049,3.76489,-2.268139,-0.13615234,-0.40683457,-4.6718245,-2.1047716,0.00059123116,0.003982733,0.9561427,0.0022930403,0.019333996,0.014749112,0.00020725466,0.0026999842,2,,,,0.34542152,-3.5694156,-1.6574119,3.739989,-2.4173265,-0.13971604,-0.254389,-4.719646,-2.298468,0.0013415229,0.006306703,0.9405759,0.0031498328,0.021307213,0.023028208,0.0004531177,0.0038373978,2,,,,0.009227066,Test
1487,0,-2.893627,0.039314345,4.033114,-2.753533,-1.0571649,1.2472806,-6.5774755,-8.04663,0.0009014979,0.016932644,0.91877663,0.0010370667,0.0056562684,0.056668,2.2651098e-05,5.212471e-06,2,,,,0.5086702,-3.2987475,-0.4778052,4.153943,-2.7900288,-1.1376536,1.6505982,-6.824717,-8.211403,0.00093181786,0.012193007,0.89509296,0.001257562,0.0048110103,0.085672714,3.401437e-05,6.9246153e-06,2,,,,0.014382289,Test
1488,0,-1.3623955,1.4260495,4.883203,-3.4475124,-0.54693806,-0.5692377,-8.773363,-12.381893,0.0018601565,0.030238194,0.95935327,0.00023120378,0.0042043445,0.0041116267,1.1246233e-06,3.0467888e-08,2,,,,0.29552492,-1.4721326,1.2084566,5.5486336,-3.5478168,-0.37001055,-0.48082003,-9.26927,-13.193014,0.0014049367,0.018735435,0.972058,0.0001551355,0.0034709405,0.0041745845,9.3907704e-07,3.9988855e-08,2,,,,0.005988481,Test
1489,0,-4.513108,-2.219353,3.6818886,-2.0404184,-0.18449727,0.89626384,-4.6719866,-2.198063,0.0002527901,0.0025056768,0.915802,0.002996644,0.019171298,0.056496315,0.00021565509,0.002559594,2,,,,0.5342502,-4.509792,-2.3720527,3.896413,-2.0641198,-0.1318792,0.95437306,-5.07611,-2.5971029,0.0003371093,0.0033023949,0.9038526,0.0030468625,0.01822793,0.06916878,0.00021472666,0.0018496079,2,,,,0.024327572,Test
1490,1,4.324829,0.77051646,-0.31378478,-1.7235202,-2.9385283,-5.108038,-4.4598627,-10.758933,0.9600909,0.027459584,0.009285131,0.0022675015,0.00067278516,7.685467e-05,0.00014694985,2.700957e-07,0,,,,0.29145128,4.2094374,0.89529496,-0.31155306,-1.8388475,-3.052964,-5.154896,-4.635684,-10.892908,0.930155,0.048790943,0.015707213,0.0035081443,0.0013568078,0.00018688005,0.00029434598,5.985066e-07,0,,,,0.014914352,Test
1491,0,-2.2034492,0.6576649,4.078222,-3.2327366,-0.23002829,0.46596843,-7.522164,-9.1438055,0.0017386698,0.030393668,0.9296344,0.0006211597,0.012510164,0.02509172,8.517824e-06,1.6829022e-06,2,,,,0.48625427,-2.283097,0.44021448,3.9998574,-3.3005672,-0.4364163,0.75610673,-7.546921,-9.275705,0.0044521866,0.04947431,0.87222755,0.0012660392,0.012791358,0.059759907,2.5729289e-05,2.8981133e-06,2,,,,0.034511227,Test
1492,1,18.232784,-4.4869957,-5.815862,4.3903465,-9.268473,-14.618097,-4.620725,-23.338469,0.99999905,1.3580774e-10,3.5958778e-11,9.734312e-07,1.1385588e-12,5.408068e-15,1.1880819e-10,8.827439e-19,0,,,,2.082535e-05,17.846157,-4.3484225,-5.4926796,4.691535,-9.746192,-13.313342,-5.325815,-23.951023,0.9999816,4.755996e-09,6.9537243e-09,1.848339e-05,2.4786284e-11,8.467728e-12,1.2083805e-09,7.5931395e-16,0,,,,1.2039823e-05,Test
1493,0,-1.8027238,0.8610964,3.5513766,-2.9466474,-0.5070037,0.25083947,-6.9442325,-8.766581,0.004191128,0.060146905,0.886313,0.0013351534,0.015312816,0.03267248,2.4513309e-05,3.962474e-06,2,,,,0.6981212,-1.9298074,0.5386969,3.6682186,-2.8702872,-0.417317,0.48455828,-6.9523554,-8.740762,0.006135045,0.060341395,0.8680191,0.0019484129,0.016976016,0.046521395,5.280366e-05,5.824956e-06,2,,,,0.028739126,Test
1494,0,-4.776364,-0.9364862,7.5514016,-3.2534058,-0.018558217,1.6633859,-10.282175,-12.95573,4.4115777e-06,0.00020522573,0.9964935,2.0230476e-05,0.0005139049,0.0027627507,1.7924654e-08,1.2369165e-09,2,,,,0.037055988,-4.937271,-0.5894777,8.186583,-4.09121,0.23901221,1.8175471,-11.162795,-13.77051,8.584492e-06,0.00069373625,0.9963692,1.5104983e-05,0.0004761282,0.0024371757,1.9200083e-08,1.2603266e-09,2,,,,0.00079170906,Test
1495,0,-4.6945696,-1.0091593,6.966009,-3.1091778,0.52818435,1.2492476,-9.166162,-10.038296,8.5819465e-06,0.00034208907,0.99474275,4.189023e-05,0.0015914721,0.003273051,9.808389e-08,4.1004828e-08,2,,,,0.054073002,-4.935986,-1.0738059,7.1507883,-3.439032,0.63276273,1.0253478,-9.210738,-9.831187,1.7228045e-05,0.00041032024,0.99329793,5.406561e-05,0.0026905406,0.0035295743,2.797288e-07,1.0366481e-07,2,,,,0.0017023699,Test
1496,0,-2.4268208,0.93122435,5.5022063,-3.4429507,-0.8656034,0.87057775,-9.572465,-13.291851,0.00035228304,0.010122137,0.9781928,0.00012752406,0.0016784942,0.009526509,2.7770142e-07,6.733934e-09,2,,,,0.18331815,-2.8317108,0.25973716,5.7012405,-3.3602462,-0.9784824,1.0237796,-9.998785,-13.777614,0.0010711228,0.015849855,0.96198064,0.0006976458,0.0024692458,0.01793008,1.2759785e-06,5.3268764e-08,2,,,,0.0110244965,Test
1497,0,-0.93252945,1.594074,3.0263479,-2.9688823,-0.9676811,0.3162124,-7.0638914,-10.3561945,0.014185689,0.17747632,0.74330837,0.0018512865,0.013695699,0.049450662,3.083427e-05,1.1460528e-06,2,,,,1.1644608,-1.0428166,1.3523334,3.106462,-3.2215981,-0.8023394,0.19627173,-7.1969657,-10.791044,0.01891604,0.1722009,0.73022234,0.0017853184,0.018705962,0.058112442,5.3829484e-05,3.1967588e-06,2,,,,0.049242724,Test
1498,0,1.1857522,3.213911,1.5160518,-3.4445574,-2.5278773,-1.0769798,-7.061466,-12.241723,0.09871731,0.7502595,0.13735376,0.00096266565,0.0024076009,0.010273096,2.5862582e-05,1.455174e-07,1,,,,1.1330067,1.2453632,3.1552515,1.5258685,-3.3081117,-2.4309864,-1.2723601,-6.9938903,-12.203096,0.117309116,0.6641596,0.20409861,0.0013165383,0.00300948,0.010070369,3.611345e-05,2.060314e-07,1,,,,0.06461002,Test
1499,0,-2.3100858,0.7674735,5.027457,-3.4538631,-0.3429579,0.035882574,-8.638698,-10.430367,0.000633894,0.0137589,0.97425145,0.00020196699,0.004532412,0.0066199955,1.1311897e-06,1.885485e-07,2,,,,0.21419132,-2.6624043,0.5446672,5.5201125,-3.675586,-0.42805582,0.103660226,-8.973445,-10.806121,0.00070466433,0.014660491,0.9747629,0.00020352448,0.003393236,0.006272395,2.3706561e-06,4.0344466e-07,2,,,,0.0065261764,Test
1500,0,-4.178959,-1.8217545,3.1965096,-2.370651,-0.18649592,1.2275399,-4.7322326,-2.783594,0.0005275235,0.0055713793,0.84210646,0.0032179542,0.028585535,0.11755857,0.00030335973,0.0021293205,2,,,,0.8150163,-4.5144453,-1.8741932,3.5938442,-2.7790399,-0.2137109,1.2627405,-5.389583,-3.0676122,0.00034126564,0.0042561674,0.87895155,0.0017117292,0.021800205,0.091370806,0.00017196583,0.0013962751,2,,,,0.009951083,Test
1501,0,-1.2786183,-0.28080878,1.7805072,-2.322632,-0.29288673,-0.8917907,-3.733904,-2.6150537,0.03347395,0.09079252,0.7132935,0.011784129,0.08970255,0.04928378,0.0028733597,0.008796309,2,,,,1.5118963,-1.3959258,-0.45241418,1.7803574,-2.314099,-0.39379135,-0.7813944,-3.901979,-2.8574455,0.03146257,0.082640275,0.7205102,0.012937549,0.08299692,0.05907578,0.0026424185,0.0077343555,2,,,,0.018375065,Test
1502,0,2.62307,1.4695472,0.22206254,-2.6484911,-1.8833659,-2.918436,-4.9021077,-8.4570265,0.70086986,0.22114074,0.06351746,0.003599378,0.007736012,0.0027478433,0.00037800203,1.0804701e-05,0,,,,1.2047333,2.6217833,1.3250568,0.37680185,-2.5083568,-1.74314,-2.7991667,-4.8722887,-8.524396,0.67915356,0.20708247,0.09126705,0.005905428,0.010756102,0.0049059233,0.00089615554,3.335813e-05,0,,,,0.041801136,Test
1503,0,-3.4214544,-1.6532242,4.0456123,-2.8163652,0.9991889,-0.63537794,-5.5119996,-2.5728958,0.00053763826,0.0031508151,0.9405807,0.0009846392,0.044704493,0.008719023,6.646272e-05,0.0012560717,2,,,,0.3980913,-3.4351163,-1.5828243,3.9878094,-2.6278796,0.9413784,-0.62165225,-5.3135366,-2.6338859,0.0009775229,0.0053305547,0.93187076,0.0017501091,0.048254315,0.009773088,0.00021570739,0.0018279788,2,,,,0.0075447513,Test
1504,0,-3.9570813,-0.26522824,6.802133,-3.4363348,-0.2992371,1.4084355,-10.062076,-12.127059,2.111613e-05,0.0008471605,0.9937605,3.5544424e-05,0.0008188338,0.004516776,4.712476e-08,5.976381e-09,2,,,,0.06205781,-4.2615213,-0.5727165,7.0285673,-3.640143,0.07713606,2.1338496,-10.85136,-12.621599,0.00013386649,0.0021882942,0.98056304,5.2506453e-05,0.0017971371,0.015265015,7.8464424e-08,8.326704e-09,2,,,,0.0063018203,Test
1505,0,4.5835757,-2.04381,-1.0963798,0.39299437,-2.5769353,-4.702179,-2.1307096,-6.251249,0.9784953,0.001295155,0.0033402995,0.014811955,0.0007599558,9.074162e-05,0.0011873579,1.9277655e-05,0,,,,0.18153669,4.394448,-2.093621,-1.0067178,0.33988947,-2.6916974,-4.4407463,-2.165762,-6.0275927,0.96934164,0.0020244853,0.005749858,0.019464722,0.0013481969,0.00023561259,0.0017760212,5.9492053e-05,0,,,,0.005090055,Test
1506,0,-4.523908,-1.233724,6.0767527,-2.5041497,0.36825055,1.8349038,-7.390276,-9.735015,2.444534e-05,0.00065630337,0.9817578,0.00018423237,0.0032571168,0.014118637,1.3910674e-06,1.3336471e-07,2,,,,0.14939375,-4.8450327,-1.6523206,6.413385,-2.5906339,0.5862759,2.0567622,-8.263715,-9.632846,2.5888818e-05,0.0005779926,0.9818144,0.00014555603,0.003924509,0.013510784,7.316804e-07,2.0809667e-07,2,,,,0.001935333,Test
1507,0,-4.7661076,-1.6039351,5.3265057,-2.7879074,-0.12408942,3.1151276,-8.130961,-8.631174,3.7110356e-05,0.00087661535,0.89672923,0.0002682974,0.0038503308,0.09823631,1.2827961e-06,7.778897e-07,2,,,,0.51342714,-4.5019965,-1.6362715,5.176688,-2.5017188,-0.30421218,3.026053,-7.6187882,-8.616194,6.543255e-05,0.0012181017,0.8639308,0.0004583813,0.00435017,0.12996915,4.123497e-06,3.864651e-06,2,,,,0.026291307,Test
1508,0,-3.9737303,-2.5759351,2.2550774,-1.6200548,-0.6584683,-0.62790495,-2.8821266,0.75188124,0.0014400656,0.00582689,0.7303297,0.015155507,0.03964443,0.0408748,0.0042900224,0.16243857,2,,,,1.3123784,-4.0188956,-2.6903298,2.3894775,-1.6560411,-0.59845847,-0.63578486,-3.147579,0.6837912,0.001393751,0.005170257,0.7489022,0.0142382635,0.039704327,0.04180133,0.003364202,0.14542574,2,,,,0.019326078,Test
1509,0,-1.7226486,1.4752151,4.1074443,-3.235024,-1.233079,0.87539834,-8.006929,-11.628476,0.002623557,0.06422514,0.89303344,0.0005781949,0.0042806324,0.03525397,4.893976e-06,1.3087133e-07,2,,,,0.6327547,-1.4459189,1.7395939,4.294566,-3.1807914,-1.450862,1.0558746,-8.193852,-12.077125,0.00542569,0.092377245,0.8572027,0.0011686047,0.003161524,0.04064075,2.3294702e-05,2.0659613e-07,2,,,,0.019248897,Test
1510,0,-4.001562,-1.5209666,2.537478,-1.5661265,-1.0954,1.5730543,-3.675266,-3.6095116,0.0009992083,0.011938918,0.6910748,0.011411753,0.018272007,0.2634397,0.0013847288,0.0014788404,2,,,,1.1678106,-3.9162364,-1.4202229,2.4721065,-1.5504787,-1.0098548,1.4758672,-3.6008613,-3.1654096,0.0014183868,0.016184004,0.6737131,0.013310164,0.021742415,0.26893845,0.002074963,0.0026185072,2,,,,0.033137195,Test
1511,0,-4.4643226,-0.62497646,7.5511203,-3.296451,-0.11177993,1.4123617,-10.223314,-12.738894,6.032356e-06,0.00028047472,0.99707425,1.9394882e-05,0.00046856768,0.0021512879,1.9027794e-08,1.5377518e-09,2,,,,0.032176852,-4.6189566,-0.35288125,7.586239,-3.4950287,-0.3476165,1.509535,-10.41885,-12.81027,1.9020274e-05,0.0022104234,0.9936179,3.5298952e-05,0.0004582052,0.00365911,4.3173642e-08,2.502494e-08,2,,,,0.0024621878,Test
1512,0,-0.03824483,-1.1633393,1.5127467,-1.9484218,-0.22284062,-3.594859,-2.8020492,-1.1710159,0.13451733,0.04366726,0.6344031,0.019915855,0.111843124,0.0038384902,0.008481511,0.043333326,2,,,,1.7544712,-0.10480104,-1.2329911,1.5371629,-2.034398,-0.10698034,-3.5126045,-3.2588654,-1.124788,0.13311605,0.04706539,0.6150216,0.018589016,0.124112606,0.0044777226,0.0056278952,0.051989693,2,,,,0.038242497,Test
1513,1,8.270129,0.79556495,-3.072557,-0.6433059,-4.346594,-6.2957897,-3.7407665,-13.543661,0.99927694,0.0005669228,1.1847318e-05,0.00013447148,3.313696e-06,4.718323e-07,6.0732355e-06,3.3579756e-10,0,,,,0.0092555275,7.6927576,0.9296136,-3.2469704,-1.036161,-4.478423,-5.9578424,-4.02563,-13.099904,0.99706495,0.0025497754,4.9653394e-05,0.00028888037,1.4027047e-05,1.4299241e-05,1.8406427e-05,9.063123e-09,0,,,,0.0009093401,Test
1514,0,-4.2994413,-1.9835976,2.6146724,-2.3874633,-0.8422128,3.856209,-5.2074122,-5.780209,0.00022028171,0.0022322175,0.2216868,0.001490527,0.0069892984,0.7672419,8.8848785e-05,5.0105915e-05,5,,,,0.863382,-4.5126457,-1.9812553,2.7532659,-2.2732706,-0.9989279,4.0166616,-5.0810204,-5.765916,0.00046729442,0.0034629754,0.2259287,0.0022344352,0.007308256,0.7603153,0.00020089684,8.216225e-05,5,,,,0.021749325,Test
1515,0,-3.4445722,-0.68767,4.9451036,-2.883026,-0.17677934,1.2575804,-7.8456883,-8.577726,0.00021947383,0.0034569285,0.96599036,0.0003848214,0.005761921,0.02418253,2.6915484e-06,1.2944413e-06,2,,,,0.256316,-3.3570697,-0.7799234,5.141692,-2.353366,0.12531999,1.4341061,-7.8267922,-8.6424,0.0005468158,0.004352155,0.9561491,0.00083220156,0.007634257,0.030476978,6.4530477e-06,2.0304458e-06,2,,,,0.009160771,Test
1516,0,2.0380347,0.6582827,-0.3214304,-2.031863,-1.5753444,-2.7382855,-2.9654071,-5.163035,0.7112178,0.17897154,0.067189276,0.012146987,0.019174853,0.0059933965,0.004775683,0.00053041737,0,,,,1.3291658,1.9152868,0.6058381,-0.20388833,-2.2592676,-1.3877953,-2.7779984,-2.837578,-5.0665627,0.66118777,0.18847542,0.09536216,0.010907387,0.0290393,0.007818033,0.0062832274,0.0009266872,0,,,,0.038702395,Test
1517,0,-2.2558057,-2.1037703,2.3535647,-1.9968653,0.23528613,-2.385562,-2.9046912,1.9315014,0.0054584774,0.006354767,0.5481452,0.007071765,0.06590812,0.004794232,0.0028527523,0.3594147,2,,,,1.4636058,-2.423637,-2.1110127,2.487173,-2.1740565,0.30872744,-2.3035142,-3.079819,2.1277404,0.004260227,0.006010692,0.53436625,0.005162672,0.063716576,0.005239474,0.002194437,0.3790497,2,,,,0.026683364,Test
1518,0,-3.9518843,-0.2764346,6.52193,-3.1719403,-0.059852555,1.393391,-9.439836,-11.46234,2.8028346e-05,0.0011061775,0.99155563,6.11396e-05,0.0013736786,0.0058751754,1.15933915e-07,1.5340794e-08,2,,,,0.080879085,-3.774234,-0.190123,6.5420637,-3.203392,-0.20150156,1.5389868,-8.720442,-10.262141,9.625607e-05,0.002877104,0.986965,0.00011248187,0.0015578748,0.008390367,6.483127e-07,1.8280518e-07,2,,,,0.0026490546,Test
1519,0,-3.7761097,-2.554025,3.9735546,-1.9715685,0.44499445,-2.2021708,-3.8961308,0.43599796,0.00040443512,0.001372757,0.9386103,0.002457826,0.027545528,0.0019516494,0.0003586943,0.027298829,2,,,,0.43094003,-4.0288,-2.557057,4.1824822,-2.1067595,0.53526443,-2.4856298,-4.07229,0.59650296,0.00028346555,0.0012294179,0.9386236,0.00204303,0.025806572,0.0013063981,0.00035356177,0.030353848,2,,,,0.006951547,Test
1520,0,4.2699423,1.0764803,-1.3700694,-1.5632157,-2.6054852,-3.335645,-3.4580832,-8.76184,0.952849,0.039094996,0.0033853073,0.0027907165,0.000984156,0.00047419788,0.0004195515,2.086378e-06,0,,,,0.32051146,4.2831087,1.2009987,-1.7313751,-1.6535873,-2.688132,-3.4182267,-3.183472,-8.560233,0.9340042,0.05640746,0.0031700232,0.0036978417,0.0012997369,0.0006288457,0.0007872367,4.6252408e-06,0,,,,0.0118263,Test
1521,0,7.3396435,-1.0873265,-2.8804085,0.83913743,-4.093777,-5.2594037,-2.0112944,-10.666764,0.9981444,0.00021847765,3.6364807e-05,0.0014998903,1.0807421e-05,3.3689682e-06,8.672268e-05,1.5104607e-08,0,,,,0.021348076,7.3689933,-0.3913532,-2.7899604,0.71948713,-4.0419817,-5.468704,-2.1092367,-10.4938755,0.99738675,0.0008268619,6.1267216e-05,0.0016089879,1.6158758e-05,7.290214e-06,9.267841e-05,3.975036e-08,0,,,,0.00050786586,Test
1522,0,6.778943,-4.0918183,-1.3632437,1.8805838,-3.8421905,-6.9726505,-2.872931,-8.435339,0.9922024,1.8857685e-05,0.00028873095,0.00740065,2.4204743e-05,1.0576915e-06,6.380349e-05,2.4497487e-07,0,,,,0.068565756,7.098348,-3.7018628,-1.371782,2.0244935,-4.0749598,-6.745893,-3.099344,-8.773904,0.98999625,3.600117e-05,0.00047061016,0.00940525,2.8484083e-05,2.0783575e-06,6.108494e-05,4.328132e-07,0,,,,0.0027171082,Test
1523,0,13.567308,3.9525478,-4.236064,-1.0643461,-7.5316195,-10.779428,-7.523835,-24.243181,0.99993277,6.673189e-05,1.8538083e-08,4.4210344e-07,6.8678785e-10,2.6688079e-11,6.921546e-10,3.7938817e-17,0,,,,0.001032502,13.298401,4.450048,-4.342288,-1.4905972,-7.4574327,-11.144585,-7.2447977,-23.183931,0.9995283,0.00046915858,2.6026075e-07,2.1283342e-06,2.4856849e-08,3.679491e-10,7.598721e-09,2.1908761e-15,0,,,,0.00019946563,Test
1524,0,-0.4311745,1.914451,3.1820607,-3.1776602,-1.1782581,-0.39625806,-7.5327888,-11.138964,0.019960113,0.20837958,0.74023753,0.001280499,0.009456028,0.020669358,1.6442624e-05,4.4650818e-07,2,,,,1.0972673,-0.058319043,1.946706,2.7917242,-3.124085,-1.2424631,-0.66345376,-7.196952,-10.779787,0.035646442,0.3353892,0.5953231,0.0017848329,0.011867992,0.019951005,3.660305e-05,7.7620973e-07,2,,,,0.07219065,Test
1525,1,-4.4670978,-1.4867696,3.882573,-1.9036726,-0.80436003,2.6792889,-5.331277,-6.420774,0.00017948479,0.0035348232,0.7590029,0.0023297486,0.0069941394,0.22785778,7.563438e-05,2.5442328e-05,2,,,,0.8910462,-4.5780306,-1.7469517,4.130282,-1.9937931,-0.9171252,2.6761365,-5.65924,-6.371186,0.00015012131,0.0024305906,0.7906134,0.0020192931,0.005250587,0.19941701,7.103231e-05,4.7994992e-05,2,,,,0.021753998,Test
1526,0,-2.2854455,1.5343148,4.886249,-3.5994072,-1.0423462,0.9021919,-9.353579,-12.865423,0.0007264223,0.033119973,0.9458377,0.00019522828,0.0025180262,0.017602023,6.187823e-07,1.8465586e-08,2,,,,0.37312642,-2.5842109,1.480339,5.213332,-3.8971455,-0.7971755,1.4389488,-9.475656,-13.148252,0.0018695457,0.056808613,0.9089681,0.00019612839,0.0054983767,0.026656847,2.2760382e-06,1.2318382e-07,2,,,,0.021894421,Test
1527,0,-1.61794,0.9646215,5.066443,-3.3202784,-0.42225987,-0.6172486,-8.920916,-11.353101,0.0012191304,0.016130295,0.9750811,0.00022219477,0.0040302076,0.0033162318,8.2112314e-07,7.213122e-08,2,,,,0.20542906,-1.5711303,1.0782359,5.0753927,-3.3324037,-0.4096287,-0.8390686,-8.825328,-11.496601,0.004070286,0.045083627,0.9417365,0.00054395554,0.0052212924,0.0033280551,1.5381858e-05,9.944932e-07,2,,,,0.02147652,Test
1528,0,-3.268645,-1.0803919,2.1577182,-1.790344,-0.7068184,1.8816012,-3.7645078,-4.172584,0.0023360474,0.020836648,0.53103256,0.010244707,0.030273926,0.40290725,0.0014227582,0.000946032,2,,,,1.393515,-3.4839184,-1.1011431,2.392334,-1.8977331,-0.56480616,1.9167607,-4.12876,-4.2816668,0.0019853986,0.01841551,0.57360864,0.0083808405,0.032408565,0.3632008,0.0009784427,0.0010219017,2,,,,0.027548764,Test
1529,0,3.5443287,0.89708376,-0.41474628,-1.9131047,-2.152486,-4.663937,-3.4191802,-7.123906,0.91009235,0.06447653,0.01736525,0.0038810777,0.0030548533,0.00024790262,0.0008607402,2.1180194e-05,0,,,,0.5489207,3.1513932,0.8881133,-0.28681463,-1.7408949,-1.8886086,-4.231064,-3.4528127,-6.6604843,0.8345749,0.11429061,0.03226247,0.007681278,0.008392398,0.0012094013,0.0015163922,7.261987e-05,0,,,,0.028494999,Test
1530,1,-2.4282334,0.5642012,5.508525,-3.5169146,0.42214328,-0.5704433,-8.797257,-10.244777,0.00035171013,0.007011044,0.9841813,0.000118406795,0.006082578,0.0022543059,6.027716e-07,1.4174348e-07,2,,,,0.14300466,-2.5091946,0.14058879,5.9902315,-3.5726357,0.33641225,-0.5519677,-9.094169,-10.314469,0.00040019248,0.00469743,0.98883593,8.254401e-05,0.0040707206,0.0019122617,6.933948e-07,2.5217895e-07,2,,,,0.002146824,Test
1531,0,-3.3222728,0.018085396,4.8165402,-2.7871356,-0.63710535,1.1628269,-7.424092,-9.435426,0.00028096576,0.007931449,0.9622657,0.0004798003,0.004119142,0.024917673,4.6478917e-06,6.219344e-07,2,,,,0.28281218,-3.1641786,-0.14964315,4.9895372,-2.7003245,-0.39809966,0.9037674,-7.33201,-8.977963,0.0005376616,0.016128246,0.95562613,0.0008579584,0.0052524023,0.021577906,1.6742744e-05,2.9566017e-06,2,,,,0.010285196,Test
1532,0,5.807336,3.3873844,0.20734303,-2.8747501,-3.8210006,-5.092149,-8.546521,-17.121704,0.91501504,0.081368566,0.0033836255,0.00015518373,6.0241404e-05,1.6898268e-05,5.341058e-07,1.0080292e-10,0,,,,0.44260487,5.6611443,3.5806122,0.2751332,-2.8968482,-3.8979936,-5.3747888,-8.462932,-16.32803,0.8405468,0.1385393,0.020343568,0.00031876453,0.00021294155,3.685507e-05,1.7570586e-06,1.9815585e-09,0,,,,0.034851946,Test
1533,0,-0.8904097,2.3998137,3.348696,-3.4711027,-1.5801474,0.27197844,-7.947536,-12.007867,0.00990388,0.26590788,0.68679255,0.0007499369,0.004968852,0.031668253,8.52971e-06,1.4708053e-07,2,,,,1.1500586,-0.7569541,2.4954524,3.31599,-3.6710823,-1.6157801,0.4967011,-8.015492,-12.438202,0.02383741,0.28569376,0.6329179,0.0012833886,0.007562384,0.04868742,1.7046455e-05,7.233948e-07,2,,,,0.029549878,Test
1534,0,-4.8754845,-1.7652379,5.496444,-2.6927652,0.31569177,2.285605,-7.6083913,-7.3453197,2.9894925e-05,0.0006704411,0.95514446,0.00026518002,0.005371517,0.03851406,1.9440674e-06,2.5290747e-06,2,,,,0.29545212,-4.3817415,-1.6437109,5.4106746,-2.653048,0.28166163,1.7892225,-7.5700784,-7.285806,0.00015697701,0.0016355586,0.95842445,0.00047486066,0.006728398,0.032561116,9.73379e-06,8.905119e-06,2,,,,0.0060837693,Test
1535,1,-1.6642327,1.1146147,4.4707375,-3.7614648,-0.51833504,0.40385294,-9.146305,-11.773343,0.002040799,0.032857794,0.94228864,0.0002506016,0.0064188526,0.016142042,1.1491521e-06,8.30749e-08,2,,,,0.4068264,-1.7087071,0.9748539,4.2954497,-3.4908752,-0.7038971,0.5620327,-9.04059,-11.845116,0.0049307495,0.058278512,0.89065474,0.00077140116,0.009344222,0.03601539,4.718164e-06,2.0008943e-07,2,,,,0.03132519,Test
1536,0,-4.049111,-1.7357473,2.6682837,-1.8554428,-0.7480847,1.8612714,-4.134131,-3.8963366,0.00080333627,0.008120422,0.6640868,0.007204361,0.02180293,0.2963083,0.0007378594,0.0009359369,2,,,,1.1655049,-3.8808753,-1.576655,2.5773163,-1.943877,-0.897962,1.792188,-3.9829419,-3.848177,0.001227932,0.011118862,0.63935757,0.0077680782,0.023277063,0.31450197,0.0013528937,0.0013956524,2,,,,0.039086588,Test
1537,1,7.5629487,-1.5355887,-2.4890711,0.9652262,-3.9515574,-6.356996,-2.2330203,-10.481413,0.9984175,0.00011165227,4.303039e-05,0.0013613121,9.968404e-06,8.9940846e-07,5.558747e-05,1.4546072e-08,0,,,,0.018301696,7.561657,-1.360071,-2.366007,1.0536395,-3.977755,-6.2630563,-2.0501232,-10.938226,0.99639904,0.0011207017,9.833511e-05,0.0022323066,4.0390572e-05,4.192783e-06,0.00010507824,3.5795637e-08,0,,,,0.00096442475,Test
1538,1,-4.8163033,-1.3906522,6.2499337,-2.7329934,0.0180306,1.9258826,-8.259994,-9.521364,1.538763e-05,0.00047305634,0.9844126,0.00012357807,0.0019350671,0.013039644,4.915816e-07,1.3924824e-07,2,,,,0.12848283,-5.0714893,-1.6507323,6.792006,-2.8892822,0.19329377,2.358375,-8.888485,-10.001276,5.1717496e-05,0.0011812856,0.97754633,0.00013975246,0.0022843345,0.018794961,1.0483691e-06,5.641024e-07,2,,,,0.005912677,Test
1539,0,4.1256046,1.6217452,-1.7535824,-1.9201705,-3.0853407,-3.1911752,-3.1014168,-9.5473795,0.9182194,0.0750817,0.0025683127,0.0021742003,0.00067806727,0.00060997106,0.00066725374,1.0588756e-06,0,,,,0.45552588,4.111136,1.9451548,-1.7105894,-1.6404369,-3.097112,-3.1582346,-2.9316194,-9.64213,0.86414397,0.12667045,0.0032048405,0.0032036647,0.00095905986,0.0010127439,0.0008037447,1.615598e-06,0,,,,0.026679462,Test
1540,0,6.571271,3.0165086,-2.1625154,-2.1801195,-3.539001,-5.410423,-4.570549,-12.868428,0.97184664,0.027783316,0.00015651732,0.00015378611,3.951506e-05,6.081553e-06,1.40853235e-05,3.5078713e-09,0,,,,0.18850614,6.6126595,2.8209865,-1.7134054,-1.9894491,-3.4592738,-5.450544,-4.7451024,-12.50338,0.96696347,0.032205503,0.00042287484,0.00030602765,7.135385e-05,9.876269e-06,2.0853238e-05,2.318129e-08,0,,,,0.008801599,Test
1541,0,-3.3262498,-2.2579556,2.7900662,-1.9695364,-0.0028879996,-1.774758,-3.0455942,1.4108757,0.0016423396,0.004779882,0.7442951,0.0063778753,0.04558066,0.007749385,0.002174453,0.18740031,2,,,,1.1450343,-2.9358249,-2.1269886,2.6127107,-1.8633978,-0.030104488,-1.7756646,-2.8090723,1.3818583,0.0031493376,0.006801538,0.7003848,0.009174233,0.050398417,0.01007609,0.003892942,0.21612263,2,,,,0.02371988,Test
1542,0,0.08651611,2.0675626,3.1072574,-3.2836883,-1.4973398,-0.7459804,-7.8662615,-11.828315,0.033976972,0.24634415,0.6967483,0.0011682172,0.0069714775,0.014778695,1.1949162e-05,2.27321e-07,2,,,,1.1783018,0.35103634,2.3428044,2.955821,-2.835593,-1.6715376,-0.47502762,-7.460307,-11.674784,0.07575683,0.313459,0.57938117,0.0020917617,0.006360778,0.022928393,2.1613192e-05,4.1986453e-07,2,,,,0.05393557,Test
1543,0,-3.1022446,-0.7106221,2.0869424,-2.2930825,-0.92283636,1.6282922,-4.2080445,-4.1327777,0.0031607049,0.034550343,0.5667861,0.007099022,0.02794402,0.3582861,0.001046023,0.0011277924,2,,,,1.4051245,-3.112146,-0.9085337,2.1117196,-2.426445,-0.8767866,1.5562019,-4.4467278,-4.3183184,0.003400045,0.032213427,0.5838684,0.0066190003,0.030959869,0.3408265,0.0010141953,0.0010985588,2,,,,0.025973625,Test
1544,0,-1.838619,0.35756811,2.0840116,-2.4472795,-1.1232672,1.0831287,-4.748733,-6.4728637,0.012232303,0.10997657,0.6181374,0.0066553415,0.02501391,0.22719936,0.0006662876,0.000118817756,2,,,,1.532501,-1.774493,0.54157645,1.9394859,-2.4331048,-1.2254242,0.93420744,-4.6889734,-6.428611,0.014705434,0.15622602,0.5694991,0.008053781,0.025454381,0.22506411,0.0008195445,0.00017768132,2,,,,0.04065924,Test
1545,0,3.893776,3.4757912,-0.18617499,-3.1245496,-2.7704449,-4.4300013,-5.775607,-11.685123,0.59603363,0.39241204,0.010077914,0.0005336427,0.00076039013,0.00014464394,3.7662667e-05,1.0219761e-07,0,,,,1.057467,4.1158304,2.8933241,-0.43129483,-3.1709938,-3.0729756,-4.398261,-5.858566,-11.984665,0.7259098,0.26200488,0.010104026,0.00081290083,0.000836856,0.00024034994,9.059381e-05,6.215597e-07,0,,,,0.041712467,Test
1546,0,0.09330183,-1.832511,1.5695488,-1.7261916,-0.5344801,-4.457706,-2.8249032,-0.61280704,0.14757363,0.021509927,0.6458546,0.023922844,0.07877104,0.0015578697,0.00797349,0.0728366,2,,,,1.6968665,0.14118569,-1.7448965,1.5016941,-1.4654801,-0.67370254,-4.5603313,-2.6663895,-0.53764904,0.17294677,0.029879456,0.59394825,0.031794123,0.06969337,0.0015610034,0.0103619285,0.08981508,2,,,,0.04079198,Test
1547,0,-3.1647475,-1.7796516,1.7154973,-1.4129419,-0.8651368,-1.0015088,-2.2369087,0.3914731,0.0050339224,0.020111572,0.66278076,0.029020576,0.05018972,0.043791424,0.012730978,0.17634109,2,,,,1.6291785,-3.3239956,-1.8154116,1.8367138,-1.35068,-0.7793613,-1.1534301,-2.2385907,0.31696984,0.0042673135,0.019070277,0.6883164,0.030327791,0.052359134,0.038319524,0.013344111,0.15399548,2,,,,0.018085582,Test
1548,0,-1.2912359,0.8459208,2.6414967,-2.9489512,-0.8931775,0.48523706,-6.092991,-8.317927,0.0146801565,0.12441881,0.7493673,0.0027976544,0.02185774,0.08674473,0.00012060214,1.30339895e-05,2,,,,1.2274494,-1.2221427,0.846136,2.8077972,-3.1111598,-0.68878525,0.34784037,-6.414139,-8.526506,0.022048283,0.14527187,0.7360617,0.003199383,0.02469728,0.06848039,0.00019971242,4.146425e-05,2,,,,0.046888273,Test
1549,0,2.396581,1.9481086,0.29196334,-2.548738,-2.6514258,-3.706358,-4.9681463,-8.57583,0.5627713,0.35938743,0.06859748,0.0040050424,0.0036141851,0.0012585178,0.00035634582,9.6621625e-06,0,,,,1.3401055,2.7115376,2.0839167,-0.14233334,-2.6321607,-3.0450923,-3.6358585,-4.793797,-9.281871,0.6016102,0.33910373,0.051929664,0.003239146,0.0023154847,0.0013438443,0.00043154563,2.6464342e-05,0,,,,0.03817722,Test
1550,0,-3.1407368,-0.849243,2.7537355,-2.218072,-0.72020936,1.7908477,-4.994413,-5.5395355,0.0018992306,0.018782819,0.6894685,0.0047784373,0.021369746,0.2632313,0.0002975338,0.00017250137,2,,,,1.1626626,-3.4839149,-1.0720263,3.0991442,-2.367302,-0.7725029,2.1941426,-5.5575533,-6.2505994,0.0014014931,0.014533062,0.67642176,0.0036655036,0.015618707,0.28809118,0.0001921147,7.619126e-05,2,,,,0.031195275,Test
1551,0,6.4735775,-1.2949116,-2.3195312,0.55473256,-3.323519,-5.617314,-1.7082704,-8.611694,0.99640876,0.0004213332,0.00015123031,0.0026786486,5.5413133e-05,5.5902387e-06,0.00027868032,2.798899e-07,0,,,,0.03888046,6.513996,-1.4085478,-2.7399144,0.6066774,-3.5687103,-5.852732,-1.6103007,-9.004495,0.99490404,0.00043767845,0.00020227993,0.0038735117,5.615736e-05,8.334316e-06,0.00051753037,5.1034266e-07,0,,,,0.0009805568,Test
1552,1,6.059835,-0.65602475,-1.5598475,-0.16962181,-3.1583393,-5.2836914,-3.602617,-10.224959,0.99616724,0.0012069002,0.00048881694,0.0019629693,9.883942e-05,1.180052e-05,6.3384454e-05,8.432108e-08,0,,,,0.042641968,5.8596153,-0.5674434,-1.4076278,-0.26114517,-3.0714107,-5.112025,-3.5314841,-10.124792,0.99421453,0.0021637224,0.000940248,0.0023609775,0.00017910571,3.3026794e-05,0.00010811818,2.903471e-07,0,,,,0.0007911581,Test
1553,0,11.739979,-0.23346324,-3.9861605,0.63565075,-6.168556,-9.64201,-4.7150536,-17.93641,0.9999784,6.30944e-06,1.4798415e-07,1.5046732e-05,1.6688322e-08,5.1750076e-10,7.139386e-08,1.2932972e-13,0,,,,0.00038666915,11.093141,-0.048874713,-3.9484043,0.025805796,-5.9011097,-9.632809,-4.8801126,-17.388348,0.99960804,0.00028579627,6.691623e-06,9.637934e-05,9.514385e-07,4.2450473e-08,2.2213137e-06,7.5491036e-10,0,,,,0.00021364038,Test
1554,0,-6.0329494,-2.9841158,9.722394,-2.5678976,1.6431155,-0.6753679,-9.824807,-9.393593,1.4367794e-07,3.0302733e-06,0.9996519,4.594549e-06,0.00030978653,3.049004e-05,3.240464e-09,4.987485e-09,2,,,,0.0047109295,-6.6188555,-3.2307446,9.9066925,-2.7546058,1.6432936,-0.24083266,-10.456512,-9.817305,8.3566266e-07,4.5667166e-06,0.99959147,1.704601e-05,0.00032679038,5.9273203e-05,1.6173756e-08,1.4270212e-08,2,,,,8.043028e-05,Test
1555,0,-2.9548454,0.54724824,5.3362265,-3.2449832,-0.17684491,0.30024227,-8.42042,-10.384619,0.00024599922,0.00816345,0.9810712,0.00018404698,0.0039573456,0.006376765,1.0405549e-06,1.4595675e-07,2,,,,0.16702199,-2.932211,0.41744477,5.0653095,-2.9661906,-0.43018785,0.34868488,-7.9479094,-10.310863,0.00087437424,0.018491933,0.9539598,0.000397626,0.00589927,0.020372186,4.1226276e-06,6.15567e-07,2,,,,0.015284834,Test
1556,0,-3.2764857,0.2248252,4.68434,-2.7732425,-0.20310497,1.0573331,-7.309694,-8.889231,0.00033331965,0.0110525135,0.9554405,0.0005513365,0.0072046565,0.025410578,5.9055583e-06,1.216962e-06,2,,,,0.33052275,-3.651506,0.06358143,4.9636064,-2.9814837,-0.36327964,1.2820637,-7.494338,-8.9574175,0.00042609303,0.01250992,0.94771117,0.00062674447,0.007258845,0.03145616,9.460339e-06,1.6774469e-06,2,,,,0.009738348,Test
1557,0,2.4570398,1.3926638,0.6547811,-2.573099,-1.9664309,-3.471181,-4.8965974,-8.3514805,0.6528595,0.22519934,0.10767347,0.0042683315,0.007829444,0.0017387061,0.0004179994,1.3205018e-05,0,,,,1.3413792,2.5586438,1.4445288,0.89854777,-2.6388803,-1.6353471,-3.6698403,-5.0228567,-8.499964,0.61485463,0.22988228,0.13738626,0.0036627054,0.012024007,0.0017562788,0.00041088666,2.2950213e-05,0,,,,0.04557479,Test
1558,0,-2.1444418,0.578243,3.8684719,-2.809805,-0.7520475,1.0119822,-7.1498585,-9.684721,0.0022078673,0.033606246,0.90229434,0.0011350353,0.0088855075,0.051854987,1.4796128e-05,1.1729278e-06,2,,,,0.61112607,-2.289728,0.47749433,3.759932,-2.7747438,-1.0101405,1.1970166,-7.1425047,-9.917479,0.0038138211,0.047665514,0.8669114,0.0016932217,0.00827833,0.071599886,3.5938603e-05,1.8524476e-06,2,,,,0.018700048,Test
1559,0,-1.1097516,2.1512487,4.2360797,-3.623673,-1.4102478,-0.08800955,-8.984657,-13.327102,0.0041596023,0.10846417,0.8724025,0.0003367206,0.0030799808,0.011555504,1.5813339e-06,2.0564793e-08,2,,,,0.6562759,-1.494921,2.0749297,4.4390745,-3.6650195,-1.425562,-0.34605375,-9.13346,-12.8321,0.0066380175,0.12758599,0.8515779,0.0005919217,0.0029490942,0.010653048,4.0182467e-06,4.8380258e-08,2,,,,0.03828916,Test
1560,0,3.8202338,2.9517934,0.8569338,-2.882533,-2.7161348,-3.6587102,-7.340114,-13.959993,0.6781914,0.28457284,0.035027362,0.00083248736,0.0009832039,0.0003830789,9.648832e-06,1.28675985e-08,0,,,,1.088133,3.49824,2.469786,0.75313437,-3.0131047,-2.3066208,-3.4764988,-7.6691756,-14.006897,0.65253985,0.27861255,0.05859009,0.002467204,0.0042361715,0.0035276008,2.5963367e-05,5.6627016e-07,0,,,,0.04997217,Test
1561,0,-4.5408883,-2.2937326,2.1453671,-1.1639874,-1.1735163,0.46447504,-2.8637645,-1.0270344,0.00094500295,0.008940472,0.757246,0.027669583,0.027407173,0.1410051,0.0050559044,0.031730767,2,,,,1.2545758,-4.366478,-2.2289414,2.0129676,-0.9989406,-1.1760012,0.4339543,-2.6373966,-0.985219,0.0013843756,0.011493975,0.7167559,0.036532633,0.030825699,0.15414958,0.008036172,0.040821575,2,,,,0.01991557,Test
1562,0,-0.8743076,0.6063781,3.7835839,-3.0952916,-0.49224538,-0.8439722,-7.517267,-9.243804,0.008817123,0.03875971,0.92944443,0.0009566777,0.012919757,0.009088693,1.1490165e-05,2.0440941e-06,2,,,,0.49256986,-0.7256076,0.85062253,3.9562714,-2.9582298,-0.39952213,-0.9417965,-7.3402567,-8.955069,0.02071299,0.05082304,0.8989831,0.0020812475,0.018163536,0.009184763,4.1455187e-05,9.888548e-06,2,,,,0.019870646,Test
1563,0,8.148343,-1.8849323,-2.8543458,1.310904,-4.213651,-6.5868535,-2.1522331,-10.695586,0.99882966,4.3862685e-05,1.663735e-05,0.0010715919,4.2731267e-06,3.9817743e-07,3.357438e-05,6.541494e-09,0,,,,0.013742765,7.940047,-1.7204767,-2.6436977,1.4861945,-4.39083,-6.306672,-1.9800249,-10.343242,0.99672043,0.00018188222,8.646266e-05,0.002858014,1.4323899e-05,7.4216573e-06,0.00013141312,3.9972996e-08,0,,,,0.0009392875,Test
1564,0,7.6307917,2.1083574,-2.3220894,-1.4359736,-4.677462,-6.7390623,-5.2134805,-14.352631,0.99585044,0.0039795265,4.7392856e-05,0.00011496038,4.4955955e-06,5.720656e-07,2.6302523e-06,2.8243305e-10,0,,,,0.040029336,8.148105,1.6914562,-2.8451457,-1.3175522,-5.0127673,-7.6175995,-5.4907527,-15.194699,0.99732196,0.0024474538,4.265159e-05,0.00017574857,7.396172e-06,6.159999e-07,4.13872e-06,1.5620742e-09,0,,,,0.00066693674,Test
1565,1,-2.8631158,0.23146462,5.9177837,-3.588269,0.008676173,0.18423569,-9.235714,-11.139373,0.0001521834,0.0033598987,0.9905201,7.369482e-05,0.002688874,0.0032049036,2.5988598e-07,3.8728864e-08,2,,,,0.09368323,-2.356466,1.080323,5.439214,-3.1874926,-0.4262181,0.010441656,-8.367617,-11.027875,0.0008796208,0.02304448,0.9676797,0.0003407291,0.0034492563,0.0046038693,2.0662335e-06,2.6587605e-07,2,,,,0.0077439975,Test
1566,0,-4.3281355,-0.8352511,6.906225,-3.127263,0.036604553,0.96135885,-9.098021,-10.492504,1.3157719e-05,0.00043263446,0.99586725,4.3723292e-05,0.0010345775,0.002608428,1.1159528e-07,2.7671284e-08,2,,,,0.044280894,-4.109686,-0.62939876,6.46594,-3.0977447,0.024844885,1.0900664,-8.761831,-10.3765,6.41552e-05,0.0021368214,0.9877221,0.00016941593,0.0019045689,0.008000789,1.868458e-06,2.9413854e-07,2,,,,0.0033963327,Test
1567,0,-3.844539,-1.7955068,2.9057982,-2.2258024,-0.20395577,0.9410236,-4.448785,-2.5834646,0.0009707678,0.0075335344,0.82937235,0.0048991847,0.036999896,0.116267614,0.00053051155,0.0034260452,2,,,,0.895056,-3.5807395,-1.7166942,2.8548627,-2.1729906,-0.039264046,0.65933025,-4.073191,-2.1467595,0.0016368984,0.011059006,0.8247684,0.0060590506,0.04714296,0.10200189,0.0010017578,0.006330017,2,,,,0.01770209,Test
1568,1,-3.91352,-1.9976945,1.9658556,-1.4900681,-1.4980192,1.4820833,-3.1094146,-2.8631437,0.001630292,0.011073829,0.58296937,0.018397432,0.018251728,0.35937357,0.0036432075,0.004660558,2,,,,1.3485595,-3.834929,-1.8653475,2.0787163,-1.5118589,-1.5488703,1.5067744,-3.1616535,-2.9702406,0.0018628475,0.0123389345,0.5986092,0.017266158,0.016400646,0.34528208,0.003964887,0.0042752493,2,,,,0.025134848,Test
1569,0,5.885396,1.3184141,-1.7924488,-1.4716632,-3.101843,-5.41335,-3.7019362,-10.88131,0.9884389,0.010269158,0.00045761908,0.00063069514,0.00012354966,1.2245225e-05,6.77992e-05,5.167277e-08,0,,,,0.098941036,6.075228,1.2739987,-1.6656306,-1.5232565,-3.2109876,-5.7978153,-3.9105763,-10.785234,0.98946685,0.008879529,0.0006164859,0.00072513084,0.00018821676,1.2935481e-05,0.000110462,3.7714602e-07,0,,,,0.001103189,Test
1570,0,-3.6009703,-1.8168021,1.1256576,-1.4304087,-1.1816375,2.4464045,-2.797943,-2.6215062,0.0017612866,0.010487801,0.1988742,0.015434515,0.01979397,0.7450262,0.0039316993,0.004690357,5,,,,1.137422,-3.7359111,-1.8564936,1.3864778,-1.5112952,-1.0840852,2.4787903,-2.9110544,-2.62684,0.0015972953,0.010224391,0.24340734,0.013259766,0.023590563,0.699094,0.00359155,0.005235096,5,,,,0.024074525,Test
1571,0,0.19996741,2.1754456,0.9079021,-3.0260282,-1.9871125,0.25077012,-5.7193947,-8.859179,0.08736112,0.6298795,0.17732514,0.0034696537,0.009805764,0.09191397,0.00023473178,1.0162044e-05,1,,,,1.5830814,0.22218594,2.257883,1.0026219,-3.1727424,-1.8978649,0.4522677,-5.712336,-9.069647,0.088446096,0.59523535,0.19166902,0.0030632734,0.011779616,0.109476484,0.0003056962,2.446344e-05,1,,,,0.04822693,Test
1572,0,-4.1706142,-1.9729896,2.0459757,-2.0359938,-0.69522,2.2395923,-3.9461823,-2.6448317,0.0008579053,0.0077242414,0.4298037,0.0072525935,0.027719412,0.5216231,0.0010737643,0.0039452845,5,,,,1.3133407,-4.115657,-1.9870564,2.0837414,-2.144464,-0.60462695,2.1319914,-4.084958,-2.5427313,0.0012022927,0.009840664,0.45812696,0.0077609457,0.03358216,0.48164088,0.001364403,0.0064816857,5,,,,0.0317746,Test
1573,0,-2.5967107,0.8305269,4.71494,-3.2020073,-0.75990087,0.78388107,-8.280878,-11.150201,0.0006387112,0.019666852,0.9565641,0.00034868042,0.004008859,0.018770546,2.1712108e-06,1.2318873e-07,2,,,,0.32316136,-2.9440262,0.5232312,4.9311233,-3.2684643,-0.93843603,1.2882973,-8.387925,-11.698209,0.00073296914,0.017494176,0.9476946,0.00036785175,0.004813014,0.028891915,5.287635e-06,2.2573008e-07,2,,,,0.00868046,Test
1574,0,-2.0470564,-0.20163997,3.3576763,-2.5301173,-0.666668,1.068923,-6.190175,-7.9437423,0.0038917325,0.024637533,0.8657422,0.0024007799,0.015475262,0.08778002,6.177452e-05,1.0696581e-05,2,,,,0.76596326,-1.961167,-0.03479833,3.3264751,-2.4761784,-0.40460673,1.0552083,-6.1965866,-7.847809,0.005328184,0.04232217,0.83166105,0.0032306805,0.023864958,0.093472295,0.000103902596,1.6733886e-05,2,,,,0.022141036,Test
1575,1,-0.891477,2.450258,4.1993685,-3.7007117,-1.2043099,-0.75863063,-8.960705,-13.402797,0.00516184,0.14591557,0.83893955,0.00031100647,0.003775226,0.005895206,1.6157846e-06,1.9019867e-08,2,,,,0.7346554,-1.563796,2.5074582,4.632227,-3.8109856,-1.5321368,0.08018558,-9.675834,-14.34415,0.003690964,0.14656119,0.8323901,0.00028257092,0.0023824929,0.014690707,2.0105101e-06,2.0027475e-08,2,,,,0.033874363,Test
1576,0,-4.19355,-0.583892,5.176512,-2.9002473,0.017958859,1.9027908,-7.875609,-8.875448,8.139901e-05,0.0030079721,0.9549603,0.00029668343,0.0054910346,0.03615983,2.0489035e-06,7.538703e-07,2,,,,0.30774406,-3.9382439,-0.13224217,4.667212,-2.753466,0.041159395,1.6567653,-7.237174,-7.612279,0.0004894187,0.020057308,0.9060807,0.0009958433,0.012885958,0.059450705,2.3659251e-05,1.6262285e-05,2,,,,0.020278933,Test
1577,0,-1.0604217,1.8519495,3.7822366,-3.3563032,-1.1076618,-0.08350411,-8.033769,-11.374965,0.0066703088,0.12273617,0.845835,0.0006715173,0.006362529,0.017718043,6.2468284e-06,2.2110397e-07,2,,,,0.7806788,-1.2502639,1.9080387,3.61954,-3.383527,-1.3316387,-0.23028703,-7.9133635,-11.55712,0.013390298,0.19688365,0.75688934,0.0008743899,0.0060276343,0.02592213,1.23191585e-05,2.4237343e-07,2,,,,0.05052527,Test
1578,1,0.4620154,1.0985774,0.3682108,-2.3019323,-1.485494,-0.9191894,-3.5879974,-5.2363634,0.23374572,0.44177285,0.21281628,0.014735891,0.033338886,0.058734607,0.004072353,0.000783374,1,,,,2.0197835,0.450272,1.166672,0.20588061,-2.4951067,-1.5382515,-1.1215426,-3.6438267,-5.2418184,0.23837554,0.46645832,0.19020775,0.0127104195,0.034785986,0.05214619,0.004218184,0.0010975654,1,,,,0.035943635,Test
1579,0,-0.40031213,1.9309022,2.386358,-3.111753,-1.7549202,0.32728797,-6.8163342,-10.734241,0.03342962,0.3440052,0.542459,0.0022210982,0.008626461,0.06920287,5.466238e-05,1.0868341e-06,2,,,,1.5183306,0.040833574,1.9468902,2.0079265,-2.7451437,-1.9404624,0.20741005,-6.504767,-11.185877,0.06999343,0.4008194,0.42326027,0.0050902907,0.008693287,0.091992244,0.00014900518,2.0474847e-06,2,,,,0.05714814,Test
1580,0,-3.1307845,0.43714693,4.939002,-3.0573401,-0.10669564,0.88094264,-7.964871,-9.567935,0.0003021363,0.010708675,0.9657539,0.00032516156,0.006216527,0.01669067,2.4031751e-06,4.8370856e-07,2,,,,0.27011552,-2.4058876,0.17810783,4.4042273,-2.7110496,-0.14734627,0.53277636,-7.420265,-9.129137,0.0017249205,0.020235278,0.93817484,0.0010166913,0.012145365,0.026682604,1.5667747e-05,4.695031e-06,2,,,,0.011050388,Test
1581,0,-3.0855894,0.6424041,6.4654856,-3.7025127,-0.8026978,0.9341307,-10.49648,-14.155446,7.057946e-05,0.0029357923,0.9923332,3.808482e-05,0.0006920312,0.003930254,4.26746e-08,1.0992607e-09,2,,,,0.07591932,-3.4724479,0.4693777,6.570426,-3.7933922,-0.7096938,1.5966294,-10.618944,-14.437132,0.00016549681,0.0073932162,0.977187,5.0575974e-05,0.0013560823,0.013847391,1.2969409e-07,6.874474e-09,2,,,,0.007408208,Test
1582,0,-2.6852741,-0.018382343,3.2090158,-2.1375475,-1.2010624,1.4396123,-5.138355,-7.2909966,0.0022398834,0.03224347,0.8129859,0.0038734686,0.009881218,0.13856094,0.00019269311,2.2386466e-05,2,,,,0.91698706,-2.86919,0.10096922,3.1680844,-2.1668904,-1.0715739,1.4367689,-5.0689993,-6.7522583,0.002603429,0.051405042,0.7781018,0.0045039593,0.012501893,0.15045023,0.00036548162,6.814992e-05,2,,,,0.025717413,Test
1583,0,-1.9209669,0.7063855,4.2657175,-3.4063027,-0.68986696,0.44625753,-8.276452,-10.856402,0.0019402802,0.026847834,0.9434251,0.00043933064,0.0066454504,0.020698413,3.3706401e-06,2.554196e-07,2,,,,0.40569752,-1.8231436,0.4044997,3.8788803,-2.928894,-0.8180025,0.6092214,-7.9795914,-10.673653,0.010133297,0.039512318,0.8873452,0.0029248407,0.010212322,0.049817976,5.1821284e-05,2.2794798e-06,2,,,,0.025241211,Test
1584,0,-0.81167644,2.6782374,3.392731,-3.5779943,-1.3402851,-0.041402686,-8.104787,-12.192932,0.009654619,0.3165085,0.6466749,0.0006072095,0.005690668,0.020857427,6.5671593e-06,1.101333e-07,2,,,,1.1621169,-0.8543433,2.582808,3.0391905,-3.4013355,-1.496752,-0.08468121,-7.599922,-11.742076,0.018393267,0.39902684,0.5429415,0.0010911338,0.0071459813,0.03137431,2.6309915e-05,6.3418304e-07,2,,,,0.06098489,Test
1585,0,-2.346852,0.28542295,4.9036074,-3.0550473,0.19650814,-0.26824427,-7.5467176,-8.961631,0.0006921024,0.009623941,0.97500086,0.00034088298,0.008805169,0.0055322065,3.8185417e-06,9.277021e-07,2,,,,0.21295902,-1.9877656,0.35281938,4.5812287,-3.0036664,0.21202782,-0.34819713,-7.51623,-9.621081,0.003036299,0.028688718,0.9380843,0.0008247439,0.015664084,0.013689647,9.960626e-06,2.1776434e-06,2,,,,0.01366611,Test
1586,0,-3.5213938,0.22980085,5.474738,-2.9398632,-0.61530405,1.6438851,-8.624051,-11.210864,0.00012032915,0.00512264,0.9712729,0.00021524166,0.0022002377,0.021067983,7.3166945e-07,5.5065087e-08,2,,,,0.22077365,-2.967351,0.46579877,5.268463,-3.0871654,-0.797225,1.3697362,-8.698324,-11.305485,0.0009000875,0.02082891,0.94977534,0.00028249022,0.004035039,0.024172848,4.949932e-06,4.4014246e-07,2,,,,0.01433426,Test
1587,0,7.924515,1.6032262,-3.0600963,-1.2228824,-4.5435524,-7.009484,-3.5251505,-13.294665,0.9980678,0.0017941522,1.6927932e-05,0.00010629088,3.840142e-06,3.2614227e-07,1.0632459e-05,6.0783656e-10,0,,,,0.021075036,7.815715,1.4510602,-3.1084774,-1.2687011,-4.510267,-7.2373824,-3.7191758,-13.65753,0.997196,0.0025881077,3.720125e-05,0.00014913564,7.1412032e-06,6.086632e-07,2.169592e-05,1.6606923e-09,0,,,,0.0005103748,Test
1588,0,-1.0457846,0.9118911,1.3345293,-2.4703362,-1.1196059,0.12939197,-4.629031,-6.485467,0.042860627,0.3035752,0.4632503,0.010312968,0.039810568,0.13881336,0.0011908972,0.00018605204,2,,,,1.8936787,-0.71272117,1.1897521,1.0390317,-2.08838,-1.2021985,-0.017904539,-4.219564,-6.341385,0.06780451,0.3965068,0.34701753,0.017515382,0.036802787,0.13219665,0.0019167248,0.00023967621,1,,,,0.039807767,Test
1589,0,-3.4650474,0.17639495,6.6989927,-3.267694,-0.19379207,0.7074674,-9.845688,-12.555278,3.8336922e-05,0.0014624307,0.99495524,4.6701058e-05,0.0010099624,0.0024872373,6.4944096e-08,4.3229487e-09,2,,,,0.053836245,-3.1059039,0.886442,6.3698874,-3.2678978,-0.036000974,0.17318484,-9.47757,-13.2242985,0.00016598232,0.007702186,0.9850563,0.00012285808,0.0018988438,0.005053333,4.4601416e-07,1.0303234e-08,2,,,,0.0037672617,Test
1590,1,-1.7028589,0.6965656,3.9911633,-2.9651797,-0.52124035,-0.6058542,-7.1828732,-8.905205,0.0031681086,0.034902528,0.9412012,0.00089656387,0.010326914,0.00948906,1.3208706e-05,2.3597229e-06,2,,,,0.41876063,-1.9995139,0.6616404,4.266252,-3.1204627,-0.15341726,-0.15313378,-7.2957015,-9.043354,0.0026797957,0.038469635,0.9320653,0.00079680636,0.012536252,0.0134246675,2.0378724e-05,7.1824006e-06,2,,,,0.012468194,Test
1591,0,-2.1375718,-0.04790979,6.207155,-2.901779,-0.46649343,-0.11617471,-9.669281,-13.235473,0.00023638725,0.0019105241,0.9947014,0.00011008617,0.0012570827,0.0017844542,1.2666133e-07,3.5798688e-09,2,,,,0.05758317,-2.6532788,-0.31605503,6.274409,-3.2227616,-0.4576767,-0.3126785,-9.792117,-12.589933,0.00045069805,0.0034380865,0.9924819,0.00015467586,0.0016197354,0.0018543766,5.3835026e-07,1.3508445e-08,2,,,,0.0017282038,Test
1592,0,3.337874,1.6651677,-0.54040176,-2.065605,-2.2557268,-3.0788064,-4.16601,-9.07653,0.8204547,0.15403078,0.016972309,0.003692782,0.003053407,0.0013406819,0.0004520217,3.330792e-06,0,,,,0.8229674,3.2693577,1.8983778,-0.3656027,-2.102803,-2.0733333,-3.2571762,-4.4952955,-9.416668,0.7617346,0.20331554,0.024500677,0.003978849,0.0044064196,0.0016370842,0.0004212059,5.6880817e-06,0,,,,0.020444427,Test
1593,0,-2.4950953,1.0166461,4.9827785,-3.328468,-0.46946073,0.34865183,-8.409121,-10.9601965,0.0005469916,0.018327808,0.9673418,0.00023771208,0.0041467,0.009397326,1.4775835e-06,1.1524812e-07,2,,,,0.25699982,-2.5906422,1.1769531,5.243193,-3.34257,-0.42514867,0.41715664,-8.4562025,-11.059182,0.00077720045,0.024397274,0.9597658,0.00032775148,0.003980123,0.010748407,3.1773209e-06,2.1439159e-07,2,,,,0.0089827245,Test
1594,0,5.1705317,2.2619252,1.1220406,-2.29266,-3.7509272,-5.18478,-8.281536,-18.224556,0.93219155,0.050852627,0.016265515,0.00053491164,0.00012444133,2.9665398e-05,1.3407448e-06,6.44388e-11,0,,,,0.41752404,5.0612955,2.207005,1.5477266,-2.760385,-3.4597354,-5.1764174,-8.616275,-18.813328,0.83115643,0.07294413,0.09393139,0.0006179813,0.0010654113,0.0002812525,3.3416004e-06,1.8207988e-10,0,,,,0.056932267,Test
1595,0,14.5776205,-4.4332843,-4.696757,4.3327646,-7.77017,-10.642424,-3.8542817,-19.012802,0.9999645,5.5418368e-09,4.2582253e-09,3.553859e-05,1.9699845e-10,1.11444595e-11,9.888064e-09,2.5813623e-15,0,,,,0.00057705934,14.201723,-4.0230217,-4.935272,3.9752586,-7.9195495,-11.224371,-3.4891953,-19.060232,0.9998744,5.8464224e-08,1.6210404e-08,0.00012550606,1.2214314e-09,7.468042e-11,9.967523e-08,1.7029916e-12,0,,,,5.1655974e-05,Test
1596,0,-1.453028,0.6614363,3.6585078,-2.5542035,-1.5334781,0.57488704,-7.261529,-11.25433,0.005432815,0.045011673,0.9014399,0.0018063027,0.0050128633,0.041279774,1.6308923e-05,3.008663e-07,2,,,,0.6220289,-1.3861275,0.6593362,3.4369483,-2.301978,-1.5078145,0.037127666,-6.5025644,-10.055259,0.012420001,0.08142147,0.859295,0.0036081201,0.009351071,0.03383865,6.2801635e-05,2.897151e-06,2,,,,0.025587495,Test
1597,0,-5.9911256,-1.7410508,9.707164,-3.029251,0.723735,1.4720914,-11.439706,-14.03666,1.5210507e-07,1.0664193e-05,0.9995957,2.9408284e-06,0.00012542114,0.00026508063,6.544185e-10,4.8754265e-11,2,,,,0.005591792,-5.2231245,-1.6629034,9.143199,-2.5713868,0.46095115,1.2356896,-9.859046,-13.38629,6.1883366e-06,0.000311054,0.99850595,2.2320286e-05,0.00047540595,0.00067820714,5.008052e-07,3.5481636e-07,2,,,,0.00049806235,Test
1598,0,-0.2231628,0.72146636,0.46379673,-2.3404593,-1.7467197,0.31914547,-3.9854383,-6.082133,0.13082375,0.3364603,0.26003352,0.015745498,0.028511116,0.22501326,0.0030391421,0.00037339472,1,,,,2.1724288,-0.08470747,0.68096125,0.45334443,-2.3142157,-1.9236453,0.36476436,-3.8783107,-6.151079,0.14253916,0.32285815,0.2543247,0.015438706,0.024530346,0.23653364,0.0034121058,0.0003631425,1,,,,0.054149434,Test
1599,0,-2.074768,0.84840107,4.6461782,-3.049225,-0.9923657,0.06913404,-7.7173195,-10.370357,0.0011613484,0.021601245,0.9634572,0.00043828978,0.003428024,0.009909403,4.115604e-06,2.8989066e-07,2,,,,0.28158826,-2.1300876,0.7197944,4.565472,-2.788899,-0.8465575,0.061432295,-7.337743,-9.601173,0.0016458647,0.03528274,0.9407753,0.0009479846,0.0051433663,0.016186617,1.6526626e-05,1.4769066e-06,2,,,,0.016237129,Test
1600,0,2.6152248,2.3747318,-0.3702175,-2.6532593,-2.4490726,-1.6486154,-5.243427,-9.851222,0.5368593,0.42210028,0.0271206,0.002765584,0.003392063,0.00755263,0.00020743949,2.0689565e-06,0,,,,1.2552984,3.082979,2.5072107,-0.26601887,-2.7793114,-2.2491994,-1.9710045,-5.27004,-10.119957,0.60749155,0.35076892,0.030207807,0.0020793066,0.003530149,0.005714603,0.00020479651,2.8371026e-06,0,,,,0.039061397,Test
1601,0,-1.4493319,-1.4398131,2.5425584,-2.1281016,-0.11037108,-3.3056247,-3.0985618,-0.2948271,0.01562257,0.015771989,0.8460743,0.007924404,0.059601314,0.0024410395,0.003002626,0.049561854,2,,,,0.95115703,-1.729735,-1.5558469,2.6600883,-2.0897107,-0.19039957,-3.3798726,-3.2919326,0.029746914,0.0128449425,0.013909416,0.84189165,0.008853753,0.04964604,0.0024498284,0.00260092,0.06780341,2,,,,0.011908516,Test
1602,0,-1.1103814,2.0016768,5.274589,-3.889502,-1.4862888,-0.23890802,-10.454845,-15.50049,0.0016142732,0.036268268,0.95704985,0.000100235215,0.0011084669,0.003858809,1.4116523e-07,9.0872415e-10,2,,,,0.2922906,-0.8713864,1.8592335,5.7275734,-3.6580493,-1.637645,-0.4514958,-10.945142,-16.941578,0.0033476974,0.046676822,0.94530725,0.00014812456,0.00089644425,0.0036234022,2.9737413e-07,1.6190379e-09,2,,,,0.01564748,Test
1603,0,-1.6326214,1.2114575,4.0925617,-3.2429376,-1.043798,0.5730298,-8.283061,-11.530164,0.002978369,0.051185414,0.91283834,0.0005951508,0.0053666243,0.027032148,3.852381e-06,1.4980641e-07,2,,,,0.5523212,-1.6832392,1.1788245,4.1374216,-2.99338,-1.2040159,0.41028976,-8.2876835,-11.923294,0.005430585,0.06910075,0.89398634,0.00091084046,0.0057273163,0.024838326,5.563735e-06,2.5264097e-07,2,,,,0.021601735,Test
1604,0,-3.3005636,-1.2385552,1.5016241,-2.203323,-0.9024823,1.9212297,-3.7539778,-3.1996078,0.0030152816,0.023705369,0.3671905,0.009033443,0.03317427,0.55862945,0.0019160749,0.0033355872,5,,,,1.4223267,-3.4625626,-1.0801748,1.6257855,-2.4485185,-0.77186656,1.8612553,-4.1708307,-3.1494267,0.003010688,0.02926366,0.40580815,0.0073747383,0.03892409,0.5102168,0.0014803101,0.0039215907,5,,,,0.035191674,Test
1605,1,5.167616,0.10468574,-1.606783,-1.0512364,-2.5441034,-5.219696,-2.5469892,-7.9532146,0.98971903,0.0062619457,0.0011309097,0.0019710553,0.00044295,3.0504203e-05,0.00044167356,1.9824745e-06,0,,,,0.09972344,5.131379,0.34229177,-1.6776054,-0.9754082,-2.621138,-5.41241,-2.5386164,-7.857451,0.9825042,0.011984511,0.0016644017,0.0025702922,0.00055464497,4.726545e-05,0.0006696062,5.2099235e-06,0,,,,0.003727663,Test
1606,0,-5.101547,-2.4474216,6.3302484,-2.361011,0.89724123,-0.4614113,-6.8077784,-4.248653,1.078201e-05,0.00015323983,0.99418056,0.0001670703,0.004344504,0.0011165673,1.9574584e-06,2.5299201e-05,2,,,,0.058050092,-5.5353036,-2.6192007,6.3885207,-2.4900346,0.8888543,-0.5092662,-7.0471125,-3.7631736,1.1271959e-05,0.00021545438,0.9936434,0.00021449744,0.0046009156,0.001230113,4.228804e-06,8.013326e-05,2,,,,0.0008398918,Test
1607,0,-3.2825167,-0.40998232,5.414448,-3.1894004,0.66234493,-0.3144922,-7.7251325,-8.042398,0.00016459175,0.0029102736,0.98503494,0.00018065407,0.00850432,0.0032018768,1.9364427e-06,1.409995e-06,2,,,,0.13534759,-3.083395,-0.28646594,5.270514,-3.1941655,0.5009259,-0.49972525,-7.5319505,-7.715094,0.00035838148,0.0049966834,0.97985554,0.00032651512,0.010331785,0.0041217976,6.1487262e-06,3.1716547e-06,2,,,,0.0037915595,Test
1608,0,-0.010955675,1.3139575,3.5449986,-2.946734,-0.60690343,-1.5093576,-7.612013,-10.024822,0.024623724,0.09263095,0.86235285,0.0013072581,0.013568655,0.0055030826,1.2309961e-05,1.1025211e-06,2,,,,0.7719918,0.06837316,1.4714864,3.3888977,-3.0566812,-0.6197682,-1.8448244,-7.3504915,-10.277641,0.04389961,0.14379999,0.7902679,0.0016146479,0.015060401,0.0053139506,3.9868886e-05,3.6282647e-06,2,,,,0.03720777,Test
1609,0,-3.8989382,-0.37297174,7.560689,-3.3394785,0.17779097,0.6314419,-10.234045,-13.621508,1.0526516e-05,0.0003577606,0.998016,1.8418528e-05,0.00062056276,0.0009767959,1.8663037e-08,6.3070454e-10,2,,,,0.023798976,-4.105901,-0.03938055,7.490834,-3.5058773,0.15277907,0.69622546,-10.092415,-13.212343,4.8041155e-05,0.0011005008,0.99454725,6.356983e-05,0.0014848141,0.002755282,3.081081e-07,1.6735856e-07,2,,,,0.0017433759,Test
1610,0,-4.153494,-2.3200495,-0.07245788,0.27308023,-2.8198285,0.7538536,-0.42554128,-1.243249,0.002864207,0.017916752,0.1695805,0.23957483,0.010869461,0.3874703,0.11913345,0.052590553,5,,,,2.2461777,-4.3679495,-2.3068573,-0.15734439,0.30431527,-2.9913728,0.9692152,-0.30924004,-1.1951396,0.0021239498,0.016867857,0.1404871,0.21993656,0.00834931,0.43492818,0.121911444,0.05539558,5,,,,0.036364656,Test
1611,0,0.7097857,3.7486396,2.7230742,-3.910452,-2.6349585,-1.1862955,-8.894877,-14.5337,0.033824306,0.7062954,0.25327304,0.0003331848,0.001192957,0.005078919,2.2802208e-06,8.110868e-09,1,,,,1.0755543,0.9070628,3.9992137,2.7714324,-4.027128,-2.561364,-1.1348548,-8.735751,-15.029053,0.04391651,0.6663361,0.2802078,0.00043527278,0.0018139787,0.0072827637,7.602369e-06,1.6254747e-08,1,,,,0.07798048,Test
1612,0,-2.6400661,-2.1450539,2.2767465,-1.9488174,0.051960364,-1.8571122,-3.053011,1.337119,0.004712953,0.0077316863,0.6436323,0.00940803,0.069570564,0.010311595,0.0031185555,0.25151435,2,,,,1.4255269,-2.5181842,-2.050532,2.2477074,-1.8005797,0.1427993,-1.9700356,-2.8870778,1.030391,0.006728109,0.011044676,0.6586919,0.013215648,0.08194785,0.011273933,0.0049827034,0.21211521,2,,,,0.029616548,Test
1613,0,-3.0975049,0.16977382,4.0108333,-2.8580058,-1.4707938,2.1638265,-7.1605706,-10.349457,0.0006903843,0.018115576,0.84372914,0.0008772109,0.0035120663,0.13306327,1.1872003e-05,4.89337e-07,2,,,,0.74385345,-3.3092704,0.18293966,3.639005,-3.181551,-1.5141432,2.1391103,-7.3891783,-10.310565,0.0009369333,0.030642277,0.76015365,0.0011512573,0.0051353415,0.20195481,2.4422738e-05,1.2866254e-06,2,,,,0.036323324,Test
1614,1,-5.870393,-2.3334239,7.829982,-2.381552,1.0956237,0.51079327,-8.18065,-8.276588,1.119866e-06,3.848153e-05,0.998075,3.6673344e-05,0.0011870493,0.000661424,1.1113075e-07,1.0096438e-07,2,,,,0.022428473,-5.7363095,-1.9501927,7.61395,-2.7365713,1.3486872,0.89816445,-8.4973755,-7.917424,7.785497e-06,0.00014759072,0.99498355,5.8299185e-05,0.0028520203,0.001948932,4.811614e-07,1.360004e-06,2,,,,0.0011664297,Test
1615,0,3.247206,2.152536,-0.94409615,-2.335217,-2.5184739,-2.5929105,-3.9792907,-8.507073,0.7351229,0.24600889,0.01111989,0.0027665873,0.0023033347,0.0021381078,0.0005344811,5.7748593e-06,0,,,,0.96482337,3.229025,2.0468297,-1.0791266,-2.476513,-2.3834267,-2.5141292,-3.9461014,-8.524557,0.735899,0.23506744,0.01724213,0.0029557701,0.004316843,0.0036056512,0.0008904437,2.2650365e-05,0,,,,0.026824161,Test
1616,0,-1.6122524,-0.3743052,0.04577595,-1.5625713,-1.7280793,1.5653296,-2.2129836,-3.5651798,0.027534569,0.094953686,0.14452758,0.02893706,0.024523089,0.66051775,0.015100244,0.0039060032,5,,,,1.6654292,-1.5531974,-0.37774998,0.08473667,-1.6014483,-1.6540715,1.6581831,-2.429071,-3.5878646,0.03165175,0.09922809,0.13832887,0.02776033,0.025414694,0.6597828,0.0134951,0.0043383217,5,,,,0.03766732,Test
1617,0,6.762243,-1.3703015,-2.1344645,0.26371768,-3.4583209,-5.721016,-2.724777,-9.992081,0.9979519,0.00029321786,0.00013655846,0.0015025744,3.633918e-05,3.781804e-06,7.567447e-05,5.2820095e-08,0,,,,0.023879148,6.5585556,-1.8789467,-2.0762346,0.43613857,-3.6135094,-5.6277957,-2.4499934,-9.668375,0.99557483,0.00028617948,0.00052679784,0.0032069876,0.00011140079,2.0843217e-05,0.00027234675,5.2173533e-07,0,,,,0.0010045675,Test
1618,0,7.0219226,-2.5143092,-2.205955,1.459632,-3.8515756,-6.137856,-2.2668576,-9.37682,0.9958931,7.1891875e-05,9.7858014e-05,0.0038241998,1.8876113e-05,1.91864e-06,9.2076065e-05,7.52193e-08,0,,,,0.04048527,7.459868,-2.3604548,-2.5156617,1.434499,-3.8891685,-6.9531074,-2.238617,-9.423342,0.99600446,0.00010755691,0.00010658993,0.0036328523,5.6395726e-05,2.6154448e-06,8.921937e-05,2.6963133e-07,0,,,,0.0010823813,Test
1619,1,0.59246385,1.283111,2.182042,-3.2504127,-1.4191177,-1.9093153,-7.1012344,-9.130964,0.12293545,0.24525699,0.60259026,0.0026347358,0.01644593,0.0100732185,5.6020417e-05,7.3594583e-06,2,,,,1.4971659,0.8993891,1.4327363,1.8729321,-3.1880927,-0.9930682,-2.3156042,-6.6343827,-8.994902,0.20282431,0.3207888,0.43951935,0.003121565,0.0270499,0.00655497,0.00012813132,1.2932755e-05,2,,,,0.07323515,Test
1620,0,-1.1440616,1.7347039,3.5050015,-3.0872416,-1.4729879,0.118790254,-7.320293,-10.65294,0.007832085,0.13935076,0.8183514,0.001121928,0.0056367214,0.027690252,1.6276992e-05,5.8106383e-07,2,,,,0.88433266,-1.2166065,1.7575951,3.4000154,-3.1366835,-1.5921209,0.09065799,-7.268323,-10.843572,0.010472814,0.17564812,0.773537,0.0013837635,0.0066116056,0.032307446,3.8242237e-05,1.0629661e-06,2,,,,0.029947516,Test
1621,1,11.799851,-1.6276244,-3.9988196,1.4561746,-5.765371,-9.98517,-3.2938507,-15.631158,0.999966,1.4740307e-06,1.3762893e-07,3.219464e-05,2.352374e-08,3.4583592e-10,2.7853105e-07,1.2213756e-12,0,,,,0.0005679847,11.790636,-1.2285196,-4.2407084,0.9614496,-5.5489964,-10.30109,-3.2124412,-15.438785,0.99993867,6.5104105e-06,1.7039972e-06,5.220616e-05,1.3865211e-07,2.4347035e-09,8.492578e-07,1.4498905e-11,0,,,,2.0015877e-05,Test
1622,0,-4.021461,-0.27864015,6.498769,-3.0434353,-0.29634452,0.9893871,-8.737455,-11.283103,2.6813235e-05,0.0011319713,0.9936347,7.130176e-05,0.0011121066,0.004022839,2.400041e-07,1.882166e-08,2,,,,0.06455212,-4.37675,-0.34201008,6.269595,-2.7774386,-0.8608233,1.190978,-8.3929825,-11.497327,4.3914293e-05,0.0028130366,0.98700607,0.00024245893,0.0012065276,0.0086857155,2.1791225e-06,1.2172835e-07,2,,,,0.0025656172,Test
1623,0,-2.336565,1.3885969,4.2716784,-3.2319176,-1.1673571,1.2005543,-7.945506,-11.425701,0.0012170525,0.050480843,0.9020549,0.0004971215,0.00391823,0.041827384,4.4604362e-06,1.3738757e-07,2,,,,0.5918199,-2.6514373,1.2755277,4.106107,-3.1483696,-1.4587348,1.1842122,-7.3942556,-11.537035,0.0020908336,0.07352445,0.849928,0.0009617863,0.0038248426,0.06963466,3.4986566e-05,4.3278433e-07,2,,,,0.0313183,Test
1624,0,8.689357,-0.31886685,-2.9025962,0.031918943,-4.790056,-7.9362607,-3.4474032,-12.935472,0.9996879,0.0001223609,9.237258e-06,0.00017377478,1.3990388e-06,6.017974e-08,5.357185e-06,4.0580822e-10,0,,,,0.0044881096,8.174404,-0.39231434,-2.6028488,-0.53905153,-3.866939,-7.772583,-3.7765236,-12.345217,0.9992506,0.00038507246,4.3293192e-05,0.0002780171,1.8239069e-05,5.689904e-07,2.4278277e-05,1.06898055e-08,0,,,,0.00020987558,Test
1625,0,6.912292,-0.35334188,-2.5789742,0.25340787,-3.9090524,-5.1362476,-2.3633485,-10.849191,0.99782795,0.00069763925,7.5344426e-05,0.001279791,1.9925328e-05,5.8403807e-06,9.347515e-05,1.929043e-08,0,,,,0.02543993,6.876564,-0.35452205,-2.8408399,0.30015096,-3.9900296,-4.87867,-2.1646202,-10.923411,0.99588424,0.0020015514,8.873556e-05,0.0017934795,3.454822e-05,1.8734956e-05,0.00017871716,4.941876e-08,0,,,,0.0012713108,Test
1626,0,-2.442447,0.5214333,4.761286,-3.0587482,-0.21408209,0.35476997,-7.837469,-9.851918,0.000718886,0.0139269745,0.96649873,0.00038815362,0.0066746175,0.011788971,3.263109e-06,4.352787e-07,2,,,,0.26912335,-2.2613037,0.60428727,4.5013227,-3.1138327,-0.35133818,0.074973606,-7.639154,-9.377275,0.0020772745,0.031305388,0.9419247,0.00066603906,0.008962614,0.0150561035,6.796285e-06,1.1706081e-06,2,,,,0.009615265,Test
1627,1,-1.0033655,0.9772108,3.8991249,-3.4953978,-0.42098477,-1.3134766,-8.033453,-9.021122,0.0068738353,0.049814135,0.9253878,0.0005687526,0.012306198,0.005041034,6.0823436e-06,2.2653314e-06,2,,,,0.49129906,-1.05042,1.2454373,3.8594177,-3.4431286,-0.52829516,-1.1790938,-7.826547,-9.293304,0.008780061,0.10733788,0.86088693,0.0007838049,0.012751388,0.009443531,1.2873339e-05,3.604707e-06,2,,,,0.029825913,Test
1628,0,-0.7151568,2.4609156,2.9902399,-3.402363,-1.1884594,0.13719773,-7.575543,-11.246736,0.014565388,0.34887734,0.5923186,0.0009914782,0.009073382,0.034158196,1.5271944e-05,3.8861126e-07,2,,,,1.3045211,-0.48331523,2.9096713,2.5896552,-3.0241542,-1.2735622,0.02416517,-6.850856,-11.033284,0.018005488,0.5144929,0.4235758,0.0014938926,0.009225715,0.033163104,4.2467793e-05,5.6357305e-07,1,,,,0.07651939,Test
1629,1,-1.1335003,-0.09101604,1.1654694,-2.3457854,-1.0086704,-0.32071885,-3.5636785,-3.2291079,0.056510508,0.16027819,0.5630657,0.016812818,0.0640239,0.12738425,0.00497412,0.0069505395,2,,,,1.9437114,-1.344389,-0.06982334,1.4241779,-2.310282,-0.78116,-0.21561328,-3.8607967,-2.8392677,0.04213546,0.1419773,0.59587824,0.015433878,0.067673795,0.12291777,0.0041870354,0.009796506,2,,,,0.03178407,Test
1630,1,6.343902,3.699088,-2.2016954,-2.4291153,-3.90391,-5.287088,-5.25519,-13.398944,0.9333396,0.06628443,0.00018144041,0.00014453281,3.3072833e-05,8.294017e-06,8.56284e-06,2.487888e-09,0,,,,0.35728252,6.3178234,3.1941607,-2.265955,-2.749091,-3.840683,-5.3073854,-5.3347044,-13.1771345,0.94375706,0.055306464,0.0004999893,0.00023158274,0.00011505452,5.761343e-05,3.2304586e-05,3.6805172e-08,0,,,,0.009175472,Test
1631,0,0.048534542,0.5467619,0.910674,-2.3659637,-0.8728657,-2.1326313,-3.5177054,-3.1445317,0.17594437,0.28956947,0.41667533,0.015731575,0.070019074,0.019865844,0.0049725254,0.0072217807,2,,,,2.0496466,0.14675243,0.6127275,0.8317946,-2.435177,-1.0392652,-2.1419945,-3.6631725,-3.3835793,0.19295943,0.31599647,0.3873028,0.014780387,0.057689797,0.020017583,0.004667002,0.006586516,2,,,,0.04698712,Test
1632,0,-3.6686249,-0.56720173,5.6507206,-2.6969275,0.35128736,0.8892121,-7.653872,-9.014871,8.827179e-05,0.0019622436,0.98437876,0.00023325153,0.004916405,0.008419095,1.6407836e-06,4.2070425e-07,2,,,,0.13977581,-3.8870769,-0.974377,5.826089,-2.910976,-0.014597344,0.7737285,-7.9367547,-9.2794485,9.6997086e-05,0.0014997029,0.9867145,0.00025264913,0.003383208,0.008050531,1.988008e-06,3.845916e-07,2,,,,0.0026441393,Test
1633,0,-1.2171724,0.812969,2.0152178,-2.9040155,-1.2791203,1.1455842,-5.968526,-7.851707,0.021876818,0.16659553,0.5543619,0.004049463,0.020562716,0.2323359,0.00018901554,2.8750314e-05,2,,,,1.6626223,-1.0667436,0.7184197,1.6967995,-2.9569647,-1.3753035,1.1370233,-5.812012,-7.940632,0.043091167,0.20284931,0.46658698,0.0048754136,0.021322994,0.2609008,0.00031012326,6.327637e-05,2,,,,0.05766207,Test
1634,0,-0.6809392,-1.740957,1.5508933,-1.72668,0.18796356,-2.8085537,-2.663799,0.52524793,0.05883524,0.020383446,0.5481634,0.020676548,0.14028047,0.0070085195,0.00810014,0.1965522,2,,,,1.911338,-0.52570754,-1.6077827,1.3834193,-1.630338,0.07584186,-2.796859,-2.6344802,0.40276933,0.08329289,0.027023232,0.51050156,0.026062494,0.13893948,0.008291157,0.010112346,0.19577685,2,,,,0.02490978,Test
1635,0,-1.2348202,-0.08974708,1.1561339,-2.2924433,-0.7603975,-0.13210954,-3.6023548,-3.0308032,0.04927821,0.1548652,0.53831077,0.01711335,0.07919433,0.14844175,0.004617934,0.008178418,2,,,,2.0029309,-1.0058455,-0.2143493,1.0795902,-1.9423411,-0.79000676,-0.113720335,-3.3267663,-2.7769725,0.072118774,0.15131646,0.49479422,0.024454704,0.07802786,0.16065177,0.00673391,0.0119022885,2,,,,0.043899972,Test
1636,0,0.901561,1.0856042,0.42476392,-2.3338892,-1.4811985,-0.7817723,-4.033048,-7.310176,0.31769302,0.38188854,0.19721381,0.012498834,0.029321646,0.059012674,0.0022852523,8.623736e-05,1,,,,2.0082972,1.070083,1.1835558,0.49211988,-2.32922,-1.5393133,-1.0609732,-3.9229789,-7.287847,0.33975133,0.37584585,0.19988088,0.012084017,0.02660111,0.043265935,0.0024470002,0.00012385791,1,,,,0.033507157,Test
1637,0,10.209458,-1.409767,-3.3763413,0.96312296,-4.840439,-8.905246,-2.7384305,-13.420696,0.99989057,8.990564e-06,1.2580979e-06,9.645399e-05,2.9098135e-07,4.995074e-09,2.3809791e-06,5.463955e-11,0,,,,0.0016707659,9.42164,-1.8271534,-3.220656,0.66754264,-4.5184937,-8.111649,-3.1043568,-12.999028,0.9993536,4.4503377e-05,1.0365371e-05,0.00055353733,8.239525e-06,1.2939219e-07,2.9631216e-05,1.7810194e-08,0,,,,0.00022828268,Test
1638,0,5.069769,1.0231799,-0.44422054,-1.8841126,-2.879711,-5.257764,-5.730554,-11.927322,0.97763866,0.017090987,0.0039398815,0.00093356834,0.00034495548,3.198806e-05,1.9936891e-05,4.059153e-08,0,,,,0.17785591,5.3702893,0.6421912,-0.5347969,-1.824583,-2.881806,-5.6319265,-5.635344,-12.507015,0.9812702,0.012943514,0.00419758,0.0010570677,0.0004576004,4.9184822e-05,2.4809948e-05,1.07403466e-07,0,,,,0.0042962884,Test
1639,0,2.3115861,-0.3244944,0.63765216,-2.0653,-1.2209764,-3.1572888,-4.911464,-6.734928,0.7656926,0.05485538,0.14357345,0.009620482,0.022381132,0.0032281394,0.00055862917,9.019929e-05,0,,,,1.1477879,2.473937,0.014937115,0.57202923,-2.1404433,-1.3934048,-3.2697968,-4.8284197,-6.428118,0.74357164,0.07431719,0.14695926,0.0090127215,0.020572916,0.0047724675,0.00063953723,0.00015427107,0,,,,0.04490823,Test
1640,0,1.8923836,1.0631992,0.10404827,-2.491667,-1.5113591,-2.2678404,-4.3288207,-6.8572397,0.5998382,0.26177242,0.10031594,0.007482819,0.019943777,0.009359913,0.0011917892,9.5086965e-05,0,,,,1.5226574,2.0242703,1.1540693,0.12600431,-2.4098883,-1.4880297,-2.211423,-4.1615205,-6.5995607,0.5981205,0.25498208,0.10446797,0.008019117,0.021279627,0.011539863,0.0013852646,0.00020554793,0,,,,0.037634425,Test
1641,0,-1.502692,0.5460142,3.3047106,-2.6401281,-0.43939137,0.12406477,-6.318795,-8.301756,0.0071692695,0.055618163,0.8776136,0.0022987553,0.020761585,0.03647257,5.805879e-05,7.992435e-06,2,,,,0.75958633,-1.5969937,0.61340535,3.8054237,-2.9267323,-0.2141734,0.31142563,-6.9494963,-8.7502,0.0064196354,0.056370456,0.88831264,0.0013168538,0.018367946,0.029164534,4.25672e-05,5.311726e-06,2,,,,0.018180566,Test
1642,0,-3.708239,-1.6307398,1.952582,-1.0774449,-1.1207927,1.063881,-2.686701,-2.7053108,0.0022360224,0.017853467,0.6425981,0.031046703,0.029729648,0.26422963,0.0062104682,0.006095963,2,,,,1.4374126,-3.5945287,-1.6229731,1.6989918,-1.0544266,-1.3206398,1.097219,-2.6895602,-2.689204,0.0033049893,0.022170708,0.5686971,0.038238835,0.030042768,0.3222933,0.007885534,0.007366749,2,,,,0.0296124,Test
1643,0,6.5082045,3.8763738,-2.188624,-2.485087,-4.1633706,-5.784586,-5.015715,-13.65255,0.9325959,0.067097135,0.00015585069,0.000115866125,2.1631524e-05,4.275653e-06,9.223986e-06,1.6367743e-09,0,,,,0.35945994,6.7944427,4.19735,-2.0256426,-2.5396729,-3.8403232,-6.0688553,-5.075946,-14.246643,0.8733047,0.12528302,0.0009900753,0.00021875199,0.0001399697,3.2685224e-05,3.073542e-05,7.511523e-09,0,,,,0.044585675,Test
1644,0,-4.888861,-1.5798253,7.1074595,-2.7994497,0.6012131,0.7395536,-8.373517,-8.708556,6.14575e-06,0.00016814,0.99657685,4.9658647e-05,0.0014889627,0.0017098748,1.8845526e-07,1.3480395e-07,2,,,,0.037562396,-4.513815,-1.1826761,7.2936506,-2.7708855,0.8621956,0.5021905,-8.489902,-8.715601,1.0861058e-05,0.00048384554,0.9963954,5.3862925e-05,0.0017780655,0.0012772465,3.9209408e-07,2.9627654e-07,2,,,,0.00059765705,Test
1645,0,-1.1509302,1.9112946,3.6972582,-3.3793066,-1.3189627,0.058502097,-7.947028,-11.268808,0.006485504,0.13862804,0.82696134,0.0006985092,0.005482367,0.021736696,7.2516355e-06,2.6170088e-07,2,,,,0.83770317,-1.3234434,1.7299731,3.478257,-3.0196688,-1.277601,0.4728334,-7.9406843,-10.812895,0.010317313,0.17796925,0.75947446,0.0013581046,0.008045778,0.042823873,1.0008538e-05,1.2312337e-06,2,,,,0.043792177,Test
1646,0,-2.4547074,0.41012067,4.083211,-3.0359654,-0.50071985,1.0800769,-7.421256,-9.199461,0.0013310182,0.023354089,0.9195297,0.0007442978,0.009392687,0.045637432,9.273404e-06,1.5666595e-06,2,,,,0.5250166,-2.4169886,0.5663466,4.175317,-3.0072577,-0.34803897,0.80351985,-6.89919,-8.422301,0.0021373008,0.03817326,0.90754825,0.0011910934,0.011599804,0.039308872,3.593927e-05,5.3942026e-06,2,,,,0.015764745,Test
1647,0,-4.365886,-2.255033,2.3828735,-1.9264709,-0.7983804,2.5713122,-4.1332135,-3.3531337,0.0005146558,0.0042486284,0.43900156,0.005901216,0.01823329,0.53003424,0.0006494793,0.0014169341,5,,,,1.2152486,-4.412966,-2.2072663,2.4695823,-1.843648,-0.7058973,2.6375983,-4.2475367,-3.4636612,0.00054311706,0.004610889,0.448435,0.006060319,0.018896466,0.5189641,0.0007606227,0.0017294723,5,,,,0.038110405,Test
1648,0,-5.6037245,-1.4302878,8.79066,-3.3971133,0.6107375,1.7723156,-11.253298,-13.195921,5.5984765e-07,3.6355537e-05,0.998784,5.0861495e-06,0.000279883,0.0008942178,1.9701158e-09,2.8237176e-10,2,,,,0.014749945,-5.617308,-1.1802319,8.587739,-3.1267686,0.121043086,1.5259882,-10.662661,-13.420843,2.4681317e-06,8.373044e-05,0.99809265,2.048297e-05,0.000259194,0.0015415045,1.4041019e-08,1.4526804e-09,2,,,,0.0005495059,Test
1649,0,-0.007611079,1.9724976,2.4760299,-3.034978,-1.739378,-0.15479589,-7.1520305,-11.484154,0.04690938,0.33978948,0.5622005,0.0022724322,0.00830162,0.040489096,3.7023525e-05,4.8647473e-07,2,,,,1.4685179,0.012197542,1.8611126,3.0024686,-2.9801092,-1.8070421,0.07712184,-7.5806875,-12.050363,0.034473725,0.25812978,0.6555754,0.002838589,0.006426391,0.04253442,2.1476133e-05,3.4315934e-07,2,,,,0.06350438,Test
1650,0,-2.6794477,-1.3400397,3.3509967,-2.3429096,0.0022625346,-1.4298543,-4.34143,-1.842473,0.0022587911,0.0086213155,0.9394306,0.0031625151,0.033001065,0.00788075,0.00042863362,0.0052163815,2,,,,0.4517506,-2.6291728,-1.6085062,3.1083975,-2.234636,-0.39044183,-1.5317204,-4.0717015,-1.9596043,0.0045300974,0.012928024,0.9279561,0.005367034,0.030240614,0.011287603,0.0010104497,0.006680061,2,,,,0.011470892,Test
1651,0,-3.0112846,-0.5144553,1.6358595,-2.0635142,-0.9079311,0.98176736,-3.656744,-3.289312,0.005443479,0.06610523,0.56768274,0.014043912,0.044601705,0.2951461,0.0028546785,0.0041222177,2,,,,1.6266552,-2.9919267,-0.34534398,1.6354557,-2.1519976,-1.0015116,0.93115014,-3.6001809,-3.5641599,0.0060534785,0.08382934,0.5645362,0.013297212,0.041341744,0.2840057,0.0034261823,0.003510081,2,,,,0.025452184,Test
1652,0,-3.6173408,-2.1878304,1.0868734,-0.8196491,-1.5869329,0.06833123,-1.6239804,0.111671686,0.004377094,0.018281601,0.48328143,0.0718138,0.033341173,0.17452307,0.032128558,0.18225329,2,,,,2.1298,-3.7693775,-2.2506614,1.1876447,-0.92001116,-1.4559956,0.019196749,-1.5723213,0.2527105,0.0039336905,0.016702238,0.4910845,0.06268417,0.03608605,0.15880165,0.03198981,0.19871782,2,,,,0.027303979,Test
1653,0,1.448489,3.414917,2.3339841,-3.6100388,-1.8057401,-1.9829403,-7.9706836,-12.808391,0.093925975,0.67111135,0.2276939,0.00059689104,0.0036265352,0.0030376308,7.622385e-06,6.040894e-08,1,,,,1.2540643,1.5512996,3.7125137,1.9363468,-4.072652,-1.9191624,-2.2195919,-8.228983,-12.872716,0.10775554,0.71037763,0.17389998,0.0008869281,0.0032487358,0.0038174405,1.34084785e-05,3.2642384e-07,1,,,,0.05687813,Test
1654,0,2.136426,3.5995352,0.63624066,-3.074751,-3.0871074,-1.5467033,-6.775144,-13.175304,0.17925708,0.7742774,0.03999025,0.0009778924,0.00096588314,0.004507271,2.4167433e-05,4.0149153e-08,1,,,,0.970981,2.1264346,3.387858,0.79109555,-2.688581,-2.6348865,-1.4841007,-6.463899,-13.11835,0.22044289,0.6941589,0.07110644,0.0021627285,0.0027629824,0.00930013,6.577851e-05,2.1654724e-07,1,,,,0.044552937,Test
1655,0,-3.5045135,-0.09294676,4.9478145,-2.5340416,-0.18813793,0.65084684,-6.8832088,-8.4903,0.00020784423,0.0063003195,0.97395134,0.00054854003,0.005728243,0.013255252,7.0858046e-06,1.4204908e-06,2,,,,0.21711624,-3.6829643,-0.067019105,4.9068646,-2.1533453,-0.11238577,0.7404947,-6.6991873,-8.464426,0.0002682627,0.009243967,0.9639074,0.0010502621,0.007158073,0.018349614,1.9941945e-05,2.522132e-06,2,,,,0.0049535003,Test
1656,0,1.617098,1.8528684,0.52120733,-2.92625,-1.4113716,-2.324613,-4.816005,-7.026617,0.37308538,0.4722827,0.12470072,0.003968782,0.018053466,0.007243439,0.00059971784,6.574923e-05,1,,,,1.6114037,1.8324785,2.096609,0.40950528,-2.7249951,-1.5757341,-2.3705351,-4.927301,-7.4074388,0.38288864,0.49226317,0.09702166,0.0043900656,0.016126093,0.006737984,0.0005078221,6.454064e-05,1,,,,0.03367398,Test
1657,0,1.2251108,2.7552702,1.2478718,-3.1579587,-2.103644,-0.9569803,-6.7143993,-10.936937,0.14698474,0.6789098,0.15036862,0.0018353942,0.0052675945,0.016580675,5.2382587e-05,7.680013e-07,1,,,,1.3523082,1.2346106,2.7909284,1.2853644,-3.2944674,-2.2873979,-0.5828533,-7.151061,-11.507464,0.14271012,0.6471535,0.1776393,0.0019136092,0.005040171,0.025487598,5.4244803e-05,1.4987389e-06,1,,,,0.0498518,Test
1658,0,-1.3007828,1.7543542,3.5672083,-3.2911537,-1.2930868,0.48724943,-7.6919866,-11.472911,0.0062732412,0.13314386,0.81589377,0.00085720513,0.0063217045,0.037499413,1.0515434e-05,2.397689e-07,2,,,,0.90543914,-1.3945776,1.5125628,3.7363906,-2.9463916,-1.2334273,0.445795,-7.4238496,-11.049159,0.008914004,0.1323694,0.8132206,0.0022535915,0.0072535677,0.035887655,9.677252e-05,4.4402486e-06,2,,,,0.039488513,Test
1659,0,-0.25343484,2.6855817,3.5836153,-3.649242,-1.5529315,-0.21554592,-8.960197,-13.549918,0.014786194,0.27941847,0.68590844,0.00049553707,0.004031736,0.015357179,2.4465692e-06,2.4846607e-08,2,,,,1.1070414,-0.3758283,2.623523,3.652307,-4.0141053,-1.4746504,-0.56416833,-9.445109,-13.359421,0.016560903,0.29922384,0.6656607,0.00045891613,0.0058194664,0.012270462,5.6084427e-06,1.2449966e-07,2,,,,0.05335465,Test
1660,0,-5.095098,-1.7960217,5.74051,-2.5049038,0.017004902,2.5836337,-7.453894,-8.097674,1.8808581e-05,0.0005094794,0.95543385,0.0002507627,0.0031225828,0.040661804,1.7780482e-06,9.340143e-07,2,,,,0.28561568,-4.724522,-2.1609025,5.4608893,-2.3162656,0.021025544,2.5511928,-7.0798774,-7.902053,5.7040634e-05,0.00062922755,0.92810476,0.00071719626,0.0052416204,0.06523499,1.3093678e-05,2.078907e-06,2,,,,0.015717087,Test
1661,0,2.8891618,3.1259933,1.2751074,-3.2231994,-2.4319339,-2.9005547,-7.1931477,-13.059263,0.40379408,0.51169896,0.08038685,0.0008945306,0.0019735014,0.0012351453,1.688373e-05,4.7846125e-08,1,,,,1.3542631,2.9031658,3.0018482,1.2979158,-3.3704987,-2.4137084,-2.7530148,-7.289918,-13.020139,0.427133,0.4430154,0.12398454,0.0011128264,0.0023109585,0.0024207742,2.2414108e-05,9.160935e-08,1,,,,0.052688494,Test
1662,0,2.1876504,-0.6760444,-0.05317065,-1.453856,-1.3542126,-3.9947407,-2.6127188,-3.8788068,0.81220764,0.046342578,0.08639544,0.021290258,0.023520986,0.0016776011,0.0066817957,0.0018838145,0,,,,1.0806054,2.4420981,-0.10609339,-0.10328619,-1.5615371,-1.4539145,-4.1374702,-2.8840888,-4.342521,0.8134198,0.069564976,0.07218645,0.017726254,0.018249156,0.002347914,0.0047321958,0.001773173,0,,,,0.02452387,Test
1663,0,-2.4356637,1.0720313,5.5479527,-3.4313536,-0.80711097,0.688279,-9.414247,-13.350428,0.00033387967,0.011141982,0.9791078,0.00012335801,0.0017016159,0.0075910375,3.1104983e-07,6.07251e-09,2,,,,0.17668112,-2.7735906,1.4103587,5.9874644,-3.446664,-0.7781757,0.71397245,-9.536249,-13.042654,0.00029950772,0.016377226,0.96868867,0.000115701856,0.0016765572,0.012841793,4.827715e-07,1.6161781e-08,2,,,,0.008334971,Test
1664,0,-3.3143027,0.54461694,6.4799833,-3.3884165,-0.011799512,0.45027256,-9.535415,-12.128314,5.539963e-05,0.002626722,0.9933702,5.1442206e-05,0.0015057946,0.0023902373,1.1008094e-07,8.234368e-09,2,,,,0.06850247,-3.5296757,0.44318733,6.6683197,-3.4748929,-0.064573385,0.9043018,-9.688482,-12.731073,6.5066684e-05,0.003853004,0.9876938,8.568944e-05,0.0020903805,0.0062110936,9.0393144e-07,1.1603745e-07,2,,,,0.0035552646,Test
1665,0,8.150976,0.1359261,-2.186845,-0.053954035,-4.1227417,-7.336907,-4.0182223,-12.49135,0.9993543,0.00033023837,3.23639e-05,0.00027312632,4.669943e-06,1.876798e-07,5.18446e-06,1.0836052e-09,0,,,,0.008644159,8.253988,0.46424183,-2.331954,0.052443635,-4.1955504,-7.245055,-4.2188134,-12.902019,0.9985468,0.0007998473,8.856266e-05,0.00053459546,1.9412944e-05,1.2953872e-06,9.509115e-06,1.0605961e-08,0,,,,0.00050484244,Test
1666,0,5.3611126,-1.4902948,-1.2027869,-0.106507055,-2.7142372,-4.825318,-3.3430414,-8.467535,0.9928462,0.001050397,0.0014002855,0.0041910713,0.00030888876,3.7408616e-05,0.00016470846,9.798885e-07,0,,,,0.073296584,5.427879,-1.5334418,-1.1651261,-0.12500739,-2.8265176,-4.7405634,-3.2725291,-9.134039,0.98957664,0.0012694396,0.0021713162,0.0061883284,0.00040493524,0.00012584197,0.00026185054,1.6153923e-06,0,,,,0.0025094922,Test
1667,0,-2.298892,-0.92652893,1.9899154,-1.8709438,-0.7097353,-1.0900097,-3.0935354,-1.6673305,0.011118534,0.043858852,0.8103132,0.017057018,0.054476537,0.037244182,0.0050227125,0.020908901,2,,,,1.1766114,-2.5081682,-0.89584285,2.0696654,-1.7960943,-0.77042955,-1.270365,-2.8979223,-1.3800929,0.008915154,0.046475228,0.81098396,0.018117143,0.048217695,0.030318435,0.0067061842,0.030266171,2,,,,0.016343199,Test
1668,0,-1.7478639,1.6111797,5.182218,-3.706128,-0.95651346,0.19614272,-9.868104,-13.36217,0.00094190903,0.027090877,0.9631751,0.00013290635,0.0020782033,0.006580823,2.8017774e-07,8.5109875e-09,2,,,,0.27057153,-1.5519223,1.4701893,4.8909855,-3.3136437,-0.8715032,0.07326212,-9.123709,-12.812225,0.004472227,0.072610445,0.9005133,0.00063094596,0.0042134104,0.017557554,2.0736918e-06,4.2262833e-08,2,,,,0.025612716,Test
1669,0,-3.1954958,-0.31447628,5.0027075,-2.7806203,-0.049659044,1.0456353,-7.6656737,-9.149929,0.0002668446,0.00475849,0.96982366,0.00040405116,0.0062012295,0.018542066,3.0541119e-06,6.922785e-07,2,,,,0.23952644,-3.5314717,-0.35477704,5.1410284,-3.0582976,-0.085133515,0.8617018,-7.8581495,-9.450375,0.00038426573,0.006176555,0.9689928,0.00050688867,0.006461474,0.017471813,4.476333e-06,1.6878533e-06,2,,,,0.005669972,Test
1670,0,1.2554407,-0.4478514,0.37522757,-1.8488429,-0.91645855,-3.1166017,-2.7296789,-3.2270753,0.5561377,0.10126327,0.23062725,0.02494647,0.06337799,0.007021474,0.010338723,0.006287098,0,,,,1.8428903,1.3103635,-0.3851567,0.35058996,-1.9508133,-0.8949785,-3.0715082,-3.021538,-3.5589633,0.5582276,0.10323937,0.22885184,0.02226996,0.06548687,0.008534627,0.0077345683,0.0056551187,0,,,,0.040887564,Test
1671,0,-4.2791557,-2.6163442,1.700722,-1.2898632,-1.3039109,1.1295198,-2.3564188,-0.9055161,0.0014275684,0.007529163,0.564449,0.028368084,0.027972367,0.31882676,0.00976407,0.04166294,2,,,,1.6044817,-3.9485478,-2.46572,1.6979439,-1.227186,-1.1478264,0.8732556,-2.310039,-1.0109107,0.0025724494,0.00953116,0.5890239,0.033055436,0.036459547,0.27509817,0.011768963,0.04249034,2,,,,0.0348785,Test
1672,0,-1.5771976,1.3777274,4.714783,-3.292424,-1.269935,0.55267376,-8.889771,-13.204412,0.0017532273,0.03366246,0.9471325,0.00031544597,0.0023838591,0.014751277,1.1695736e-06,1.563879e-08,2,,,,0.36916578,-1.7137024,1.0031302,4.5407205,-3.6261063,-1.1370133,0.3737296,-8.623729,-12.66184,0.0028017529,0.05374814,0.9226553,0.0004306138,0.0034755603,0.016875798,1.2417673e-05,4.7673421e-07,2,,,,0.023831375,Test
1673,0,-3.127708,-0.75093955,3.6048753,-2.1504242,-0.41618147,0.71381146,-4.781993,-5.3911285,0.0010920806,0.011761751,0.91659683,0.002901907,0.016438253,0.05088681,0.0002088371,0.00011356995,2,,,,0.5458622,-3.0071387,-0.7044901,3.6301332,-2.1589794,-0.27982196,0.7873615,-4.9387207,-5.4771705,0.001339763,0.013980804,0.90593004,0.0032424033,0.021051014,0.053968776,0.00027230484,0.00021495162,2,,,,0.007525107,Test
1674,0,-1.7021371,0.96874017,4.649138,-3.4574056,-1.0576774,-0.07109104,-8.994254,-11.680721,0.0016782369,0.024254953,0.96200407,0.00029010136,0.0031969699,0.008574473,1.1426857e-06,7.784117e-08,2,,,,0.28817832,-1.8184189,0.76994026,4.578413,-3.591924,-1.5873011,-0.040182903,-9.138102,-11.878481,0.0024171486,0.038897336,0.9446476,0.0003006056,0.0026256898,0.011110128,1.3440042e-06,1.5401672e-07,2,,,,0.013679787,Test
1675,0,-3.480018,-0.8429533,4.09746,-2.1892357,-0.4641736,1.1277323,-5.697914,-6.074243,0.00047774875,0.0066751665,0.9333751,0.001736917,0.009749087,0.04789828,5.1997133e-05,3.568959e-05,2,,,,0.43865827,-3.6747882,-1.0933046,4.1452827,-2.0869806,-0.5329736,1.2054632,-5.867334,-6.473414,0.0009336749,0.0077817054,0.9152206,0.0028552667,0.009169797,0.06389171,0.0001118929,3.541791e-05,2,,,,0.016680129,Test
1676,0,1.7964871,4.7291427,3.3998775,-4.6619573,-2.485423,-2.1707435,-11.033468,-17.337854,0.040352527,0.7577168,0.20054618,6.324177e-05,0.0005575204,0.0007637029,1.0811644e-07,1.9766584e-10,1,,,,0.9698548,2.05157,5.0564055,3.3860466,-4.7838426,-2.1621406,-2.1657662,-11.260225,-17.162525,0.0927573,0.6849562,0.22002843,0.00010201259,0.0010757163,0.0010801542,1.4421747e-07,4.5665467e-09,1,,,,0.087687664,Test
1677,0,-2.6245499,0.73932743,4.7085595,-3.2517104,-0.9223453,1.5966092,-8.941231,-11.95912,0.00061193237,0.017685475,0.93633735,0.00032683686,0.0033570786,0.04168017,1.105106e-06,5.4044488e-08,2,,,,0.42082298,-2.4998157,1.1221002,4.9296613,-3.358944,-0.8491766,1.3483188,-9.242509,-12.237104,0.0011079602,0.038294382,0.92198145,0.0006213746,0.0036290144,0.034360535,5.098364e-06,2.4087643e-07,2,,,,0.020322604,Test
1678,1,-3.4356303,-1.785794,1.4752046,-1.4653214,-1.2257608,0.52014565,-2.2590806,-0.8475614,0.0044047106,0.022931479,0.59795135,0.03159451,0.04014685,0.23008539,0.0142852,0.058600504,2,,,,1.761821,-3.6084418,-1.8318794,1.5758337,-1.4347149,-1.2475836,0.59775835,-2.2941778,-0.7940326,0.0038684849,0.022329794,0.5991278,0.031175956,0.03785937,0.23507781,0.013640997,0.056919795,2,,,,0.030276088,Test
1679,0,-2.9312978,-0.7567907,2.6357763,-2.2152505,-0.694616,1.392136,-4.5666103,-4.5994973,0.002787811,0.024526732,0.72947896,0.0057047773,0.026100073,0.21033263,0.00054332026,0.00052574294,2,,,,1.151337,-2.861651,-0.8952119,2.8091626,-2.1970558,-0.6569871,1.3603948,-4.5912266,-4.3662176,0.0038314268,0.024596648,0.75384575,0.0064643333,0.025687894,0.18409124,0.00072367396,0.00075908564,2,,,,0.02207144,Test
1680,0,-2.7665308,-0.20488396,5.1278114,-2.6930678,0.16617765,-0.9362697,-7.18886,-7.3830776,0.00036735876,0.004759919,0.9852802,0.00039536224,0.00689842,0.0022906712,4.410597e-06,3.6320323e-06,2,,,,0.13622285,-2.9627538,-0.32551402,5.1698327,-2.761499,-0.09828116,-0.44008654,-7.521319,-7.840274,0.0005641902,0.0052415445,0.9837326,0.0004227828,0.0055476404,0.0044843825,4.231703e-06,2.6608448e-06,2,,,,0.0022432788,Test
1681,0,12.227133,-5.307763,-3.1440897,4.7655478,-6.9213734,-9.449432,-3.994247,-15.79823,0.9994252,2.4234906e-08,2.1091776e-07,0.0005744141,4.8268047e-09,3.8524556e-10,9.013519e-08,6.7373543e-13,0,,,,0.0070204465,12.391981,-5.1450367,-2.8630316,4.5170107,-6.7814164,-9.971494,-4.402797,-15.897244,0.99936086,1.3165317e-07,8.534192e-07,0.0006372449,7.1980224e-08,1.1406885e-09,9.581127e-07,1.4288405e-10,0,,,,0.00020741571,Test
1682,0,-4.115352,-2.2422242,3.8496723,-2.0909545,0.2463984,-0.35077512,-4.5671935,-0.96631557,0.00032904805,0.0021416498,0.9471647,0.0024914027,0.025795477,0.014196926,0.00020942424,0.0076712905,2,,,,0.39824072,-4.27584,-2.1493917,3.7678554,-1.9718468,0.19233537,-0.34150854,-4.523164,-0.9835218,0.0004675893,0.0034764532,0.9312102,0.003838503,0.028041244,0.021749385,0.00034370692,0.010872848,2,,,,0.011289234,Test
1683,0,-3.8875155,-1.8406031,0.9573583,-1.2303133,-1.5146492,2.3677237,-2.5488515,-2.4160542,0.001449865,0.011227692,0.18425943,0.020669786,0.0155543005,0.75499415,0.0055297054,0.006315026,5,,,,1.1388527,-3.8723454,-1.956226,0.9264058,-1.3404971,-1.5893905,2.370419,-2.6283555,-2.5929775,0.0016063465,0.010473801,0.18904084,0.020542052,0.01661749,0.7484746,0.0056079756,0.007636963,5,,,,0.023684358,Test
1684,1,6.8321157,0.07702032,-2.012786,-0.6098951,-3.7138438,-6.3661313,-3.8314714,-10.818269,0.99805707,0.0011626652,0.00014383455,0.0005849667,2.6248432e-05,1.8502462e-06,2.3335555e-05,2.1562077e-08,0,,,,0.02304657,7.0471983,0.31211066,-1.8759193,-0.36273295,-3.7320046,-6.155795,-3.7375667,-10.433214,0.9953206,0.003011583,0.00037899497,0.0011156693,7.930047e-05,2.34094e-05,7.013719e-05,2.3182834e-07,0,,,,0.0015938729,Test
1685,0,20.1185,-5.8130198,-7.103098,7.2235203,-11.138922,-13.305194,-4.087233,-26.170818,0.9999975,5.471211e-12,1.5059454e-12,2.510617e-06,2.6611739e-14,3.0498099e-15,3.073144e-11,7.885033e-21,0,,,,5.0319297e-05,19.732126,-5.204068,-7.580188,6.7868896,-11.500792,-12.725983,-4.099023,-25.74944,0.9999918,4.3319787e-10,1.2600419e-11,8.203353e-06,2.9540655e-13,8.5519834e-14,1.5880335e-10,1.6539046e-19,0,,,,4.5979236e-06,Test
1686,0,-0.63546944,1.6266308,3.1149964,-2.9904044,-1.1727282,-0.13206995,-7.0783463,-10.577976,0.018024724,0.17309569,0.7667879,0.00171054,0.010532711,0.029818939,2.8692142e-05,8.667483e-07,2,,,,1.072657,-1.1435325,1.2888523,3.20894,-2.9933677,-1.2187197,0.28920484,-7.0802536,-9.891634,0.014703302,0.14612699,0.7710575,0.001858167,0.010809393,0.05540492,3.7123922e-05,2.6259581e-06,2,,,,0.033215355,Test
1687,0,8.904144,-1.033716,-2.9590201,1.0332624,-4.5799904,-7.370086,-2.4558923,-12.454385,0.9995499,4.828881e-05,7.042023e-06,0.00038152575,1.3922564e-06,8.550584e-08,1.1646707e-05,5.2955806e-10,0,,,,0.0060144695,8.393065,-0.83397806,-2.5704074,0.93658954,-4.091118,-6.8601313,-2.3992095,-12.314318,0.99864835,0.00038886917,2.4650984e-05,0.0008935509,4.980063e-06,1.1009535e-06,3.8521157e-05,1.9286308e-09,0,,,,0.00035435634,Test
1688,0,-1.4079775,2.0622847,4.573782,-3.6311128,-1.4792306,0.4747099,-9.280339,-13.814492,0.00228889,0.07357676,0.90671355,0.00024781606,0.002131474,0.01504062,8.7237197e-07,9.365774e-09,2,,,,0.53813696,-1.6412338,1.6849455,4.5641813,-3.6850505,-1.1565822,0.4208991,-8.251867,-13.462657,0.0036023725,0.09793718,0.874883,0.00034800876,0.003835703,0.019389447,4.349027e-06,7.34315e-08,2,,,,0.03594564,Test
1689,1,0.46050143,1.3136965,2.1354725,-3.027535,-0.42772064,-2.2154894,-6.0374503,-7.217081,0.10871301,0.25516403,0.5803797,0.0033223582,0.04472307,0.007483652,0.00016377847,5.0344253e-05,2,,,,1.5898633,0.3809833,1.4415061,2.107453,-3.0442386,-0.50899005,-2.1056056,-6.2505236,-7.24211,0.103383124,0.3035826,0.5410542,0.003213729,0.039997324,0.008485658,0.00017681757,0.00010653032,2,,,,0.051630642,Test
1690,1,9.760921,-1.3104403,-3.000585,0.77105224,-4.8773665,-8.444637,-4.0708685,-13.923463,0.9998555,1.5549143e-05,2.8687057e-06,0.00012464852,4.3914724e-07,1.239834e-08,9.837112e-07,5.175356e-11,0,,,,0.0021555114,9.535139,-2.350576,-3.2985795,0.5149226,-4.2793574,-8.059106,-4.0814953,-12.953569,0.9996899,1.3701649e-05,7.4528143e-06,0.00028299078,2.4386877e-06,9.366677e-08,3.4382651e-06,1.871394e-09,0,,,,8.736291e-05,Test
1691,0,-0.10491145,2.2607527,2.490414,-3.2160864,-1.3119454,-0.71796244,-6.758289,-9.848708,0.03855238,0.4106257,0.51663846,0.0017174545,0.011530365,0.020883657,4.9719416e-05,2.2613835e-06,2,,,,1.4079353,-0.07172145,2.1192746,2.061671,-3.1430314,-1.7523546,-0.82471627,-6.383433,-9.773404,0.06580738,0.45619416,0.44075203,0.0026410376,0.009795601,0.02466584,0.00013917194,4.8308684e-06,1,,,,0.05762136,Test
1692,0,-2.5391772,-1.730206,2.670077,-2.0178955,-0.2953208,-3.028795,-3.3645337,1.2705572,0.0041066688,0.009221923,0.7513461,0.006916389,0.038724348,0.0025168152,0.0017990445,0.18536864,2,,,,1.1249332,-2.850063,-2.0499477,2.810252,-2.0303302,-0.1506887,-3.15933,-3.4852862,1.6366403,0.0028245167,0.005952322,0.7088857,0.005840652,0.03824223,0.0020600748,0.0014294564,0.23476502,2,,,,0.025745526,Test
1693,0,3.5918174,-1.9743958,-0.45709145,0.11726231,-2.4484954,-4.175128,-3.1338518,-5.892621,0.94668096,0.0036209957,0.016511438,0.029324023,0.0022538714,0.00040092407,0.0011357501,7.1972165e-05,0,,,,0.38770822,3.6538906,-1.9275277,-0.5592991,-0.1528301,-2.2736764,-4.4345403,-3.2553444,-5.761158,0.9489533,0.004331885,0.017147994,0.023872705,0.0034959302,0.00050720846,0.0014263161,0.00026481462,0,,,,0.007601508,Test
1694,1,-5.5088577,-2.709893,6.521206,-2.5506718,1.0056142,1.4020729,-7.3547883,-6.5537405,5.9018876e-06,9.695401e-05,0.9898769,0.00011368807,0.003982816,0.0059206584,9.317807e-07,2.0758891e-06,2,,,,0.0930369,-4.8490105,-2.70149,6.4683924,-2.3796449,0.85624015,1.4933542,-7.0651636,-6.885568,1.9168316e-05,0.00013788519,0.98600304,0.00025678187,0.0042214785,0.009355484,3.0322947e-06,3.1380362e-06,2,,,,0.0026517764,Test
1695,0,2.4814806,2.4616325,0.12711339,-2.4161406,-2.489029,-3.571828,-4.899794,-8.896314,0.47785398,0.468463,0.04537394,0.0035668544,0.003316121,0.0011229923,0.00029761056,5.469932e-06,0,,,,1.2949396,2.313747,2.410955,-0.12088461,-2.539271,-2.3735118,-3.7697937,-4.7364283,-8.668486,0.44874462,0.48870796,0.05098193,0.004002,0.0059813457,0.0011042387,0.00046650306,1.1366391e-05,1,,,,0.043914326,Test
1696,0,-4.9535,-2.5036478,4.214534,-1.6799151,1.0404438,1.3961723,-5.327025,-4.2919097,9.4333634e-05,0.0010930091,0.90425926,0.002490958,0.037827116,0.05398761,6.493016e-05,0.00018280653,2,,,,0.57408834,-4.8796062,-2.440413,4.175997,-1.8538643,0.9710102,1.5989723,-5.68614,-4.777627,0.00019441107,0.0015661368,0.8736803,0.0035149246,0.03954577,0.08117096,0.00012894456,0.00019849534,2,,,,0.018539015,Test
1697,0,-3.3617265,-1.5059068,2.2941725,-1.8839189,-0.37996808,0.6782329,-3.8179436,-2.3861964,0.0026483997,0.016941654,0.7573721,0.011608796,0.052232973,0.15049277,0.0016782285,0.0070250737,2,,,,1.1999831,-3.3856964,-1.5109017,2.1871533,-1.9907758,-0.54456604,0.8694317,-3.7736099,-2.249351,0.0030223385,0.018915154,0.7033028,0.011703884,0.04676487,0.2048595,0.002187211,0.009244306,2,,,,0.02760036,Test
1698,0,-3.3895695,-0.40586004,5.4543014,-2.8451376,-0.056852564,0.2066601,-7.5896153,-8.382691,0.0001424754,0.0028154547,0.9876073,0.0002455749,0.003991358,0.005194727,2.1364033e-06,9.66618e-07,2,,,,0.11767429,-2.996553,-0.37734523,4.897437,-2.5925822,-0.30706996,-0.64806485,-6.4701743,-7.584222,0.0009606065,0.009534158,0.9760238,0.001312618,0.0072760344,0.00478874,8.2401464e-05,2.167748e-05,2,,,,0.0055916826,Test
1699,0,-3.9393876,-0.007105941,6.945426,-3.3659666,-0.81110734,1.6784743,-10.498179,-14.170414,1.8617899e-05,0.00094994577,0.9934477,3.3034215e-05,0.00042513362,0.005125509,2.6392676e-08,6.708908e-10,2,,,,0.06350094,-4.09329,-0.039136887,7.049243,-3.143214,-1.1123927,1.6302288,-10.222767,-13.916687,0.0001805179,0.0018845161,0.98959255,0.00019942601,0.00047453414,0.0076675476,9.559083e-07,4.7641047e-09,2,,,,0.0034827965,Test
1700,0,-5.711476,-1.8587277,8.847955,-3.2664855,0.49662143,0.7039954,-10.467255,-10.836846,4.7498347e-07,2.238237e-05,0.9994454,5.476772e-06,0.00023595053,0.00029032375,4.0857393e-09,2.82331e-09,2,,,,0.00750591,-6.052727,-1.9809182,8.759935,-3.2418895,0.2088085,0.6850049,-10.360553,-10.22759,1.9318566e-06,3.903709e-05,0.9987935,1.7146298e-05,0.00043533448,0.0007129467,4.4695042e-08,3.4407602e-08,2,,,,0.00049829733,Test
1701,0,9.226013,0.02004519,-3.1797526,-0.340508,-4.4144025,-8.538037,-2.9204462,-13.068444,0.999819,0.000100420024,4.09417e-06,7.002189e-05,1.1911442e-06,1.9279364e-08,5.306168e-06,2.0776002e-10,0,,,,0.0027515115,8.798442,0.5467968,-3.1963859,-0.4255154,-4.4309354,-8.159264,-3.0268114,-12.970883,0.9992441,0.0005425704,8.919165e-06,0.00018603096,3.5633107e-06,1.4935202e-07,1.4642801e-05,1.0766341e-09,0,,,,0.00019964852,Test
1702,0,-1.9646579,1.2494208,4.3895016,-3.2456658,-0.50644517,0.26766193,-8.112638,-10.782601,0.0016269183,0.040478304,0.935281,0.00045188837,0.006992936,0.015165263,3.4780167e-06,2.4086933e-07,2,,,,0.43943664,-1.8851273,1.4208256,4.2371426,-3.0647874,-0.30991325,0.42977208,-7.5289283,-10.117824,0.0026443335,0.11635377,0.84910107,0.00080773514,0.0095795505,0.021503005,9.754641e-06,8.522646e-07,2,,,,0.039844826,Test
1703,0,-3.3537028,-0.84956527,3.8099802,-1.9818602,-0.6382156,1.5071925,-5.290334,-6.429641,0.0006881002,0.008417532,0.88879097,0.0027129091,0.010398548,0.088861085,9.921639e-05,3.1753287e-05,2,,,,0.62016886,-3.486943,-1.1513561,3.954581,-1.935044,-0.48142108,1.6535126,-5.6434183,-6.259113,0.0009130558,0.008135726,0.8756094,0.0034268182,0.011852948,0.09988843,0.00012831845,4.530748e-05,2,,,,0.018848429,Test
1704,0,-4.3529525,-0.4492333,7.5945888,-3.552237,0.3152675,1.0245138,-10.414706,-12.799002,6.4594155e-06,0.0003202999,0.9975725,1.43859825e-05,0.0006879794,0.0013982896,1.5052452e-08,1.3871404e-09,2,,,,0.028045284,-4.1908784,-0.2238522,7.589452,-3.4967144,0.24661055,0.9103721,-10.126208,-12.902051,2.3904198e-05,0.0016883956,0.993505,5.0158582e-05,0.0020808787,0.0026514295,1.2169326e-07,1.23781705e-08,2,,,,0.0025034335,Test
1705,0,3.0867624,3.9264746,0.09934892,-3.4432333,-2.8349028,-3.259835,-6.676566,-12.430095,0.2965539,0.68672997,0.01495156,0.00043267565,0.00079498166,0.00051977014,1.705862e-05,5.410261e-08,1,,,,1.0020041,3.1600804,3.898436,0.04761563,-3.6532207,-2.7893493,-3.7149253,-6.663012,-12.033358,0.33762378,0.6409554,0.019335676,0.00044836345,0.0010557239,0.00055771053,2.330523e-05,1.2380471e-07,1,,,,0.046556193,Test
1706,0,0.06868583,3.8931742,3.340581,-4.163472,-2.4578571,-0.15701807,-9.853492,-15.72806,0.013502006,0.61851823,0.3559298,0.00019606292,0.0010792813,0.010773984,6.6259986e-07,1.861909e-09,1,,,,1.1265014,-0.35412604,3.5531418,3.4557233,-3.9755797,-2.43398,0.09508077,-9.417087,-15.661021,0.011834638,0.48298168,0.48612118,0.00030939895,0.001599157,0.017151147,2.7775413e-06,1.33687035e-08,2,,,,0.080730155,Test
1707,0,-1.8566976,0.9721736,3.6773326,-3.149658,-1.2400054,1.1784456,-7.9610524,-11.042454,0.0034011065,0.05756827,0.86103123,0.00093345746,0.006301533,0.07075645,7.5950843e-06,3.4857544e-07,2,,,,0.77680916,-1.6833584,0.73928106,3.2234719,-3.0705442,-1.1116887,0.6255263,-7.754042,-10.774755,0.009642729,0.08204017,0.82450134,0.002264765,0.013148243,0.0683302,6.991451e-05,2.6971566e-06,2,,,,0.02037214,Test
1708,0,-0.79356724,2.1760669,4.198671,-3.891667,-1.1633941,-0.20374809,-9.47507,-13.269777,0.0058723264,0.11442103,0.8647919,0.0002650468,0.0040569203,0.010591691,9.965099e-07,2.2410976e-08,2,,,,0.6875188,-0.40916643,2.168557,4.389325,-3.698656,-1.5242198,-0.76125145,-9.203196,-13.407228,0.012417765,0.13977075,0.8365164,0.00033602642,0.0027107531,0.008246013,2.2493546e-06,7.640448e-08,2,,,,0.045004476,Test
1709,0,-3.6507268,-1.7833805,3.4933965,-3.1623392,0.5540435,2.4354703,-6.5642333,-5.6298413,0.0005609517,0.0036299736,0.71052396,0.00091417495,0.037586678,0.2466762,3.045129e-05,7.751879e-05,2,,,,1.0725837,-4.0010805,-1.9415104,3.8496184,-3.4185643,0.57571006,2.3690197,-7.0084,-5.6849947,0.0003837053,0.0029108783,0.77413356,0.00061526196,0.032889996,0.18893681,2.2352917e-05,0.00010740218,2,,,,0.019970952,Test
1710,0,2.1638138,2.1991036,0.5749483,-2.6388218,-2.5879421,-1.8794836,-6.3702893,-12.30934,0.43962646,0.45541778,0.08975286,0.0036084913,0.003796842,0.007710848,8.6450964e-05,2.2775782e-07,1,,,,1.4652786,2.3657327,1.9425558,0.49634942,-2.899145,-2.7390828,-2.0362306,-6.6520348,-12.413118,0.52084476,0.34652022,0.110406674,0.0034281486,0.0042750733,0.014437465,8.712507e-05,5.9365294e-07,0,,,,0.046013854,Test
1711,0,-0.707601,1.9601109,3.5735447,-3.2675612,-1.2264749,0.14012614,-8.135985,-12.260745,0.011020784,0.15877606,0.7970589,0.00085199263,0.006559463,0.025726203,6.5479626e-06,1.0586339e-07,2,,,,0.9462698,-0.57525635,2.0761585,3.3531494,-3.0768962,-0.9326401,0.11185054,-7.4365754,-11.450098,0.028129887,0.24424687,0.6738664,0.0023544217,0.011532077,0.039843988,2.5475741e-05,9.344141e-07,2,,,,0.05767253,Test
1712,1,0.8249711,3.2774518,2.1447797,-3.5774891,-1.635691,-1.5888981,-7.463807,-11.624962,0.060433242,0.7020609,0.22618383,0.0007401364,0.0051596947,0.0054068705,1.5188169e-05,2.3677667e-07,1,,,,1.1758555,1.0445057,3.409718,2.2406895,-3.570811,-1.7403219,-1.4329803,-7.1466627,-11.827833,0.0733334,0.67036986,0.24395528,0.000879898,0.0050014956,0.00643019,2.9467987e-05,3.7065047e-07,1,,,,0.045153968,Test
1713,0,-3.9635804,-1.8870496,0.42249107,-0.5226343,-2.3010144,1.5912768,-1.2267822,-1.7777592,0.0024472866,0.019521391,0.19657646,0.07639567,0.012904113,0.6325993,0.03777994,0.021775844,5,,,,1.6745648,-4.0084047,-1.8164622,0.34554437,-0.565381,-2.4385662,1.7449566,-1.3135703,-1.8085515,0.0023068446,0.021062445,0.17145118,0.070619844,0.010844542,0.66748106,0.033241495,0.022992581,5,,,,0.025200296,Test
1714,0,-0.4988685,2.3259976,4.218737,-4.06521,-1.0488738,-0.9547702,-9.584425,-13.133964,0.007633711,0.12869436,0.8542123,0.00021572146,0.0044042445,0.0048388285,8.648263e-07,2.4853264e-08,2,,,,0.70289,0.035808075,3.108359,4.3124666,-4.393388,-0.72071147,-0.90617335,-9.935372,-14.307796,0.014922333,0.2909612,0.6834356,0.00016793869,0.0057129986,0.00479887,9.508748e-07,1.0725249e-08,2,,,,0.06293332,Test
1715,0,3.2550359,0.7232984,-1.3205204,-1.3251344,-2.8151371,-2.0735183,-2.895516,-7.8422513,0.9014014,0.07168009,0.009284946,0.009242206,0.002082934,0.004372769,0.0019220627,1.3659275e-05,0,,,,0.603064,3.3900483,0.52456254,-1.321976,-1.3204885,-2.78255,-2.120609,-3.092138,-7.943834,0.8942455,0.07064852,0.011202084,0.011571171,0.0024834496,0.007716194,0.0020911111,4.198089e-05,0,,,,0.021181831,Test
1716,0,-4.4770203,-1.7259676,5.230606,-3.067461,0.38444832,2.5797212,-8.195686,-8.289919,5.6327888e-05,0.00088204455,0.9261728,0.00023061485,0.0072783437,0.065377355,1.3668704e-06,1.2439491e-06,2,,,,0.4240168,-4.8827105,-1.7514385,5.1431365,-3.0548742,0.34577245,2.669331,-8.362062,-8.831467,8.404631e-05,0.0015073385,0.8871153,0.00033184668,0.009421652,0.101534024,1.4696213e-06,4.3206956e-06,2,,,,0.021976257,Test
1717,1,-3.2033587,-2.4059575,3.3655152,-2.3833551,0.54509676,-2.8193705,-3.6730034,2.0269222,0.0010532399,0.0023379442,0.75050396,0.0023913893,0.044715784,0.0015462907,0.000658511,0.1967929,2,,,,1.0458262,-3.492437,-2.6339507,3.525547,-2.4243827,0.62467855,-2.9289641,-3.6719851,2.1496081,0.00091123476,0.0018905513,0.74593306,0.0023441531,0.041553415,0.0015153673,0.0007628026,0.2050894,2,,,,0.024109587,Test
1718,0,-2.1940565,-0.23067702,2.5812309,-2.3846018,-0.41981938,-0.3152975,-4.8344016,-3.9064133,0.007133318,0.050813198,0.84561497,0.0058957483,0.042056497,0.046690263,0.00050886726,0.0012871363,2,,,,0.9341328,-2.1859832,-0.14330658,2.7250576,-2.477315,-0.17825405,-0.2412667,-5.0602717,-3.8186321,0.008249187,0.059037525,0.82937336,0.0059740115,0.047835954,0.047508597,0.0006457147,0.0013756405,2,,,,0.022579733,Test
1719,0,6.0562544,-0.39158958,-2.2120156,-0.40222007,-3.0848885,-5.4151363,-2.1279473,-8.855915,0.99620974,0.0015779298,0.00025555628,0.0015612444,0.000106758605,1.0384583e-05,0.00027796938,3.327192e-07,0,,,,0.042621247,5.6993966,-0.20457073,-2.0993922,-0.3762973,-3.223085,-4.930628,-2.0939882,-8.702792,0.9927386,0.0030588564,0.0006346329,0.0027520345,0.00026417073,6.1660874e-05,0.00048929115,7.654662e-07,0,,,,0.0010114291,Test
1720,1,-3.860454,0.16844793,7.134498,-3.3641105,-0.06031686,0.9309358,-9.993064,-12.843113,1.6723334e-05,0.0009398376,0.9962537,2.7471488e-05,0.00074765534,0.0020146384,3.6304836e-08,2.0999236e-09,2,,,,0.041333936,-3.5483754,0.18362297,6.72721,-3.184245,0.1320923,0.3773263,-9.250039,-11.906586,0.00019293102,0.0050696195,0.99004906,8.2846986e-05,0.0023006876,0.002303873,9.0928734e-07,4.810581e-08,2,,,,0.0026434793,Test
1721,0,-1.3645228,1.2810597,2.8313134,-3.2376075,-1.5206788,1.1098952,-7.5322804,-10.94883,0.010594688,0.14929664,0.7035851,0.0016278625,0.009062968,0.12580973,2.2205722e-05,7.289146e-07,2,,,,1.2891927,-1.3042759,1.2456104,3.429065,-3.159016,-1.3387775,1.2130787,-7.2979317,-11.237875,0.012278473,0.10455781,0.7524852,0.0013409536,0.00884785,0.12046088,2.7818998e-05,9.4622584e-07,2,,,,0.036238827,Test
1722,0,0.26679444,2.4033902,2.842773,-3.2156677,-1.6167834,-0.43907258,-7.8467035,-12.33731,0.042934146,0.36367595,0.56433386,0.0013194373,0.0065279272,0.021195745,1.2857474e-05,1.4418168e-07,2,,,,1.3695589,0.48813754,2.3386388,3.0283237,-3.2379372,-1.7233489,-0.7681241,-7.8784957,-13.060997,0.068767235,0.30279666,0.6001828,0.0014499219,0.0056513054,0.021136377,1.5615571e-05,1.6768499e-07,2,,,,0.06125097,Test
1723,0,-2.8080773,-1.5011703,1.5500237,-1.6878268,-0.9834684,0.027334578,-2.3372383,-0.85727614,0.008493113,0.031379744,0.6633857,0.026036676,0.05266044,0.14470069,0.013600338,0.059743285,2,,,,1.6993479,-2.936952,-1.6805559,1.5292156,-1.6118094,-1.0424607,0.043203168,-2.3133435,-0.7972328,0.008706888,0.02957876,0.64801204,0.030127462,0.049800653,0.14996758,0.01734865,0.06645788,2,,,,0.024314914,Test
1724,1,-4.3549185,-0.1314886,7.77268,-3.3604562,-0.32304728,1.3500232,-10.748737,-13.970293,5.395671e-06,0.00036834725,0.99768686,1.4585953e-05,0.0003041338,0.0016205781,9.020795e-09,3.5986608e-10,2,,,,0.026438508,-4.3804994,-0.42502078,7.417842,-2.8476133,-0.16531129,1.0887864,-10.182748,-13.508673,1.3583912e-05,0.00066244195,0.99582577,0.00010035808,0.0010083359,0.0023894927,5.974538e-08,4.08275e-09,2,,,,0.00092018535,Test
1725,0,8.785837,-1.1104734,-3.1691751,0.92015195,-4.5573025,-7.126041,-2.6502068,-12.242675,0.9995472,5.0337323e-05,6.4240276e-06,0.00038351247,1.6030659e-06,1.2284634e-07,1.0794253e-05,7.3660894e-10,0,,,,0.0060467166,9.264761,-1.3907696,-3.201889,0.940472,-4.619812,-7.4373198,-2.5793731,-13.075938,0.999633,4.9397564e-05,9.26931e-06,0.00029396184,2.5076256e-06,5.515731e-07,1.1296381e-05,1.2220642e-09,0,,,,6.2515806e-05,Test
1726,1,-2.1014206,-0.12154514,1.977809,-2.5420382,-1.173108,0.0007631965,-4.231013,-3.7801602,0.012657403,0.0916629,0.7480514,0.008146796,0.03202621,0.10358846,0.0015047849,0.002361986,2,,,,1.2981737,-2.3213391,0.03477419,2.0370715,-2.7703137,-1.146265,-0.2525962,-4.399131,-3.795613,0.011466827,0.111781344,0.751707,0.006678071,0.033580385,0.08053769,0.0013375627,0.0029110874,2,,,,0.020414537,Test
1727,1,-2.81663,0.44804043,5.6564465,-3.4486797,-0.6423804,0.8107043,-9.454583,-12.820406,0.00020583245,0.005386938,0.9847453,0.00010940012,0.0018104154,0.0077418513,2.6957966e-07,9.309554e-09,2,,,,0.13718945,-2.7803464,0.43458748,5.769565,-3.4862118,-0.4640673,0.37711668,-9.417341,-13.131929,0.00034784857,0.01087372,0.97975427,0.0001364438,0.003354447,0.00553225,8.9462867e-07,1.4001263e-07,2,,,,0.006814365,Test
1728,0,0.6776974,3.379172,1.6645776,-3.542424,-2.3205745,-0.51630944,-7.135453,-12.1184,0.05276342,0.7862642,0.14155643,0.0007754566,0.0026314794,0.015987566,2.1336571e-05,1.4623743e-07,1,,,,1.0222726,0.7642687,3.5799286,1.7010486,-3.4187653,-2.1293862,-0.904545,-7.1890626,-12.676998,0.060743906,0.7707786,0.1503416,0.00085831,0.0033856134,0.01387153,2.0303636e-05,1.4201485e-07,1,,,,0.03943257,Test
1729,1,12.87435,-2.319801,-4.3722973,2.2037952,-6.621109,-10.115004,-4.1275206,-17.534054,0.9999764,2.519149e-07,3.2349394e-08,2.3218116e-05,3.4136551e-09,1.03714745e-10,4.1321087e-08,6.219965e-14,0,,,,0.00039883493,11.937525,-1.5677493,-3.503498,2.1910863,-5.824054,-9.33515,-3.7297637,-15.955454,0.99973404,4.8148554e-06,7.785362e-07,0.00025559665,1.8911372e-06,4.389193e-08,2.83705e-06,1.1971382e-10,0,,,,0.00012414934,Test
1730,0,-2.2559254,-0.6959666,1.0265774,-1.424611,-1.3091341,0.18018143,-2.4195547,-2.7678676,0.019939544,0.09488481,0.53123665,0.04578787,0.0513927,0.22787829,0.0169298,0.011950374,2,,,,2.0057478,-2.2769687,-0.60856503,0.98300445,-1.3499162,-1.3515396,0.11785569,-2.5419054,-2.8094745,0.024353907,0.11111921,0.5134507,0.05043658,0.050234996,0.22020519,0.01740507,0.012794374,2,,,,0.03481065,Test
1731,0,0.5348522,3.2853994,2.4162478,-3.7189217,-2.0354767,-0.6804942,-8.151936,-12.9966545,0.04237046,0.6631483,0.27806282,0.0006021056,0.0032417797,0.012567384,7.1521918e-06,5.6286478e-08,1,,,,1.2123939,0.6747101,3.5311017,2.7517533,-3.238238,-1.5520461,-0.798432,-8.185627,-12.083847,0.050119728,0.62923324,0.30390865,0.0011251711,0.0052535506,0.010339035,1.9302059e-05,1.32848e-06,1,,,,0.037995383,Test
1732,1,-5.880951,-1.4353594,8.640451,-3.0781646,0.7693776,1.3855534,-10.359649,-12.438858,4.931064e-07,4.2037485e-05,0.99886227,8.131584e-06,0.00038119018,0.00070590037,5.5958664e-09,6.996451e-10,2,,,,0.014118397,-6.5292845,-1.5315273,9.2041855,-3.2660782,0.49421257,1.3883843,-10.96361,-13.587949,6.198433e-07,0.00012065845,0.9991795,1.4114723e-05,0.00021928169,0.00046584467,1.631713e-08,3.390784e-10,2,,,,0.000120817014,Test
1733,0,1.3402592,0.91752917,0.37890548,-2.3451428,-1.499745,-1.3257052,-4.850078,-7.5119576,0.4560239,0.29881218,0.1743721,0.0114403125,0.026643388,0.031708375,0.0009344549,6.524072e-05,0,,,,1.8580256,1.319108,0.61171806,0.27415642,-2.2121005,-1.7932726,-1.2210536,-4.827207,-7.5114045,0.4869945,0.23787642,0.17381875,0.014785996,0.023778224,0.06136171,0.0012142872,0.00017009696,0,,,,0.05907079,Test
1734,0,-5.8808794,-4.201966,6.357102,-1.9750671,1.5154008,-1.4200749,-5.9897943,-0.76020354,4.797875e-06,2.5715326e-05,0.99068797,0.00023840867,0.00782011,0.0004152904,4.3027685e-06,0.0008033975,2,,,,0.084449515,-5.6242104,-4.1369834,6.384454,-1.9575962,1.595103,-1.2551645,-5.9065237,-0.9229375,1.4258675e-05,9.4651e-05,0.9869274,0.00049968634,0.010012483,0.001092187,1.47154715e-05,0.0013446584,2,,,,0.0031253677,Test
1735,0,5.847323,-0.70638615,-1.9493526,-0.095010325,-3.2134836,-4.8719645,-2.6664298,-9.421673,0.99522203,0.0014180134,0.00040913513,0.0026133491,0.00011557444,2.20086e-05,0.00019973035,2.3263742e-07,0,,,,0.051632885,5.4893303,-0.6143516,-1.6730744,-0.03994408,-2.943351,-4.2580643,-2.511484,-9.293442,0.99040747,0.0029337187,0.0011239687,0.0046681263,0.00031835778,0.00012488547,0.00042288672,5.7859086e-07,0,,,,0.001695336,Test
1736,0,-1.0051194,-0.08185019,2.1410596,-2.2716765,-0.70340407,-1.4052585,-4.4109807,-3.7585645,0.034286886,0.086317495,0.7970697,0.009662054,0.046361916,0.022979997,0.0011375787,0.00218435,2,,,,1.1583505,-1.2383094,-0.0028270273,2.329607,-2.5258472,-0.6357072,-1.1020516,-4.7363977,-3.6535256,0.024660544,0.08468445,0.80557144,0.0071818656,0.04276569,0.031427372,0.0009149805,0.0027935945,2,,,,0.018909918,Test
1737,0,-3.5137608,-1.6853626,1.5022813,-1.530213,-1.3360502,1.3213522,-2.539884,-2.1771727,0.0032632947,0.02031045,0.49214804,0.023719208,0.028802095,0.41069484,0.00864183,0.012420219,2,,,,1.5850936,-3.044458,-1.4904621,1.5281116,-1.2516211,-1.3492684,1.147102,-2.241651,-2.2776496,0.006003348,0.02549631,0.52023554,0.032293085,0.030789146,0.35901842,0.014005071,0.0121591,2,,,,0.032591965,Test
1738,0,4.833652,2.4164066,-1.4233879,-1.8875769,-3.158843,-3.7962132,-4.105981,-10.9053955,0.91496605,0.081584685,0.0017539089,0.0011025855,0.0003092491,0.00016349404,0.000119942175,1.3366672e-07,0,,,,0.44639936,4.456745,2.5307016,-1.2491765,-2.1691756,-2.9195845,-3.490483,-4.165669,-11.042059,0.8423611,0.14771834,0.005684561,0.0019895262,0.001132148,0.0008035813,0.00030998813,8.421627e-07,0,,,,0.026862178,Test
1739,0,12.672361,-3.7211368,-4.0885973,3.6138377,-6.595928,-9.615192,-3.0594566,-16.173695,0.9998833,7.591784e-08,5.2572307e-08,0.00011638116,4.2838817e-09,2.0921252e-10,1.4713213e-07,2.9666506e-13,0,,,,0.0016957757,12.988211,-4.6554403,-4.3952093,3.9729652,-7.0296783,-10.159728,-2.602253,-16.658308,0.99969006,5.1225907e-08,9.058008e-08,0.00030909886,1.7521328e-08,1.8300334e-08,6.8944746e-07,7.7910785e-12,0,,,,0.00012766584,Test
1740,1,0.7107023,3.2307868,4.486005,-4.4419675,-1.7640027,-1.7159212,-10.881543,-16.383795,0.017476818,0.21723063,0.7621761,0.00010108484,0.0014713347,0.001543807,1.6144106e-07,6.5828826e-10,2,,,,0.9087609,0.6815358,3.7211227,4.6901174,-4.726363,-1.8228986,-1.8708225,-10.900171,-16.441378,0.016675081,0.29914185,0.6808951,6.370782e-05,0.0012274906,0.0019964403,3.069752e-07,3.1644194e-09,2,,,,0.06763155,Test
1741,0,-0.21879655,1.6903858,1.6033925,-3.3522801,-1.3192459,-1.2110397,-5.838272,-7.2028456,0.06809884,0.45950165,0.42121744,0.0029667781,0.022657953,0.025247248,0.00024696335,6.309657e-05,1,,,,1.5914296,-0.4672931,1.6528003,1.7139629,-3.4837098,-1.4330759,-1.2924144,-6.1621656,-7.536359,0.06415574,0.43945026,0.445705,0.002631375,0.024241779,0.023554651,0.00019628294,6.492132e-05,2,,,,0.063103504,Test
1742,0,9.137802,0.044718564,-2.9876657,0.43730345,-5.4103484,-7.2583776,-4.5230856,-14.948536,0.99971396,0.00011240868,5.418165e-06,0.00016645515,4.805007e-07,7.57017e-08,1.1668837e-06,3.4618804e-11,0,,,,0.004106399,9.666023,-0.085852735,-3.3296325,0.2406182,-5.370762,-7.8507624,-4.837946,-15.777632,0.99967605,0.00016111048,5.1234374e-06,0.00015520527,6.325726e-07,1.7301252e-07,1.7839575e-06,8.04306e-11,0,,,,9.211617e-05,Test
1743,0,-3.1265688,-1.544974,1.8115482,-1.5962352,-0.78664553,0.8423768,-3.3341088,-2.0761194,0.0046089236,0.022411836,0.64297855,0.021291923,0.04784266,0.2439443,0.0037451223,0.013176615,2,,,,1.505327,-3.3851554,-1.6086805,2.1264668,-1.543472,-0.67472947,0.8204466,-3.578741,-2.0096111,0.0033059542,0.018690236,0.691026,0.019178946,0.04353156,0.20913275,0.0027150658,0.012419561,2,,,,0.033134613,Test
1744,0,-2.3646548,1.1181798,5.2826276,-3.4432585,-0.8491595,0.7149509,-9.36149,-13.041772,0.0004640071,0.0151042985,0.9720694,0.00015779492,0.0021120096,0.010092077,4.2446112e-07,1.0703147e-08,2,,,,0.22391868,-2.4255557,1.5846176,5.53392,-3.4839294,-0.81010133,1.0453348,-9.873063,-13.876518,0.0012664482,0.035057746,0.93569314,0.00030616563,0.0028476305,0.02482783,8.7722657e-07,9.0751186e-08,2,,,,0.015819699,Test
1745,0,-0.82290816,1.6989795,4.292501,-3.5974374,-0.88982266,-0.82468927,-8.606512,-12.243395,0.005493984,0.06841151,0.9151268,0.00034270828,0.005138387,0.005484206,2.2882891e-06,6.0260504e-08,2,,,,0.50732404,-0.9420808,1.9115922,4.6517925,-3.7984855,-0.8510663,-0.5908147,-8.857434,-12.6726,0.00492237,0.099840894,0.88376266,0.0002947172,0.004495657,0.0066817543,1.8854926e-06,1.3030859e-07,2,,,,0.030827146,Test
1746,1,-4.0440445,-0.25978145,7.1996145,-3.5647974,0.035707057,1.0842326,-10.368231,-12.505864,1.3043175e-05,0.0005739419,0.9964199,2.1062879e-05,0.000771253,0.0022007243,2.3378925e-08,2.7571585e-09,2,,,,0.039277405,-4.513664,-0.70036703,7.4273033,-3.3899589,-0.12512729,1.5892897,-10.494629,-13.426455,4.4867593e-05,0.0008420416,0.9925747,6.330905e-05,0.0012939402,0.005181024,1.8230328e-07,1.8608237e-08,2,,,,0.0019779436,Test
1747,1,-0.40396535,-0.30291814,0.9473077,-2.037204,-0.42265776,-0.87912595,-2.7024405,-2.6172402,0.12536064,0.13869011,0.48418534,0.024482435,0.12303911,0.077947386,0.012587691,0.01370718,2,,,,2.2316658,-0.2773542,-0.22973815,0.9343147,-2.0588138,-0.3382679,-0.752178,-2.8645515,-2.9177926,0.1464912,0.14951052,0.4506359,0.02348736,0.12552425,0.083042815,0.011801399,0.009506501,2,,,,0.041121617,Test
1748,0,-2.865809,-0.20746423,5.329306,-2.870017,-0.1009015,0.43400392,-7.9937973,-9.696198,0.000271557,0.003875836,0.98390734,0.0002704165,0.0043116645,0.0073612477,1.6099194e-06,2.9340012e-07,2,,,,0.14657848,-3.0329144,-0.40858927,5.337886,-3.0041983,0.025674108,0.27338228,-8.236429,-9.951479,0.00048556319,0.0067475275,0.9698483,0.0004996498,0.0069150636,0.015497349,5.359772e-06,1.1368431e-06,2,,,,0.009288859,Test
1749,0,5.7472,0.25244278,-1.9413863,-0.7995266,-3.2559369,-4.8896413,-3.266725,-10.005047,0.9937691,0.004082656,0.00045517136,0.0014258643,0.00012225677,2.3865152e-05,0.000120944846,1.432754e-07,0,,,,0.06342817,5.3585978,0.5266761,-1.987738,-0.8054806,-3.354604,-4.6989074,-3.1355033,-9.800966,0.983525,0.011949262,0.0007676797,0.0030564223,0.00023666213,0.00017233235,0.00029181462,6.998504e-07,0,,,,0.003638868,Test
1750,0,-3.0777547,0.73803556,6.4159327,-3.4563596,-0.6697192,0.88703626,-10.050822,-14.11706,7.470167e-05,0.0033924007,0.99171406,5.115691e-05,0.0008300934,0.0039374707,6.997867e-08,1.1995567e-09,2,,,,0.08143888,-3.3721242,0.5087705,6.692023,-3.667338,-0.4589098,0.48094648,-10.647566,-14.331335,9.94139e-05,0.0048433985,0.9908191,6.742514e-05,0.001140709,0.0030298377,1.0417678e-07,2.2283398e-08,2,,,,0.0024576408,Test
1751,1,9.932215,-5.4768953,-2.5885828,3.7706788,-5.6157246,-8.516307,-3.0605218,-12.064676,0.9978892,2.02764e-07,3.6422434e-06,0.0021045592,1.7648105e-07,9.7049115e-09,2.2720005e-06,2.7922475e-10,0,,,,0.021873597,9.507288,-5.460721,-2.3240917,3.5781906,-5.3076577,-8.070894,-3.3257172,-11.010047,0.99493754,2.556348e-06,2.6637825e-05,0.0050191036,2.3154257e-06,1.7850002e-07,1.1723128e-05,5.7087146e-08,0,,,,0.0015084229,Test
1752,0,-1.8710904,1.4726337,4.037762,-3.263922,-1.350742,0.9351389,-8.064244,-11.946424,0.0024033366,0.06807311,0.88510877,0.00059691904,0.004043888,0.039768983,4.910908e-06,1.0119354e-07,2,,,,0.66430366,-1.8148966,1.437042,4.080237,-3.0077121,-1.1249516,0.9227279,-7.871881,-11.422063,0.0040216027,0.082985446,0.85995376,0.00085492106,0.00560937,0.04656619,8.259792e-06,5.060235e-07,2,,,,0.022778368,Test
1753,0,-2.3193955,0.8774546,4.5213094,-3.4366639,-0.94997823,0.89522487,-8.428289,-11.227721,0.0010103461,0.024708394,0.9448232,0.00033055717,0.0039737495,0.02515139,2.2460088e-06,1.3665743e-07,2,,,,0.38852808,-2.4079604,0.6447728,4.593475,-3.463623,-1.132177,0.7667977,-8.521785,-11.575441,0.005277111,0.034861185,0.9259828,0.0014746771,0.0052488456,0.02714326,1.1639832e-05,5.0386586e-07,2,,,,0.017036999,Test
1754,0,-1.7773515,0.7190781,3.6699498,-3.3155167,-0.2814459,-0.05290729,-6.8967752,-8.129423,0.0039128955,0.047498938,0.9083039,0.0008403915,0.017464727,0.02194901,2.339704e-05,6.820697e-06,2,,,,0.59810615,-2.1738403,0.41195893,3.7733636,-3.5330348,-0.32488763,0.19273731,-7.3188295,-8.228663,0.0030506435,0.046886507,0.9009491,0.0006799941,0.01740801,0.03100017,1.689653e-05,8.700206e-06,2,,,,0.01895784,Test
1755,0,-1.9978576,-2.1448328,2.1460285,-1.8946323,-0.17591025,-2.4622154,-2.7123165,1.3016428,0.009958137,0.0085970145,0.6278342,0.011040997,0.061580013,0.0062590735,0.0048740786,0.2698565,2,,,,1.4594553,-1.9610121,-2.0442636,2.2026315,-1.9082041,-0.17337427,-2.3772042,-2.7375274,1.3310027,0.011225095,0.0105287265,0.62493867,0.011171448,0.059370212,0.007167708,0.0052635022,0.27033466,2,,,,0.024079178,Test
1756,0,-3.7390585,-1.1709988,3.6038456,-2.4144344,-0.58475643,1.4070884,-5.3533864,-4.844193,0.0005685923,0.007414728,0.8785848,0.0021383455,0.013325913,0.09766616,0.000113163784,0.00018829871,2,,,,0.6562264,-3.7225857,-1.1327769,3.5213554,-2.4156203,-0.76438636,1.3851,-5.1182485,-4.9059076,0.001010976,0.012539612,0.8519081,0.0028183397,0.013202774,0.11806284,0.0002570261,0.00020030435,2,,,,0.024938026,Test
1757,0,-2.4140377,1.2377241,5.0281167,-3.5806758,-0.88618916,1.090572,-9.36856,-12.723715,0.0005604896,0.021602677,0.9564321,0.00017454328,0.0025828776,0.01864662,5.3488054e-07,1.8669464e-08,2,,,,0.31855813,-2.4734817,1.7189045,5.1959424,-3.6968846,-0.8110671,1.2206767,-9.798102,-12.720997,0.000665789,0.058222614,0.91547567,0.00017737395,0.00266808,0.022789951,4.566504e-07,3.5569663e-08,2,,,,0.022210866,Test
1758,0,-4.0226674,-1.3696153,2.7785814,-2.1824303,-0.99733746,3.1571932,-4.917908,-5.818692,0.00044358388,0.006297694,0.39876828,0.0027937053,0.009138184,0.58230376,0.00018120803,7.3615985e-05,5,,,,1.123053,-4.206937,-0.9801723,2.7762609,-2.2737336,-1.0943879,3.130761,-4.877464,-5.700858,0.0005575352,0.01071325,0.40829283,0.00305081,0.010546545,0.56633586,0.00036927318,0.00013391502,5,,,,0.042941127,Test
1759,0,-2.4620817,1.0013402,5.3211226,-3.4694126,-0.99913883,0.7489208,-9.463433,-13.2711935,0.00040611337,0.01296559,0.97465265,0.00014830953,0.0017538611,0.010073209,3.6982735e-07,8.209368e-09,2,,,,0.20673037,-2.4706526,1.2155147,5.2223406,-3.4279988,-0.76033425,1.0723661,-9.244253,-12.77457,0.0016141428,0.05520807,0.9213835,0.00027746044,0.0028795812,0.018636007,1.246803e-06,5.991859e-08,2,,,,0.025623918,Test
1760,1,2.0015554,-0.1707555,-0.26250985,-1.6478426,-1.4672626,-2.7407763,-3.0626414,-4.8194914,0.77451557,0.088228226,0.08049318,0.020142654,0.024129122,0.006752456,0.0048941527,0.0008446701,0,,,,1.22513,2.14122,-0.3150362,-0.30370298,-1.5467098,-1.6166975,-2.906618,-2.9188542,-4.752844,0.78644913,0.07560749,0.08167819,0.021375487,0.021362195,0.0068689203,0.0055668685,0.001091708,0,,,,0.026869144,Test
1761,1,1.2032696,3.4779108,2.3051531,-3.7458372,-2.5121381,-2.1322148,-7.735598,-12.309226,0.07245631,0.7045961,0.21808113,0.00051369605,0.0017639857,0.0025792513,9.5055075e-06,9.8101076e-08,1,,,,1.1535128,1.358074,3.515016,2.1030362,-3.6054397,-2.5895224,-2.6939948,-7.1036124,-12.28731,0.12400293,0.64450157,0.22447693,0.0007349608,0.0033515554,0.0029097467,2.2098007e-05,1.9377758e-07,1,,,,0.073964305,Test
1762,0,3.305792,4.0871253,0.13222644,-3.229848,-2.7701488,-2.61957,-6.552032,-13.580826,0.30933812,0.6757128,0.012947068,0.00044878782,0.0007106993,0.00082619255,1.6189553e-05,1.4343934e-08,1,,,,1.008095,3.500647,4.1479316,0.307365,-3.2530704,-2.473115,-2.565546,-6.459034,-12.754786,0.34984115,0.61516666,0.030647378,0.0008696796,0.001964912,0.0014461314,6.360596e-05,4.1679692e-07,1,,,,0.04528211,Test
1763,0,-3.9297266,-1.6846392,0.6330315,-1.3591803,-2.367616,3.7651772,-2.346482,-4.859102,0.00042982676,0.0040580966,0.041197803,0.005619109,0.0020497902,0.9443821,0.0020935722,0.00016969575,5,,,,0.38564572,-4.0330834,-1.6012821,0.6501026,-1.4010332,-2.319841,3.8952622,-2.3059225,-4.5999293,0.00044224333,0.004349316,0.040664427,0.005406012,0.0020465543,0.9441021,0.0027302192,0.00025908955,5,,,,0.0061999178,Test
1764,0,7.591381,-2.8382988,-2.1182163,1.8527327,-4.1459475,-6.581208,-2.4565363,-9.678446,0.9966499,2.9443554e-05,6.049479e-05,0.003208332,7.963163e-06,6.9737325e-07,4.3130804e-05,3.1503014e-08,0,,,,0.033468977,8.099009,-2.5570235,-1.9350502,2.1274862,-4.4890723,-6.8995833,-2.5791364,-10.157727,0.9966882,4.0840434e-05,9.350605e-05,0.003128823,1.0121907e-05,1.1337198e-06,3.737409e-05,8.865898e-08,0,,,,0.00068010885,Test
1765,1,-4.0682273,-2.1726115,1.9964349,-1.2286057,-1.3061213,1.2960061,-2.6628964,-1.9123375,0.0014340698,0.009546094,0.61719096,0.02453591,0.02270584,0.30635655,0.005846523,0.01238401,2,,,,1.407229,-4.352252,-2.1869578,1.9907057,-1.2000276,-1.4925263,1.3661965,-2.6702037,-2.1246104,0.0011075767,0.0099749295,0.5966589,0.02505428,0.019229146,0.33007926,0.006366428,0.011529414,2,,,,0.032864742,Test
1766,0,-3.0306885,-0.15923765,2.1882403,-2.0039735,-1.3257053,1.8629383,-4.2058835,-6.2704144,0.0028945524,0.051125396,0.5347286,0.00808124,0.015923783,0.38623935,0.0008937182,0.00011339306,2,,,,1.4185586,-3.0319114,0.05156327,1.9523633,-1.865062,-1.4683588,1.9659761,-3.9923644,-5.9698834,0.0035393327,0.071514025,0.44437402,0.010248355,0.016350906,0.45197994,0.0016402913,0.00035308616,5,,,,0.04274407,Test
1767,0,15.277365,-3.8483045,-5.014877,3.3687954,-7.55338,-12.444098,-3.6480818,-19.254065,0.9999932,4.9411075e-09,1.5388217e-09,6.732418e-06,1.2154305e-10,9.13522e-13,6.0364345e-09,1.0073673e-15,0,,,,0.00012573318,15.910731,-4.0463486,-5.6247053,3.5964546,-8.937957,-13.436798,-2.59825,-19.19057,0.9999771,8.838021e-09,4.4649386e-09,2.2793096e-05,1.9475202e-10,2.4933835e-12,6.222028e-08,5.5211932e-14,0,,,,7.73141e-06,Test
1768,0,-0.72772896,2.0390682,3.1389549,-3.264908,-1.7710751,0.33253193,-7.9765983,-12.00786,0.014703616,0.2338993,0.7025927,0.0011628971,0.0051797014,0.042451166,1.0453948e-05,1.8557749e-07,2,,,,1.1818982,-0.6779955,2.6260464,3.138179,-3.4552574,-1.9609003,0.5895175,-8.767629,-13.017578,0.019835424,0.3672523,0.5634548,0.00092001783,0.0038829308,0.044647865,6.552753e-06,1.366974e-07,2,,,,0.058555305,Test
1769,0,8.031017,0.027382432,-3.0886614,0.111528374,-4.117451,-6.6673913,-2.464032,-11.354632,0.99925464,0.0003339965,1.4806798e-05,0.00036331709,5.292533e-06,4.1327453e-07,2.7652482e-05,3.8071066e-09,0,,,,0.009841387,7.933899,-0.3157844,-2.9615114,0.11996571,-4.3147764,-6.8577356,-2.5099335,-10.934615,0.9987071,0.0004915764,3.394348e-05,0.00068896206,1.1071212e-05,8.159016e-07,6.650768e-05,4.4632074e-08,0,,,,0.00033788016,Test
1770,0,-2.2109358,0.6275309,3.4151516,-2.7625427,-1.3260518,1.3728131,-7.0185843,-9.599197,0.0029879357,0.05106244,0.82937294,0.0017211207,0.0072388807,0.107590415,2.440259e-05,1.8479487e-06,2,,,,0.8817849,-2.1833155,0.8783417,3.2893906,-2.7157688,-1.6528618,1.6071959,-7.0342283,-10.187173,0.007253098,0.08416046,0.74521965,0.0029182578,0.006745889,0.15362623,7.11004e-05,5.2687465e-06,2,,,,0.026756138,Test
1771,1,-4.20139,-1.3985342,4.254615,-2.490905,-0.10474023,2.018441,-6.301115,-6.0820374,0.00018906141,0.00311794,0.88919955,0.0010458208,0.011369868,0.09502575,2.3158158e-05,2.8830222e-05,2,,,,0.58618855,-4.513688,-1.6207922,4.27358,-2.599111,-0.0072963,2.2879376,-6.341563,-6.0034823,0.00023262473,0.003802269,0.8575797,0.0011533358,0.014373052,0.12276369,5.0614482e-05,4.470272e-05,2,,,,0.011813289,Test
1772,0,-2.5059254,1.0009512,5.8067427,-3.6392264,-0.5168415,0.36221367,-9.751625,-12.669686,0.0002418526,0.008064322,0.9855906,7.786898e-05,0.0017676605,0.0042576273,1.724977e-07,9.321491e-09,2,,,,0.13038684,-2.2945685,1.383201,5.664171,-3.8248878,-0.6180798,0.8035337,-10.139316,-13.127996,0.0010275465,0.025802474,0.9580759,0.00020062116,0.0043850313,0.010507058,8.5099134e-07,4.2938967e-07,2,,,,0.010920093,Test
1773,0,-3.6905918,-1.90107,2.6422384,-2.0404994,-0.27431947,0.5346948,-3.871173,-1.8617377,0.0014687468,0.008792787,0.8265331,0.0076484433,0.044731688,0.10045365,0.0012260877,0.00914552,2,,,,0.9621778,-3.9151587,-2.0976593,2.766995,-2.0096095,-0.37575752,0.759729,-3.899733,-2.001352,0.0014378765,0.007580444,0.8204424,0.00786355,0.03829037,0.11502055,0.001407364,0.007957419,2,,,,0.015562055,Test
1774,0,-2.509431,1.077333,4.3086886,-3.1514685,-0.69598806,1.2710487,-8.037707,-11.059493,0.0009981234,0.036049232,0.9125484,0.0005252314,0.0061200135,0.04375479,3.965377e-06,1.9316997e-07,2,,,,0.5515676,-2.3600903,1.4209162,4.434037,-3.3280997,-0.67265093,0.8473671,-7.8008547,-11.094421,0.003409336,0.07708125,0.8772556,0.001070642,0.008731794,0.03241475,3.5497844e-05,1.1445794e-06,2,,,,0.02868211,Test
1775,0,0.5127379,1.9753778,2.4001203,-3.5777311,-1.1867261,-1.4330859,-7.598518,-9.686263,0.081551924,0.35208756,0.5384111,0.0013644767,0.014906181,0.011651281,2.4477136e-05,3.0343397e-06,2,,,,1.4847715,0.32150495,1.6688538,2.675563,-3.6278374,-1.3663476,-1.2380823,-7.617297,-10.0069685,0.07272264,0.25886747,0.63994133,0.0015262186,0.011468065,0.015415043,5.1098887e-05,8.081473e-06,2,,,,0.045242466,Test
1776,0,5.0124364,0.10982975,-1.9587064,-0.3673464,-3.5170696,-3.1570847,-2.7373111,-9.473352,0.9863035,0.0073254723,0.00092572445,0.004545699,0.0001948468,0.00027927532,0.00042495027,5.0455975e-07,0,,,,0.12675127,5.097248,0.27441016,-1.8918988,-0.3063267,-3.4586053,-3.0466259,-2.8308158,-9.316081,0.9765525,0.011800228,0.001830151,0.0074928207,0.00045536045,0.0011275191,0.00073102955,1.0459984e-05,0,,,,0.008007707,Test
1777,0,-1.646204,1.3762796,4.6250587,-3.5343254,-0.7573727,-0.1333099,-8.539224,-11.6155405,0.0017927194,0.03682648,0.9486086,0.00027133868,0.004360404,0.008138678,1.8193324e-06,8.392371e-08,2,,,,0.35790166,-1.6002085,1.5286744,4.702182,-3.3690727,-0.72302186,-0.1235037,-8.588659,-11.661354,0.0028761607,0.071574464,0.91082466,0.00057846925,0.005481326,0.008659668,5.011309e-06,1.7028367e-07,2,,,,0.021567365,Test
1778,0,2.4621172,1.4849601,0.9407428,-2.6408303,-1.8837706,-4.3654246,-5.300754,-8.961861,0.61906105,0.23300193,0.13521004,0.0037631514,0.008023031,0.000670764,0.00026324572,6.7664823e-06,0,,,,1.4047619,2.5090325,1.3884976,0.680186,-2.5892372,-2.073854,-4.2247887,-5.0369425,-8.403959,0.63503766,0.21853141,0.13046452,0.0053833704,0.008563349,0.0015546664,0.0004384403,2.6577784e-05,0,,,,0.038690813,Test
1779,0,-0.21528357,0.578924,1.0761621,-2.5478933,-1.0748799,-0.8099048,-4.2662363,-5.051443,0.12581433,0.27838776,0.4577179,0.012209296,0.05326136,0.06942078,0.0021898968,0.0009986485,2,,,,2.00531,0.047585707,0.6206807,0.86887425,-2.236271,-1.1855528,-1.007932,-3.5491982,-4.4728765,0.18840033,0.29166868,0.3831748,0.017859332,0.05163462,0.05895126,0.0057728267,0.0025381753,2,,,,0.04722685,Test
1780,0,0.936851,2.149067,3.3060143,-3.2747147,-2.245449,-1.3969233,-8.850517,-15.126177,0.065777935,0.22107461,0.7030638,0.00097503554,0.0027291344,0.0063758027,3.6938584e-06,6.950171e-09,2,,,,1.1765397,0.39133257,1.690059,3.1768909,-2.9830618,-2.1728199,-1.0067376,-8.282111,-14.534488,0.0814593,0.21241817,0.6866343,0.0020735522,0.0033477633,0.014037838,2.8917124e-05,1.1797327e-07,2,,,,0.0831516,Test
1781,0,14.81136,-3.134032,-4.5890036,2.9233477,-7.379181,-12.534057,-4.1374583,-19.19715,0.9999931,1.6084664e-08,3.7542747e-09,6.8722447e-06,2.3055141e-10,1.3305564e-12,5.896982e-09,1.6993722e-15,0,,,,0.00012844353,14.801317,-2.8497605,-4.289739,2.0017574,-7.134574,-12.940866,-5.008067,-19.040854,0.99999416,6.550948e-08,8.699195e-09,5.7720945e-06,8.48045e-10,4.3579446e-12,5.8415734e-09,2.0188793e-14,0,,,,2.7064127e-06,Test
1782,0,-3.8761883,-1.3657312,1.118211,-1.240827,-1.9483652,3.6213977,-3.024035,-5.1585455,0.0005030122,0.0061923596,0.074236706,0.0070161936,0.0034579718,0.90727484,0.0011794084,0.00013952688,5,,,,0.5485541,-3.633674,-1.308369,1.011903,-1.2487879,-1.9565395,3.5904002,-3.0624876,-5.3296056,0.0008199824,0.0077207885,0.07324592,0.007803942,0.004820652,0.90398294,0.0014027252,0.00020300302,5,,,,0.009862144,Test
1783,0,-2.4794493,0.7132076,6.2301183,-3.4692929,-0.73018473,0.6443253,-10.294186,-14.604329,0.0001635368,0.0039826212,0.991135,6.0775983e-05,0.000940398,0.0037175235,6.6026615e-08,8.8684365e-10,2,,,,0.08685304,-2.619506,0.34144807,6.113799,-3.2523816,-0.38486624,0.9805377,-10.141885,-14.552653,0.00033298516,0.004858688,0.9834949,0.00019487565,0.0022500292,0.008868514,1.8590082e-07,6.1510095e-09,2,,,,0.0035064686,Test
1784,0,-3.7310555,-1.2077999,3.7583387,-2.6477687,0.16962366,1.0914729,-5.7112074,-4.4726663,0.0005051218,0.0062984247,0.90364665,0.0014923186,0.024971206,0.062775984,6.973116e-05,0.00024061279,2,,,,0.58517057,-3.642854,-1.2321697,3.737255,-2.5211482,0.2934361,1.0195903,-5.5304437,-4.596347,0.0010394695,0.008373817,0.89559907,0.0021080994,0.031785272,0.060683925,0.00013105625,0.00027930376,2,,,,0.008456889,Test
1785,0,-4.2860017,-0.32254824,8.085959,-3.546904,-0.03223908,1.222066,-11.275227,-14.659288,4.2290244e-06,0.00022261092,0.9984236,8.855767e-06,0.00029759528,0.0010431907,3.8981467e-09,1.3218422e-10,2,,,,0.019016618,-3.737957,0.5103984,8.509302,-3.5906951,0.28734308,1.1163114,-11.344732,-15.5518675,1.4091354e-05,0.000728594,0.99786204,1.4510055e-05,0.0005468863,0.0008338919,1.705983e-08,1.4166703e-10,2,,,,0.00047011994,Test
1786,0,-4.4418035,-0.56323224,7.173461,-3.2449157,0.39294,1.4708169,-9.685476,-11.954854,8.982782e-06,0.00043436323,0.9950761,2.9731216e-05,0.0011300911,0.0033206977,4.7436572e-08,4.9038213e-09,2,,,,0.050942894,-4.891095,-1.0958381,7.4197626,-3.233873,0.23772559,1.2709059,-9.550142,-12.38871,0.00010040534,0.00071200007,0.9946111,6.8768466e-05,0.0011455548,0.003360731,1.4880534e-06,4.3268034e-08,2,,,,0.0016160547,Test
1787,1,-2.5944996,0.5542089,5.151027,-3.5188134,-0.33714187,-0.117858216,-8.757851,-9.915313,0.0004242006,0.009886394,0.98041695,0.00016832429,0.0040544244,0.005048506,8.93021e-07,2.8066142e-07,2,,,,0.17144457,-3.0893617,0.7129706,5.3779316,-3.6940663,-0.56393975,0.23990174,-9.418418,-10.060488,0.00041770417,0.01950431,0.96690464,0.00025613082,0.0035820454,0.009333355,1.2674425e-06,4.6923452e-07,2,,,,0.009514074,Test
1788,0,1.0038239,3.9978943,3.6191185,-4.2060704,-2.3626146,-1.4088141,-10.225461,-16.355242,0.028762408,0.574293,0.3932179,0.00015710757,0.000992658,0.002576499,3.8195205e-07,8.3153173e-10,1,,,,1.1703317,1.1662055,4.336836,4.04353,-4.23162,-2.3250918,-0.81119,-10.868498,-17.357594,0.06485875,0.5208462,0.4057514,0.00017620569,0.0011834293,0.0071826153,1.3800675e-06,1.5603193e-09,1,,,,0.08205289,Test
1789,0,-3.7750847,-0.60570043,5.2937803,-2.7522311,-0.10043399,0.91622925,-7.2965035,-8.103785,0.000112907444,0.002686387,0.98012286,0.00031400917,0.004452491,0.012306491,3.337256e-06,1.4886481e-06,2,,,,0.16941276,-3.3256874,-0.2416549,5.3640594,-2.718948,-0.112657845,0.9356636,-7.243304,-8.549341,0.00026967813,0.0053487276,0.97503805,0.00048639858,0.006047894,0.012800435,6.869609e-06,1.950179e-06,2,,,,0.003721746,Test
1790,0,4.94757,0.87131834,-1.3853855,-1.4778224,-2.4588246,-4.8535886,-3.0915961,-8.737253,0.97909224,0.016616138,0.0017396266,0.0015860294,0.00059465814,5.4229346e-05,0.00031583366,1.1157849e-06,0,,,,0.16960149,4.9811153,0.5881778,-1.5281217,-1.7851877,-2.176979,-4.9616055,-3.3445747,-8.635671,0.9815777,0.013197091,0.0023481422,0.001432276,0.0010042565,6.928637e-05,0.00036798517,3.3281144e-06,0,,,,0.0019543858,Test
1791,0,-1.4293871,1.6101632,5.590346,-3.5461853,-1.4950962,-0.49578696,-10.06104,-15.607809,0.00087413786,0.018265849,0.97771263,0.000105260704,0.0008185455,0.0022235005,1.5591954e-07,6.080926e-10,2,,,,0.17553802,-1.3761756,1.6641235,5.9886684,-3.713237,-1.533107,-0.8433795,-9.960553,-16.810495,0.0031633596,0.03376323,0.96059227,0.0001232139,0.00079687807,0.001560091,9.667792e-07,6.806014e-10,2,,,,0.018060952,Test
1792,0,5.947111,-0.7981357,-2.2945333,-0.12803547,-3.1313827,-5.0541396,-1.9048557,-8.374367,0.9957585,0.0011714682,0.00026233337,0.0022895564,0.00011360936,1.6610065e-05,0.00038733624,6.0036473e-07,0,,,,0.046870165,6.193712,-0.9276416,-2.0866783,-0.0025952044,-3.0747008,-5.259593,-2.018352,-8.875879,0.9950654,0.0016415017,0.000325954,0.002478578,0.0001352295,1.8700262e-05,0.0003340828,5.8219155e-07,0,,,,0.0011750442,Test
1793,0,-1.8491477,0.80329,3.5683856,-3.0186317,-0.8657656,-0.15085968,-6.7136674,-8.00487,0.0040165535,0.056989208,0.90502053,0.0012472493,0.010738189,0.0219488,3.0989857e-05,8.520349e-06,2,,,,0.6016308,-1.4406408,1.0462068,3.2033901,-3.00981,-0.9926095,-0.10703633,-6.39181,-7.4711943,0.009064388,0.12850645,0.8120987,0.0019448213,0.013144553,0.03513352,7.449086e-05,3.3053977e-05,2,,,,0.031902958,Test
1794,0,-0.58251226,0.41308847,1.7760116,-2.617959,-0.81192434,-0.21001852,-5.256062,-6.641874,0.05998683,0.16234533,0.63438046,0.007835607,0.04768958,0.08706185,0.00056022056,0.00014012269,2,,,,1.6644727,-0.40007657,0.4360765,1.7262077,-2.554468,-0.8960945,-0.4136185,-5.365049,-6.708842,0.08286491,0.1844199,0.5973228,0.011504267,0.044605874,0.07829709,0.00081677746,0.00016831819,2,,,,0.04333804,Test
1795,0,-1.9456047,0.7997953,4.934237,-3.2039888,-1.0427165,0.6327952,-8.836821,-12.409465,0.0009950533,0.015493817,0.96766204,0.00028270742,0.0024545153,0.013110864,1.0116484e-06,2.8408579e-08,2,,,,0.25558466,-1.408221,1.5938699,4.6940746,-3.193477,-0.83848125,0.28802106,-8.219088,-11.7513485,0.003492906,0.06087952,0.91295815,0.0005186324,0.0052885013,0.016858004,3.7895563e-06,4.803757e-07,2,,,,0.020058144,Test
1796,0,-3.1078713,-0.16060904,5.680652,-2.9721196,-0.13986695,0.62717944,-8.363503,-10.575141,0.00015057767,0.0028690645,0.9875701,0.0001724713,0.0029291976,0.0063077244,7.857219e-07,8.605318e-08,2,,,,0.11688752,-3.0903509,-0.5144062,5.572759,-3.0277119,0.23076811,0.50507724,-8.361021,-10.109559,0.0003180402,0.003911009,0.9823901,0.00028755117,0.0055877278,0.0075037316,1.4400431e-06,3.577815e-07,2,,,,0.0023318443,Test
1797,1,-4.619723,-1.9118968,3.2916684,-2.6006129,-0.26158088,3.862339,-6.054237,-6.342362,0.00013058871,0.001958391,0.3562698,0.000983544,0.010200522,0.63040274,3.1110263e-05,2.3322387e-05,5,,,,1.0475324,-4.40295,-1.6657423,3.0581305,-2.4332547,-0.34826624,3.568505,-5.626216,-5.941034,0.00034481328,0.0054181083,0.3718201,0.0020123615,0.014108399,0.6060842,0.000119375785,9.257229e-05,5,,,,0.028964505,Test
1798,0,10.37384,-3.3357372,-3.3060281,2.5218515,-5.391302,-8.715219,-2.7331583,-12.872969,0.9996068,1.1113102e-06,1.1448213e-06,0.00038882467,1.422705e-07,5.1233813e-09,2.0301686e-06,8.014351e-11,0,,,,0.0050585265,10.699237,-3.7663872,-3.7136722,2.4422255,-5.4563327,-9.050493,-3.056806,-13.257769,0.9994518,2.8777604e-06,2.08858e-06,0.0005395884,4.8067074e-07,4.7844054e-08,3.147529e-06,1.2490589e-09,0,,,,0.0001637773,Test
1799,0,-1.9670746,0.4239435,1.3504024,-2.4885163,-1.6263407,1.970993,-4.4689918,-6.2219825,0.010760744,0.117556944,0.29689595,0.006388267,0.015129379,0.5522343,0.000881604,0.00015274223,5,,,,1.5755955,-2.0382504,0.19963138,1.4301474,-2.5582676,-1.5192524,1.9817803,-4.6128836,-6.1878195,0.012706881,0.09691219,0.323859,0.006782092,0.017762067,0.540747,0.0010409519,0.00018981165,5,,,,0.040047567,Test
1800,0,4.6278267,0.8883135,-1.202111,-1.6027269,-2.6239738,-5.0498953,-2.8718169,-8.256367,0.970874,0.023073472,0.0028526797,0.0019110314,0.00068824954,6.083894e-05,0.00053716684,2.4639323e-06,0,,,,0.22220379,4.9284325,1.1939948,-1.1517326,-1.6624905,-2.697126,-5.240122,-2.9275475,-8.597229,0.95884687,0.033403635,0.004515002,0.0016034683,0.00094770844,0.00013349233,0.0005466381,3.1266777e-06,0,,,,0.010082414,Test
1801,0,13.941044,-2.3444352,-4.6231127,2.2563195,-6.963557,-12.090045,-3.757078,-18.016542,0.99999154,8.458685e-08,8.663353e-09,8.421411e-06,8.341494e-10,4.9526503e-12,2.0596792e-08,1.3212742e-14,0,,,,0.00015694533,14.350291,-3.5214438,-4.4982758,2.9967053,-7.091479,-12.526242,-2.5571516,-18.083328,0.99997675,2.0933586e-08,1.040023e-08,2.3247936e-05,7.5214696e-10,5.7478787e-12,8.3999716e-08,3.3166036e-14,0,,,,6.1533674e-06,Test
1802,0,5.1837034,1.3035859,-1.8775866,-1.17435,-3.5084457,-3.609864,-3.4097114,-10.642482,0.97680694,0.020169502,0.00083777914,0.0016925492,0.00016400471,0.00014818725,0.00018102406,1.307928e-07,0,,,,0.17700404,4.9230776,1.0014625,-1.8263319,-1.3925946,-3.2037826,-3.5285945,-3.2390761,-9.978516,0.96227825,0.032221515,0.0013239773,0.0027899214,0.00040779402,0.000520151,0.00045737508,9.3374854e-07,0,,,,0.010088591,Test
1803,0,-2.136727,0.17579521,4.9661174,-2.885557,-0.82441473,0.6933412,-8.6052685,-12.114898,0.0008015038,0.008095079,0.974163,0.00037904686,0.0029773882,0.013582776,1.2435219e-06,3.719129e-08,2,,,,0.21484344,-2.1235526,0.32060876,4.968065,-2.8846734,-1.2084202,0.48022705,-8.5455265,-12.686457,0.0012604861,0.042482935,0.94031584,0.00044489285,0.002451418,0.01304202,2.4193437e-06,3.274991e-08,2,,,,0.03006324,Test
1804,0,-0.018362014,3.4968534,4.016628,-4.21033,-1.4396504,-1.0198433,-10.111855,-14.652972,0.010894503,0.36630774,0.6160008,0.0001646869,0.0026299632,0.0040019304,4.5046303e-07,4.8026085e-09,2,,,,1.0888458,-0.0051053762,3.6506157,3.676628,-4.390151,-1.9304005,-1.2056167,-10.020525,-15.154492,0.013944348,0.48629683,0.490436,0.00027986142,0.003206452,0.0058349213,1.5620096e-06,1.553244e-08,2,,,,0.06819316,Test
1805,0,-4.0683417,-1.7987844,3.3184464,-1.7460979,-0.69338,0.40511298,-3.676503,-2.5033112,0.0005686565,0.0055018184,0.918103,0.005799463,0.016617943,0.04984789,0.0008414407,0.0027197832,2,,,,0.54935455,-3.7661157,-1.6369482,3.3334858,-1.6480535,-0.6456269,0.47660676,-3.6315703,-2.4313972,0.0009489376,0.007047671,0.8997176,0.0079890005,0.017911058,0.06105892,0.0011972481,0.0041295756,2,,,,0.01222617,Test
1806,0,11.747016,1.9336057,-3.465749,-0.84245557,-7.01104,-8.585295,-7.26611,-22.884188,0.9999416,5.4709773e-05,2.4726057e-07,3.407505e-06,7.1359882e-09,1.4783073e-09,5.52941e-09,9.116631e-16,0,,,,0.0009264604,11.719235,1.8326824,-3.6011245,-1.1128256,-6.07964,-8.628287,-6.9400773,-22.078764,0.9998008,0.00015346662,4.3668438e-06,4.0219475e-05,5.4342183e-07,2.9646102e-07,2.9362087e-07,5.673348e-14,0,,,,7.540086e-05,Test
1807,0,1.0259111,-0.55273235,0.11079547,-1.714601,-0.99621487,-2.1249828,-2.3947957,-2.9086165,0.5266778,0.10862977,0.21091881,0.033990357,0.069718316,0.022549096,0.01721674,0.010299149,0,,,,2.0345824,1.2222576,-0.39535388,0.009802801,-1.7234089,-1.0655245,-2.4130332,-2.3965247,-2.895784,0.57173973,0.11846487,0.17582308,0.030501017,0.061623115,0.01523187,0.016182514,0.010433724,0,,,,0.030218432,Test
1808,0,-2.3821607,0.5491017,5.2270412,-3.3883603,-0.13803878,-0.5988993,-8.382889,-9.872978,0.00048728928,0.009137302,0.98270065,0.00017815582,0.004596176,0.0028989944,1.2069902e-06,2.7199823e-07,2,,,,0.15437703,-2.8910885,0.43092862,5.5587077,-3.7605343,0.20981324,-0.5788454,-8.559891,-9.495251,0.00054153975,0.011498525,0.9789463,0.00024297173,0.0059060357,0.0028604965,3.5169141e-06,6.553338e-07,2,,,,0.004700314,Test
1809,0,2.2251382,-0.09709363,0.43739057,-1.7114525,-1.2577417,-3.5196693,-3.5515392,-5.597268,0.75624454,0.074153185,0.12654743,0.014757835,0.023230936,0.002419492,0.0023435988,0.00030299425,0,,,,1.2214437,2.389632,-0.014913732,0.23260641,-1.8164337,-1.2040762,-3.7669392,-3.3770375,-5.1605597,0.7684968,0.07912354,0.11030269,0.012367088,0.024321705,0.0019628655,0.002917429,0.00050785916,0,,,,0.026188856,Test
1810,0,-3.8010893,-2.0401657,0.5903022,-0.5794139,-2.1956668,0.963113,-1.3746246,-1.4991618,0.003903653,0.0227107,0.31523052,0.0978649,0.019440046,0.45765468,0.044184648,0.039010864,5,,,,2.0164254,-3.820984,-2.1317315,0.6186651,-0.531745,-2.1574173,0.80853903,-1.3930068,-1.3495921,0.004314053,0.022330262,0.3387428,0.107098736,0.021624342,0.40736628,0.047570355,0.05095323,5,,,,0.03311691,Test
1811,0,-2.6983635,-1.3187995,1.9581757,-2.0764036,-0.5163654,0.22656971,-3.3185227,-1.4739602,0.006966514,0.027679132,0.7333726,0.012975652,0.061751164,0.1298069,0.0037470008,0.023701021,2,,,,1.3911813,-2.6456294,-0.9963919,2.0606222,-2.0729053,-0.33451697,0.19790283,-3.352321,-1.4552433,0.007400895,0.03817998,0.7255283,0.0122824395,0.069803506,0.119252324,0.0036126946,0.023939896,2,,,,0.02273513,Test
1812,0,3.4622796,4.203056,-0.0407702,-3.3205352,-3.1934638,-2.972458,-6.653044,-13.719257,0.31931195,0.669777,0.009613024,0.0003618063,0.00041083037,0.0005124414,1.291772e-05,1.10247385e-08,1,,,,0.9921752,3.5436807,4.437442,-0.08769274,-2.9636524,-3.360653,-2.4853244,-6.3785725,-14.2029085,0.30733103,0.6799418,0.010735345,0.00053511007,0.00038529828,0.0010469249,2.4444835e-05,3.1567964e-08,1,,,,0.03935626,Test
1813,0,8.753946,1.511817,-3.2144046,-0.9957949,-4.763109,-7.932382,-3.862809,-14.107286,0.9992155,0.0007152245,6.336803e-06,5.8263988e-05,1.3467176e-06,5.66081e-08,3.313385e-06,1.178018e-10,0,,,,0.00962195,8.860086,1.3424213,-3.4208684,-0.7419604,-4.9443574,-7.792825,-3.8051605,-14.256746,0.99793005,0.0019323112,1.7285276e-05,0.000111169786,2.6702405e-06,2.2813705e-07,6.285941e-06,8.4220914e-10,0,,,,0.0011351577,Test
1814,0,-4.7582836,-1.0427631,8.434024,-3.2388897,0.91584206,0.34728402,-10.33376,-12.19163,1.8631449e-06,7.653795e-05,0.9990632,8.513557e-06,0.00054261036,0.00030730283,7.060702e-09,1.1015017e-09,2,,,,0.012048253,-5.256417,-1.3758724,8.719016,-3.1211338,1.131631,0.15266125,-10.57238,-12.060869,4.357232e-06,0.00017542849,0.9984865,3.39437e-05,0.000880418,0.00041915555,7.5982e-08,1.272597e-08,2,,,,0.0003880787,Test
1815,0,-3.924407,-2.0577319,2.1345496,-1.8833562,-0.5046373,1.2695756,-3.536182,-1.3972859,0.0014973801,0.009683195,0.6407719,0.011527873,0.045763496,0.269805,0.0022076797,0.018743332,2,,,,1.4050943,-4.000886,-2.264747,2.244942,-1.8396072,-0.44779307,1.1666311,-3.5332417,-1.4007512,0.0016257612,0.008144239,0.67185366,0.012297922,0.04715108,0.23675482,0.0029501154,0.019222409,2,,,,0.022492565,Test
1816,0,-3.6767268,-1.5693978,1.580389,-1.3928057,-1.5083398,1.7788618,-3.1002047,-3.4854288,0.0021893056,0.018009752,0.42018712,0.021488229,0.019143658,0.5124345,0.003896608,0.0026508544,5,,,,1.4257761,-3.5728421,-1.593432,1.4354904,-1.3920916,-1.6339086,1.8012686,-2.8583827,-3.4368052,0.0032007694,0.020770693,0.37486035,0.025717378,0.02024654,0.5453649,0.0060866564,0.0037526912,5,,,,0.036837656,Test
1817,1,-2.3133404,0.43821928,4.893444,-2.9753342,-0.33132082,-0.11893554,-7.4924083,-9.5686455,0.0007236047,0.011336745,0.9758162,0.00037325107,0.005251477,0.0064941035,4.076247e-06,5.111665e-07,2,,,,0.2065754,-2.2299314,0.28810436,4.8931937,-3.1504657,-0.13332732,-0.48434925,-7.2571983,-9.02488,0.0015124144,0.013506867,0.9700378,0.00073597673,0.007877281,0.0062940205,3.2104992e-05,3.3902172e-06,2,,,,0.0060117757,Test
1818,0,1.1084504,2.5513825,1.2380553,-3.2524476,-2.3789656,-1.5503365,-6.145294,-9.838709,0.15418838,0.6526932,0.17552476,0.0019685102,0.004715047,0.010798296,0.000109091416,2.7149447e-06,1,,,,1.384408,1.1542985,2.652554,1.1595739,-3.2182527,-2.3448472,-1.5415441,-5.850359,-9.638533,0.15553159,0.63115305,0.19137165,0.0024042923,0.005095133,0.014286801,0.00015232284,5.164515e-06,1,,,,0.05204001,Test
1819,0,-3.9655223,0.17195958,7.8345313,-3.6597364,-0.3107646,1.1680173,-11.235155,-14.904261,7.488799e-06,0.00046913477,0.99795353,1.0167481e-05,0.00028950308,0.0012702234,5.2149547e-09,1.3297752e-10,2,,,,0.024056552,-3.7939258,0.6748037,7.7288146,-3.8586984,-0.26042137,1.0672697,-11.410665,-14.334974,3.764638e-05,0.0019153573,0.99553156,2.2319744e-05,0.0004145406,0.002078476,6.117694e-08,2.9932459e-09,2,,,,0.0012475771,Test
1820,0,-5.1768265,-1.880863,7.655371,-2.62376,0.98221296,0.69152224,-8.651407,-9.440439,2.6671134e-06,7.202117e-05,0.99768615,3.4262895e-05,0.0012614736,0.0009432628,8.2613354e-08,3.752995e-08,2,,,,0.02651449,-5.4101577,-2.104452,7.748974,-2.7351692,0.7186984,0.53407925,-8.803845,-9.239672,4.6036685e-06,0.00013805457,0.9972062,6.8099216e-05,0.0013176386,0.0012645186,3.569157e-07,4.5561404e-07,2,,,,0.00071950676,Test
1821,0,-1.7628427,1.0592309,3.033011,-2.8685005,-1.2803,1.0433031,-6.506694,-9.152689,0.0063562356,0.10685896,0.769153,0.0021038705,0.0102983,0.105170414,5.5331366e-05,3.924919e-06,2,,,,1.1116469,-1.9104855,1.0374603,3.1623588,-2.8492558,-1.0037419,0.9175854,-6.4050856,-9.024268,0.0059408033,0.09832606,0.78421223,0.0021335576,0.013501978,0.09581173,6.825906e-05,5.380852e-06,2,,,,0.020445332,Test
1822,1,-2.694715,0.49076238,4.9261394,-3.3142014,-0.2066338,0.24746448,-8.103187,-9.514198,0.00047686658,0.011530074,0.9729531,0.0002566594,0.0057405927,0.009040018,2.1356384e-06,5.2087404e-07,2,,,,0.22521119,-2.622795,0.5386349,4.824203,-3.385352,-0.39005083,0.49818486,-8.344182,-10.286881,0.0010572283,0.014941363,0.9625332,0.00036900764,0.007351852,0.013739556,7.0540104e-06,6.778474e-07,2,,,,0.00503892,Test
1823,0,1.601262,1.1979313,0.108328685,-2.161518,-2.0758264,-1.1118588,-4.4060974,-7.7982554,0.49746487,0.33235186,0.1117866,0.011550685,0.012584132,0.03299658,0.0012240505,4.1172196e-05,0,,,,1.7112781,1.31089,1.1728787,0.46629447,-2.0590675,-2.115394,-0.6954297,-4.4079337,-7.5755754,0.38236827,0.32930607,0.18538408,0.014649162,0.013168792,0.07348369,0.0015615929,7.838798e-05,0,,,,0.053392053,Test
1824,0,-5.393754,-0.95216304,8.42508,-3.4023688,-0.2469544,2.2107143,-11.250858,-13.845204,9.944298e-07,8.443698e-05,0.9977405,7.2848707e-06,0.00017092317,0.0019959642,2.8435867e-09,2.1240067e-10,2,,,,0.024583265,-5.8555613,-0.94705504,8.653521,-3.3744674,-0.2886004,2.582238,-11.690529,-14.333606,1.9744455e-06,0.0001294333,0.99551547,1.5429247e-05,0.00019701841,0.0041406867,2.9640471e-08,5.795168e-10,2,,,,0.0010781768,Test
1825,1,8.08835,-1.2218492,-2.7401633,0.69029987,-4.4880295,-6.791376,-2.8500712,-11.783013,0.9992562,9.042916e-05,1.9811298e-05,0.00061199017,3.4500429e-06,3.4474166e-07,1.7749286e-05,2.3423559e-09,0,,,,0.009479535,7.8078704,-1.083255,-2.6390338,0.3615956,-4.455458,-6.8980055,-3.1911442,-11.585597,0.9986885,0.00028470182,6.432625e-05,0.00090290233,2.694471e-05,3.5414855e-06,2.9060422e-05,4.8634945e-08,0,,,,0.0003378184,Test
1826,1,2.8820963,1.1132556,-0.53297186,-2.0529819,-2.1529622,-3.4065447,-3.2554266,-6.9535956,0.8188858,0.13964507,0.026920188,0.0058877063,0.005327522,0.0015209022,0.0017690132,4.3816413e-05,0,,,,0.8879618,2.9855468,1.0692117,-0.6449307,-2.2812772,-2.1208553,-3.5666835,-3.1873028,-7.2837267,0.8229049,0.13462019,0.026543489,0.005723846,0.0059571206,0.0019897956,0.002201335,5.936475e-05,0,,,,0.021979725,Test
1827,1,7.2965775,1.2431588,-2.5892692,-1.1535536,-3.7489355,-6.6541753,-3.593902,-11.5521145,0.997357,0.0023436046,5.075535e-05,0.00021330704,1.5916414e-05,8.711961e-07,1.8585544e-05,6.500814e-09,0,,,,0.028172987,7.3547363,1.3120549,-2.6577914,-0.9147645,-4.2120485,-6.9571304,-3.4303527,-11.538943,0.9964708,0.0030418593,5.328084e-05,0.0003859515,1.3379836e-05,8.493797e-07,3.381799e-05,1.7410155e-08,0,,,,0.0006873734,Test
1828,0,10.483767,-0.28358293,-3.8804615,0.58314884,-5.6660814,-7.888918,-3.4359465,-15.524042,0.99992716,2.107502e-05,5.7764805e-07,5.014005e-05,9.68675e-08,1.0490903e-08,9.009772e-07,5.06898e-12,0,,,,0.001181243,10.099396,-0.5549425,-3.132964,0.41712362,-5.0723276,-7.0766068,-3.5949378,-15.238011,0.9996899,0.00018469189,4.2966903e-06,0.00011486909,2.3803536e-06,4.6462483e-07,3.4624904e-06,4.991497e-11,0,,,,0.00015957613,Test
1829,0,-4.3464947,-1.9026376,3.5949702,-1.8824935,-0.29593846,1.4956958,-4.511925,-4.0039372,0.00030864542,0.0035547866,0.8677492,0.0036271203,0.017725319,0.106338605,0.00026158584,0.00043474106,2,,,,0.69442624,-4.503598,-2.1166382,3.6870098,-1.8656776,-0.32967198,1.625761,-4.69678,-4.1446986,0.00029938057,0.002748179,0.85198915,0.003998506,0.017217778,0.12297492,0.00026793132,0.0005041673,2,,,,0.015313843,Test
1830,0,-3.2770984,-1.8998802,2.5765262,-1.7653809,-0.47906065,-1.0882727,-3.127403,0.71481675,0.0022797184,0.009036485,0.79447085,0.01033741,0.037415665,0.020345863,0.0026478483,0.12346614,2,,,,1.100214,-3.3064313,-1.6293552,2.5197244,-1.8214983,-0.47930938,-1.1603663,-3.1669168,0.7945863,0.002799559,0.014424808,0.7588478,0.012002963,0.039392512,0.021927148,0.003251142,0.14735413,2,,,,0.024172049,Test
1831,1,-2.9571896,-0.85304147,2.4891965,-2.5540707,-0.16032262,0.86905116,-4.6133084,-3.3820565,0.0032707225,0.026820306,0.7585413,0.004894587,0.053617638,0.15009253,0.00062431046,0.0021385846,2,,,,1.1696206,-2.7006364,-0.8509496,2.5544016,-2.6713665,-0.046601992,0.61886615,-4.4130616,-3.2597976,0.0052579287,0.030210972,0.77293813,0.0049215024,0.060079325,0.122583054,0.001045115,0.0029639634,2,,,,0.022874454,Test
1832,0,-1.4357508,1.2202278,4.3810415,-3.0253174,-1.24046,0.17947154,-8.148448,-12.264316,0.002796563,0.039820027,0.93934584,0.0005705383,0.0033996832,0.014063935,3.398892e-06,5.5441983e-08,2,,,,0.41430354,-1.7596848,1.4036412,4.6309557,-3.2402503,-1.2959477,0.26559684,-8.341696,-12.036766,0.00343901,0.06675099,0.9096981,0.00044603203,0.0033461757,0.016315967,3.5019689e-06,2.596642e-07,2,,,,0.023263546,Test
1833,0,-0.6063745,1.5632441,4.643785,-3.783723,-0.93031824,-1.705668,-9.275209,-12.861606,0.0049640145,0.04345966,0.94612443,0.00020697976,0.0035904255,0.0016535445,8.531111e-07,2.3629466e-08,2,,,,0.35719892,-0.33140382,1.4545271,4.7936277,-3.7615285,-0.80141604,-1.7690525,-9.257148,-13.010391,0.015015103,0.06556314,0.9118975,0.00032861833,0.004756679,0.0024372172,1.7092073e-06,6.747721e-08,2,,,,0.02463544,Test
1834,0,-2.247654,-0.20590541,2.1044452,-2.454467,-0.46626934,0.6231525,-4.453312,-4.1552644,0.009008484,0.069401994,0.69943035,0.0073254453,0.05349305,0.15901102,0.0009925369,0.0013371719,2,,,,1.4114898,-2.4786105,-0.32266647,2.2829309,-2.4512615,-0.3707255,0.62399006,-4.5200596,-3.968382,0.0074571734,0.06792036,0.7162938,0.0069543533,0.05176894,0.14701,0.0011006251,0.0014947334,2,,,,0.031639274,Test
1835,0,-3.1333814,0.5130194,6.3779736,-3.6905534,-0.5031131,0.93592817,-10.298469,-13.102378,7.339672e-05,0.0028137679,0.99175733,4.204357e-05,0.0010185618,0.0042949216,5.674388e-08,3.4371357e-09,2,,,,0.081200585,-3.5930085,0.020401621,6.1272717,-3.80975,-0.7073999,1.3984115,-10.435821,-13.143397,0.00025093433,0.004045246,0.98282194,0.00011321045,0.0014182336,0.011350132,3.1333713e-07,5.9188325e-09,2,,,,0.0028548976,Test
1836,0,2.054666,4.382267,2.6577554,-4.1083627,-2.7678914,-1.9002957,-9.669654,-16.842356,0.07627538,0.7820754,0.13941284,0.00016062576,0.0006137256,0.0014613906,6.174146e-07,4.737095e-10,1,,,,0.9791627,1.5719888,4.4211473,2.8754818,-4.238193,-2.4401646,-1.3599844,-9.554191,-15.886038,0.063435376,0.71144557,0.21938197,0.00017084178,0.0013393692,0.0042254394,1.4146376e-06,4.7592392e-09,1,,,,0.053861693,Test
1837,0,-3.6477609,-2.1914465,1.9101039,-1.3770217,-0.82101077,-0.36413145,-2.429322,0.97705626,0.0023630932,0.010137947,0.6126759,0.022890236,0.039913774,0.06302937,0.007991753,0.24099796,2,,,,1.6328022,-3.621104,-2.187434,1.8137255,-1.297941,-1.0067403,-0.27418292,-2.304351,0.8365156,0.002946607,0.0117435455,0.591449,0.02966791,0.035920475,0.07594196,0.010992259,0.24133818,2,,,,0.039119404,Test
1838,0,-1.7303137,-1.1224889,2.645962,-2.3615804,0.38623637,-2.3129628,-4.1562605,-0.86037534,0.010610574,0.019485604,0.84397817,0.0056439494,0.088093705,0.0059251254,0.0009379153,0.025324928,2,,,,0.9253213,-2.0199835,-1.2849523,2.8516386,-2.3197362,0.3996857,-2.2148612,-4.019595,-0.7517325,0.008150442,0.017874254,0.85905045,0.0059621083,0.07550599,0.0068920082,0.0017102653,0.024854457,2,,,,0.012443724,Test
1839,0,-1.6714213,-1.6579742,2.0329144,-2.1361163,-0.054370522,-2.2799637,-2.9313772,0.14604542,0.018087378,0.018332241,0.73476446,0.011364782,0.091127984,0.009842127,0.0051307837,0.1113503,2,,,,1.3827965,-1.4705942,-1.6438961,1.8463072,-1.9366884,-0.15214421,-2.0184321,-2.803761,-0.20022774,0.028357714,0.022353094,0.70639163,0.016541246,0.09848569,0.016469982,0.00759695,0.10380366,2,,,,0.026052792,Test
1840,0,5.882169,0.69476104,-1.5354744,-1.3293136,-2.913345,-5.508481,-3.8559573,-10.775562,0.9929039,0.005546829,0.0005963013,0.0007328248,0.00015033635,1.1220464e-05,5.8572383e-05,5.7882456e-08,0,,,,0.06870751,5.7815485,0.8070036,-1.3500773,-1.4091823,-2.5509171,-5.1647143,-4.0330358,-10.387777,0.98275775,0.012795119,0.0022191447,0.0014986189,0.00056030566,7.874207e-05,8.967404e-05,6.6329096e-07,0,,,,0.0040054875,Test
1841,0,2.35409,2.0712821,-0.2606579,-2.8942485,-1.8486893,-2.1404352,-4.7413297,-8.509496,0.53790075,0.40539676,0.039366927,0.002827337,0.0080437455,0.006008344,0.000445862,1.029691e-05,0,,,,1.32236,2.3122087,2.040153,-0.28409043,-3.104081,-1.9253584,-1.880647,-5.3271494,-8.732871,0.5283319,0.4033679,0.045111828,0.002711594,0.009179781,0.010954196,0.00032619748,1.6711867e-05,0,,,,0.04230334,Test
1842,0,-6.070196,-2.0996313,8.431938,-3.1876285,1.0433667,1.8960239,-10.218554,-11.132792,5.0221524e-07,2.6624675e-05,0.99789953,8.969599e-06,0.0006169797,0.0014473557,7.930145e-09,3.1785703e-09,2,,,,0.023823405,-5.7998953,-2.406111,8.764504,-3.6443946,0.8099952,1.6537002,-10.366283,-11.362082,1.8186104e-06,4.0549978e-05,0.9983574,1.11257295e-05,0.00059174385,0.0009973147,2.1250196e-08,3.7538426e-09,2,,,,0.00027279122,Test
1843,0,-1.7636639,1.2428402,4.416339,-3.399375,-1.3836372,0.9551464,-9.035776,-13.003721,0.0019192753,0.03880122,0.926997,0.00037390128,0.0028066004,0.02910057,1.3332113e-06,2.5214057e-08,2,,,,0.47716162,-1.9326775,1.1967537,4.6667113,-3.5339074,-1.3069774,1.0745261,-9.028458,-13.237543,0.0031649396,0.040189974,0.9047488,0.00044779,0.0029706305,0.04847517,2.5840332e-06,4.4328193e-08,2,,,,0.028626,Test
1844,1,-4.182266,-2.019054,2.5884929,-1.6723535,-0.6422243,0.98338455,-3.5085707,-1.7512933,0.0008953131,0.007788362,0.78068936,0.011015806,0.030859977,0.15681535,0.0017561322,0.010179657,2,,,,1.0715647,-4.0328126,-2.0761251,2.4646425,-1.5869852,-0.7723657,0.82242346,-3.2932868,-1.5568022,0.0014101203,0.008579439,0.76750004,0.013808432,0.031874966,0.15925257,0.002530093,0.015044389,2,,,,0.018344799,Test
1845,0,0.7060449,2.2853725,1.4580035,-3.1628454,-1.9592044,-0.28172323,-6.716048,-10.693222,0.118535064,0.57509565,0.2514307,0.0024751932,0.008247906,0.04414328,7.0871734e-05,1.3280304e-06,1,,,,1.6027188,0.9589391,2.3407302,1.3921204,-2.9214578,-2.0461307,-0.13498905,-6.207101,-10.716995,0.16462447,0.5359178,0.23454301,0.0032680673,0.0071071414,0.054395355,0.00013705062,7.116732e-06,1,,,,0.051521905,Test
1846,0,-2.4230824,1.0504769,4.62568,-3.1727145,-0.82491934,0.6485864,-8.185562,-10.899809,0.0008252991,0.026616996,0.95027643,0.00038998722,0.0040802313,0.017808203,2.5941686e-06,1.7187624e-07,2,,,,0.3579651,-2.2255912,0.9903232,4.322266,-3.2410438,-0.9335251,0.48998362,-7.9569693,-10.907872,0.0046352176,0.062095016,0.8934363,0.00065343676,0.007294698,0.031874202,1.0025253e-05,1.0172973e-06,2,,,,0.027301336,Test
1847,0,14.26138,-2.7403913,-4.8042703,2.494326,-6.9679008,-11.775272,-3.857638,-18.471584,0.99999225,4.1325766e-08,5.246741e-09,7.755864e-06,6.0288885e-10,4.9251844e-12,1.3520939e-08,6.0848683e-15,0,,,,0.00014454658,13.674339,-2.2971091,-4.5253,2.4108882,-6.4449396,-11.21937,-3.508639,-17.730494,0.9999669,2.5637186e-07,1.1320869e-07,3.2326505e-05,1.187023e-08,6.149445e-11,3.65486e-07,1.996712e-12,0,,,,1.2010287e-05,Test
1848,0,-0.70115775,0.46908504,1.7371128,-2.782268,-1.0214334,-0.8022383,-4.9249964,-5.3717294,0.057291485,0.18463755,0.65617174,0.007149497,0.041590694,0.0517835,0.0008388806,0.00053664454,2,,,,1.562571,-0.8728064,0.21751738,1.911773,-2.8194795,-0.8882741,-1.0376102,-4.7784758,-4.8656425,0.047835823,0.14200208,0.7107271,0.0069143465,0.04701011,0.043304298,0.0013047383,0.0009015485,2,,,,0.027437126,Test
1849,1,-1.5452423,1.8183217,4.977623,-3.5930758,-0.8661692,-0.46363622,-9.4354725,-12.905898,0.0013976858,0.040381912,0.95116085,0.0001803212,0.0027563055,0.0041223518,5.232704e-07,1.6275676e-08,2,,,,0.32728833,-0.98021334,1.9465328,4.8983407,-3.4621701,-0.60197073,-0.18695405,-9.62183,-13.345648,0.0046098963,0.07549733,0.90667516,0.00040118335,0.005887555,0.0069279596,9.486836e-07,5.5736486e-08,2,,,,0.0192805,Test
1850,0,-3.5707867,-1.4350706,2.9403048,-1.8690612,-0.61672914,0.7032387,-4.247033,-3.2528846,0.0012814221,0.010844809,0.8618332,0.0070265476,0.024582326,0.09201906,0.00065163145,0.0017609829,2,,,,0.789389,-3.639316,-1.5097169,3.1471145,-1.7560257,-0.6480873,0.6702739,-4.179861,-3.3957596,0.0012147168,0.009266833,0.8772265,0.007694875,0.020722622,0.081303135,0.000800993,0.0017703443,2,,,,0.011923955,Test
1851,0,-2.1124842,1.2142727,4.6322985,-3.2111177,-0.8850364,0.5702927,-8.3480835,-11.96624,0.0011150315,0.03105126,0.9473467,0.0003716692,0.0038050541,0.016308054,2.1837388e-06,5.8594352e-08,2,,,,0.37210923,-2.3648381,1.2138424,4.9142747,-3.3236122,-0.6510648,0.9265375,-8.861892,-12.624357,0.0014605143,0.057369668,0.9147974,0.00030117846,0.004786876,0.021282109,2.1868202e-06,3.8834983e-08,2,,,,0.033468448,Test
1852,1,2.598538,3.158806,0.21965931,-3.166436,-2.375378,-2.791002,-5.4046755,-10.257225,0.34980333,0.6125553,0.032410827,0.0010968004,0.0024192445,0.0015965279,0.000116969495,9.133498e-07,1,,,,1.1717553,2.9375567,3.4872475,-0.07289128,-3.2753468,-2.7819254,-2.8198693,-6.034191,-11.307266,0.36433718,0.61087257,0.020753656,0.00082131394,0.0016316066,0.0015219122,6.135399e-05,4.0483013e-07,1,,,,0.03430486,Test
1853,0,6.0966473,1.0344781,-1.1177493,-1.0316597,-3.3786206,-5.1474857,-4.3612323,-13.719809,0.99207497,0.0062816306,0.0007300824,0.00079571974,7.6118136e-05,1.29801465e-05,2.8493441e-05,2.4567846e-09,0,,,,0.074817784,6.5580087,0.40781355,-1.3864053,-1.0210525,-3.2428794,-5.2037683,-4.596946,-14.035718,0.9946952,0.0039713713,0.00053938443,0.00067796104,6.690507e-05,2.4336889e-05,2.492466e-05,2.8370521e-09,0,,,,0.0012959081,Test
1854,0,10.674036,0.094331086,-3.7694077,0.46114436,-5.5382657,-8.959338,-3.6799216,-15.289987,0.9999367,2.542523e-05,5.3366017e-07,3.669189e-05,9.1003805e-08,2.9737663e-09,5.8361667e-07,5.295907e-12,0,,,,0.0010456105,10.619822,1.2041577,-4.0095463,0.3672582,-5.4880233,-8.98682,-4.251033,-14.779492,0.9995307,0.00039262738,1.4041061e-06,7.414665e-05,3.0416413e-07,4.993159e-08,7.8407686e-07,5.6077292e-11,0,,,,0.00018475718,Test
1855,0,0.4063258,2.8023293,2.7860646,-3.5893507,-1.7204715,-1.303984,-8.306362,-12.100582,0.04329026,0.4752929,0.46762493,0.0007963245,0.005161,0.007827302,7.1206236e-06,1.6021724e-07,1,,,,1.3212321,0.39329538,2.1817992,2.6243289,-3.5668378,-1.5935386,-1.2774105,-8.296606,-11.657829,0.07477339,0.35983244,0.5399854,0.0016328625,0.009674495,0.01408001,1.9802403e-05,1.596801e-06,2,,,,0.048306234,Test
1856,0,-4.1146207,-1.6670587,4.474738,-2.575366,0.5235562,0.782858,-6.096638,-4.242683,0.00017762887,0.002053413,0.95460767,0.00082794897,0.018358976,0.023793686,2.4475654e-05,0.00015627779,2,,,,0.32956,-4.354234,-1.9360216,4.380062,-2.5464687,0.33655933,0.79638946,-6.1605563,-3.8241234,0.00053100684,0.0035334597,0.9386252,0.002213823,0.020578392,0.0339865,0.00012657016,0.000405003,2,,,,0.010570608,Test
1857,0,-2.3373756,1.0903708,5.108117,-3.2365942,-1.1744962,1.1179138,-8.977984,-12.7614975,0.000562047,0.017315058,0.96229684,0.00022868991,0.0017980626,0.017798597,7.341637e-07,1.6696847e-08,2,,,,0.28337428,-1.8694324,0.8989974,5.3024893,-2.8134332,-0.7564172,1.3128228,-9.120646,-13.044177,0.0012310357,0.019816667,0.95162475,0.0006110844,0.0025815943,0.024130996,3.854203e-06,3.2991387e-08,2,,,,0.009511629,Test
1858,0,-2.6272678,-1.1070241,1.6824237,-1.9313691,-0.7957988,1.1062832,-3.3910656,-2.2848103,0.00757914,0.03466198,0.5640208,0.015200042,0.04731696,0.3170155,0.0035310735,0.010674492,2,,,,1.6116576,-2.5562253,-1.1450497,1.6827387,-1.8427824,-0.8221384,1.2249228,-3.1153817,-2.2068784,0.00871834,0.035246886,0.53400373,0.015931966,0.045705985,0.34151685,0.005214875,0.013661358,2,,,,0.021410149,Test
1859,0,1.5987351,4.4748216,0.98538536,-3.642103,-2.5944812,-1.3338275,-7.328858,-12.829194,0.051652856,0.9165641,0.027971772,0.00027354414,0.00077983685,0.002751051,6.8531463e-06,2.7997814e-08,1,,,,0.5151598,1.8237493,4.7769523,0.6324912,-3.3037047,-2.6073775,-1.6301285,-6.844031,-12.685365,0.06853216,0.90899,0.018113488,0.00047391496,0.0008551989,0.0030208603,1.4010622e-05,3.0887935e-07,1,,,,0.013179379,Test
1860,0,-2.0522633,0.02735321,4.776912,-3.2883306,0.5083156,-0.9133251,-7.759895,-8.787632,0.0010528627,0.008424375,0.97329605,0.00030588242,0.0136275245,0.003288565,3.4960597e-06,1.2509446e-06,2,,,,0.22171363,-1.8209829,-0.46152815,4.531003,-2.9112403,0.352652,-0.8045556,-7.3251595,-8.527698,0.0026490912,0.010503091,0.9622329,0.0008367415,0.017355416,0.0064015947,1.5795089e-05,5.402293e-06,2,,,,0.005651708,Test
1861,0,-3.5158553,0.014920643,5.2209444,-2.807799,-0.16410737,1.3059242,-8.079989,-9.885787,0.00015581517,0.005321157,0.97040594,0.00031631102,0.004448926,0.019350035,1.6234214e-06,2.6679848e-07,2,,,,0.23282641,-3.3809152,0.027796274,4.9497285,-2.673076,-0.5622802,1.283741,-7.459024,-9.577894,0.0005302442,0.012516819,0.949324,0.0010336388,0.004438065,0.032133173,2.2122646e-05,1.8506132e-06,2,,,,0.0075865,Test
1862,0,-3.638634,-0.36745358,5.758366,-2.8474896,-0.15403156,1.2903781,-8.291949,-10.329903,8.161542e-05,0.002149948,0.98364323,0.00018003704,0.0026614347,0.011282753,7.777911e-07,1.01342465e-07,2,,,,0.14158268,-3.3132439,-0.30163494,5.825537,-2.5842419,0.10002631,1.2947229,-7.748796,-10.011999,0.00018200192,0.002997246,0.9722247,0.0004377896,0.0056771385,0.018473571,5.9300705e-06,1.604532e-06,2,,,,0.0072073755,Test
1863,0,-1.2119592,0.7729134,1.8897158,-2.68182,-1.0500679,0.68845993,-5.089401,-7.199,0.025886023,0.18840158,0.57558,0.0059526865,0.030435042,0.17314379,0.00053593726,6.5001994e-05,2,,,,1.6909554,-1.0492506,0.73456585,1.5835118,-2.6682894,-1.3077908,0.9992644,-5.052712,-7.931525,0.040307965,0.19720846,0.45227107,0.006649281,0.02869538,0.27407092,0.000752916,4.4039873e-05,2,,,,0.04936931,Test
1864,0,-3.899003,-0.8310144,4.81986,-2.8910778,-0.27393773,2.0919378,-7.385451,-8.034226,0.00015197985,0.003267356,0.92969376,0.00041641112,0.005703372,0.060760085,4.6520117e-06,2.4315395e-06,2,,,,0.41951856,-3.8125558,-0.76502645,4.6466,-2.9720426,-0.2106599,2.3126347,-7.573489,-7.9366913,0.00042621396,0.00808421,0.87914264,0.00054515456,0.00832664,0.103447534,1.613847e-05,1.138741e-05,2,,,,0.015356065,Test
1865,0,1.1591129,0.8990416,0.69083875,-2.6033006,-1.828982,-0.8567798,-5.465298,-9.523638,0.3838416,0.29594055,0.24031626,0.008915724,0.01933922,0.051128253,0.0005095735,8.80425e-06,0,,,,1.9402744,1.1629552,0.84804994,0.648721,-2.3925335,-1.6998103,-0.53208745,-5.147352,-8.703762,0.37507528,0.28233656,0.23321204,0.011210623,0.026370505,0.07100181,0.00075787015,3.529408e-05,0,,,,0.052644055,Test
1866,0,-3.9338489,-2.2613873,5.1262717,-2.3388278,0.4602164,-2.1493015,-5.2353177,-1.5161574,0.000114746545,0.0006110551,0.9874156,0.0005655207,0.009290904,0.0006835317,3.1226184e-05,0.0012874475,2,,,,0.114896365,-3.8495185,-2.0929866,4.9462767,-2.2360892,0.5257928,-2.1284537,-4.971753,-1.728782,0.00017091588,0.0011994786,0.9817068,0.00092392135,0.012866983,0.0012859814,7.187174e-05,0.0017739795,2,,,,0.0021214793,Test
1867,0,-1.4845632,1.1680472,4.3401914,-3.1546266,-0.29276055,-1.2143178,-7.6390686,-9.110459,0.002788908,0.0395775,0.94426316,0.0005249707,0.009183912,0.0036542679,5.923341e-06,1.3600331e-06,2,,,,0.3837723,-1.2221154,1.331929,3.9819176,-3.2250342,-0.4588154,-1.2951323,-6.9774904,-9.293214,0.0061055766,0.08257024,0.88988304,0.00073339045,0.01520511,0.0054758806,2.2967944e-05,3.8143207e-06,2,,,,0.022600064,Test
1868,0,-5.1329503,-1.4318819,8.865351,-3.225296,0.7252314,0.9588993,-10.935684,-13.164043,8.323603e-07,3.3702705e-05,0.99930036,5.6078306e-06,0.00029139832,0.00036810178,2.513135e-09,2.7067723e-10,2,,,,0.009245994,-6.143828,-2.0719714,9.815001,-3.4081922,0.58685875,1.0537792,-11.876986,-13.238562,4.8918025e-07,2.0789454e-05,0.9996437,4.5221414e-06,0.00013257514,0.00019790232,7.948882e-09,3.6206627e-10,2,,,,6.6703e-05,Test
1869,0,-5.5050125,-2.0864823,6.2093654,-2.6689281,0.36445838,3.0886557,-8.365006,-8.881308,7.805307e-06,0.00023825331,0.9547285,0.00013307174,0.0027635614,0.0421282,4.470034e-07,2.6673726e-07,2,,,,0.2845153,-6.1952486,-1.779389,6.7644424,-3.0008461,0.30791053,3.1054168,-8.785948,-8.704647,7.301558e-06,0.00030951868,0.96699554,0.000113546776,0.0025309795,0.030041818,5.020645e-07,8.958008e-07,2,,,,0.005167135,Test
1870,0,-1.4271991,0.7890573,2.9760098,-2.7951522,-0.68605375,0.41971508,-6.473423,-8.413137,0.00994173,0.09119474,0.81236506,0.0025314386,0.0208611,0.06303279,6.396095e-05,9.1940665e-06,2,,,,1.0154598,-1.215223,0.8975662,3.0031002,-2.679916,-0.8218177,0.46891937,-6.71307,-8.679827,0.017785741,0.11550561,0.7726559,0.0034384548,0.017962502,0.07250842,0.00012882067,1.4538877e-05,2,,,,0.027807377,Test
1871,0,-1.4402424,1.7225821,4.379463,-3.4467146,-1.445362,0.29023233,-8.686668,-13.260882,0.0027152996,0.064182244,0.91471064,0.00036510517,0.0027014334,0.015323334,1.93524e-06,1.996083e-08,2,,,,0.51468635,-1.2035568,1.9408642,4.62439,-3.3425193,-1.1511979,0.6884624,-8.679825,-14.420515,0.0065968633,0.1035219,0.86656034,0.0003300436,0.0035919268,0.019396987,1.8610297e-06,9.236248e-09,2,,,,0.036080062,Test
1872,0,1.44514,2.784359,0.090890825,-2.9337876,-2.4398177,-0.70080453,-5.027939,-9.452539,0.19135788,0.7302335,0.049397323,0.0023993982,0.003932156,0.022380743,0.0002955452,3.5403343e-06,1,,,,1.1805953,1.5130597,2.7165275,0.0031585277,-2.9793663,-2.4513497,-0.46811667,-4.888648,-10.056849,0.22746599,0.67541283,0.055169243,0.0026291653,0.004938599,0.033937823,0.00044349342,2.9231137e-06,1,,,,0.054232944,Test
1873,0,-0.6666847,0.1677506,1.6508421,-2.20044,-0.6336187,-1.067422,-3.6237803,-3.9152303,0.06466623,0.1489595,0.6563971,0.013950061,0.06684023,0.043315124,0.0033606805,0.0025110312,2,,,,1.6556945,-0.5691268,0.34739122,1.4651864,-2.1276913,-0.75947267,-1.3038198,-3.5130363,-4.0043936,0.07926525,0.20178261,0.5911613,0.01678142,0.06526753,0.038617775,0.00431867,0.0028054393,2,,,,0.028276805,Test
1874,0,-3.1317756,-1.0402055,2.8542788,-2.4665844,-0.027111767,0.6056777,-4.570271,-3.2682188,0.0021084296,0.017073262,0.8388215,0.0041006054,0.047021613,0.088534914,0.0005002976,0.001839512,2,,,,0.9034635,-3.1545045,-1.4640279,3.041675,-2.521737,0.10559951,0.57278514,-4.514588,-3.252317,0.0023846668,0.0122657,0.8547374,0.0040482627,0.046385027,0.0776552,0.00073056977,0.0017932013,2,,,,0.014914637,Test
1875,0,-3.2508798,-0.4586203,3.1177974,-2.5108354,-1.1329571,2.0410652,-5.6387744,-6.626289,0.0012347675,0.020148747,0.72022223,0.0025881084,0.010265672,0.24538483,0.000113379814,4.2234136e-05,2,,,,1.0559691,-3.3603473,-0.614464,3.3022647,-2.6867058,-1.3588091,2.1849089,-6.0243545,-7.0344796,0.0012763351,0.017984375,0.72144884,0.0025304686,0.008145858,0.24834542,0.00016361497,0.00010509626,2,,,,0.023870375,Test
1876,0,7.7867794,2.3621173,-2.2934973,-1.6584413,-4.467473,-6.955344,-4.8361864,-13.869222,0.9954846,0.0043866574,4.1708645e-05,7.870951e-05,4.7432973e-06,3.941047e-07,3.2805765e-06,3.9169892e-10,0,,,,0.042690936,7.845745,2.3324606,-2.4442124,-1.6725996,-4.394776,-6.571906,-4.821724,-14.26803,0.99385405,0.005933306,5.5647914e-05,0.00013887644,8.233593e-06,1.2679523e-06,8.701047e-06,1.1504012e-09,0,,,,0.0012596024,Test
1877,0,1.7565993,3.1462746,0.5407575,-2.9500833,-2.048939,-1.5444865,-5.4352536,-10.543953,0.185912,0.7461664,0.05511553,0.0016796591,0.0041360254,0.006849581,0.00013993474,8.457567e-07,1,,,,1.0962144,1.6516476,3.164715,0.3280003,-2.9726427,-2.1271636,-0.8522784,-5.558955,-10.416626,0.17834331,0.7443756,0.04986177,0.0019775094,0.0046832087,0.020599682,0.00015704709,1.8586934e-06,1,,,,0.030606654,Test
1878,0,-4.181497,-1.9059142,0.11033982,-0.46866024,-2.7709255,2.760329,-1.2973961,-3.9380383,0.00084550644,0.008229813,0.061807036,0.034640282,0.003465135,0.8748097,0.015123978,0.0010785734,5,,,,0.78110653,-3.9930744,-2.1107273,0.30921838,-0.6064323,-2.7321477,2.4931388,-1.4431818,-3.7254653,0.0018261157,0.010222371,0.10451235,0.044456076,0.0058030253,0.81297624,0.018029952,0.0021738166,5,,,,0.023610266,Test
1879,0,-0.3517945,2.4884427,2.9525604,-3.6363897,-1.430717,-1.2053711,-7.6829667,-10.08623,0.021666212,0.37092176,0.5899919,0.000811524,0.0073656808,0.0092274025,1.4187162e-05,1.2828363e-06,2,,,,1.2227677,0.046382774,2.9025311,2.864595,-3.4802094,-1.7318184,-1.2671351,-7.640845,-11.04849,0.036983233,0.475173,0.4718751,0.0010251703,0.0052839657,0.009634058,2.3910725e-05,1.5621865e-06,1,,,,0.062421042,Test
1880,0,-1.1364349,1.2088546,4.201663,-3.0466437,-1.5228918,0.1983341,-8.371979,-12.617938,0.004460698,0.04655316,0.9283449,0.0006604041,0.0030308657,0.016946724,3.214002e-06,4.6030898e-08,2,,,,0.4724971,-1.0742327,1.5766432,4.225224,-3.1671722,-1.0014087,-0.20581785,-8.254526,-11.966793,0.012373665,0.11175927,0.85246336,0.0017549753,0.0065268003,0.015088536,3.301287e-05,4.4082154e-07,2,,,,0.040158015,Test
1881,0,-3.290351,-0.8406352,1.1080838,-1.3568774,-1.7594665,1.2350574,-2.3601465,-3.9708986,0.0049796025,0.05768895,0.40495858,0.0344264,0.023017028,0.4597847,0.012623427,0.0025213696,5,,,,1.7130002,-3.1807902,-0.6423318,0.9877726,-1.4109423,-1.8350519,1.2223346,-2.3154721,-4.1734457,0.0065207155,0.07781103,0.37187073,0.03465859,0.022743022,0.4682556,0.015547676,0.0025926628,5,,,,0.027549548,Test
1882,0,-0.23826692,0.74161685,2.0932198,-2.6208267,-1.2436762,-0.9139431,-5.4941278,-7.2065654,0.066976726,0.17843582,0.68940705,0.0061828876,0.024506439,0.03407858,0.00034940775,6.304202e-05,2,,,,1.4223417,0.09055175,0.9872738,1.9419438,-2.6515152,-1.1618721,-1.0314642,-5.4899383,-7.042816,0.10577865,0.23960006,0.5824932,0.006594211,0.029749464,0.035189457,0.00045430107,0.00014077041,2,,,,0.042406835,Test
1883,0,-3.3840833,-1.5074596,1.6213863,-1.9145926,-1.068757,2.2765296,-3.3930619,-3.771908,0.0021728354,0.014191694,0.32424608,0.009445364,0.022006975,0.62430936,0.0021534143,0.0014743371,5,,,,1.2751555,-3.2531896,-1.6052189,1.587425,-1.7064387,-1.0730053,2.1579595,-3.0580409,-3.6777203,0.0036145176,0.014171159,0.3450341,0.014118877,0.023418987,0.5942198,0.0035912103,0.0018313949,5,,,,0.028072916,Test
1884,0,-3.8085148,-2.022795,1.1586735,-1.3352039,-1.495652,1.7604877,-2.3648639,-1.6327527,0.002233295,0.013319085,0.3207515,0.026490578,0.022563668,0.5855085,0.009460539,0.019672865,5,,,,1.5182842,-3.850015,-2.0673153,1.2189739,-1.3368955,-1.4675796,1.6643541,-2.3402658,-1.3723338,0.0025154024,0.014292484,0.34923053,0.028170228,0.025088182,0.5417551,0.01106827,0.027879864,5,,,,0.027032357,Test
1885,0,-1.1019312,1.535846,3.625585,-3.1932693,-1.5108014,0.6531303,-8.161263,-11.778536,0.0074311206,0.103902586,0.83982444,0.0009179049,0.00493724,0.042980134,6.385949e-06,1.7149979e-07,2,,,,0.8458167,-0.90357894,1.7165865,3.6742053,-3.1041942,-1.5942131,0.83519924,-8.104153,-11.981978,0.012325033,0.13487825,0.7754216,0.0014110828,0.006133302,0.06981333,1.6655682e-05,6.993042e-07,2,,,,0.035076544,Test
1886,0,0.9865186,1.2152243,0.7482521,-2.5168746,-1.4019217,-1.5573703,-4.525279,-6.7433853,0.3077045,0.38677594,0.2424689,0.009260396,0.028238874,0.024173358,0.0012427694,0.00013523192,1,,,,1.9003309,0.8373331,0.91631067,0.49644437,-2.6192708,-1.2108562,-1.4571813,-4.540294,-6.6576805,0.3242027,0.33756962,0.24071045,0.011228493,0.046868086,0.03746458,0.0016678659,0.00028827132,1,,,,0.0516725,Test
1887,0,-4.334076,-0.24939169,7.3138456,-3.6614168,0.14765602,1.2812358,-10.659135,-12.732704,8.704842e-06,0.00051726936,0.9962973,1.705662e-05,0.0007694002,0.0023903402,1.558916e-08,1.9601198e-09,2,,,,0.040170945,-4.008104,-0.13380755,7.4868193,-3.564881,0.71047115,1.3152877,-10.878472,-13.388258,6.900313e-05,0.0015083505,0.9929301,3.195764e-05,0.0020095618,0.003450976,7.252065e-08,5.012943e-09,2,,,,0.0018521369,Test
1888,0,-1.554535,-0.739801,1.6122146,-2.1152904,-0.49048042,0.36543936,-3.691739,-3.756661,0.026661685,0.060217414,0.63268775,0.015217895,0.07726817,0.18185358,0.0031456586,0.002947925,2,,,,1.676815,-1.8030297,-0.6238051,1.7556574,-2.0208642,-0.5069003,0.5771973,-3.841755,-3.7779891,0.02467093,0.06495272,0.62326884,0.016303008,0.06581376,0.19880542,0.0032469123,0.0029384487,2,,,,0.03233187,Test
1889,0,-3.2683039,-0.6167568,4.9363313,-2.605624,-0.4651973,1.528691,-7.668394,-10.17118,0.00026228558,0.003718149,0.95940584,0.00050883024,0.0043266164,0.03177481,3.2198816e-06,2.6356847e-07,2,,,,0.28820702,-3.5212047,-1.001474,5.246655,-2.61022,-0.33257514,1.6036212,-8.123712,-10.192758,0.0002752644,0.003495921,0.96255714,0.000527887,0.00449979,0.028640961,2.7371698e-06,2.7715072e-07,2,,,,0.0047158115,Test
1890,0,0.98067224,3.3209994,1.9877725,-3.5771382,-2.0965621,-1.2879113,-7.517817,-12.591995,0.07001565,0.7270869,0.19167843,0.00073411356,0.003226779,0.007243724,1.4267507e-05,8.926077e-08,1,,,,1.1457981,1.1331091,3.35293,1.8273948,-3.7253017,-2.2803526,-1.3895305,-7.7353144,-12.43966,0.08905955,0.6667689,0.23045388,0.00069766596,0.0026530256,0.010352999,1.3513325e-05,4.359361e-07,1,,,,0.06776366,Test
1891,0,-0.6906447,1.399731,4.807148,-3.3369672,-0.9206492,-0.9328081,-9.118858,-12.583275,0.0039232457,0.03173103,0.9578699,0.0002782032,0.003117137,0.0030794656,8.5766726e-07,2.6837487e-08,2,,,,0.30374742,-1.2267336,0.54076594,5.0172153,-3.106181,-0.3689822,-0.56722844,-9.37686,-11.509875,0.003640803,0.021725321,0.9604093,0.0004966528,0.0071356953,0.0065901354,1.8413681e-06,2.3089595e-07,2,,,,0.009186976,Test
1892,0,-1.2736586,1.4414167,4.5763717,-3.5491145,-0.5904424,-0.7006641,-8.42237,-11.016348,0.0027232515,0.04113676,0.9456353,0.0002798142,0.0053926837,0.0048298785,2.1401397e-06,1.5991581e-07,2,,,,0.36997285,-1.3804247,1.2517053,4.352839,-3.5317237,-0.8653382,-0.688511,-8.711074,-10.977346,0.0072716353,0.059969198,0.9144052,0.0010177311,0.0070797624,0.010248866,6.5294844e-06,1.0730542e-06,2,,,,0.016182754,Test
1893,0,-2.5822678,0.23142359,5.418287,-2.908839,-0.8306828,1.0022883,-8.4305315,-12.176831,0.0003286436,0.005478932,0.9802167,0.00023708136,0.0018942142,0.011843453,9.481061e-07,2.2379975e-08,2,,,,0.16901854,-2.447528,0.28350836,5.612057,-3.1533768,-0.55877364,0.86824846,-8.520751,-12.187174,0.00055007904,0.0061004697,0.9797123,0.00029078592,0.0024029806,0.010940349,2.9138826e-06,1.8653436e-07,2,,,,0.0029643348,Test
1894,0,-1.0599816,0.88597107,4.0292797,-3.0223413,-0.47059435,-1.0217139,-7.685177,-9.828404,0.0057718684,0.04040479,0.9366006,0.00081109995,0.010406003,0.005997025,7.656505e-06,8.979222e-07,2,,,,0.43975645,-0.9436177,1.3195418,3.9851062,-2.8112144,-0.6244119,-0.92588603,-7.4021454,-9.803186,0.008740072,0.07409074,0.89529926,0.0015109755,0.010031209,0.0103012845,2.5200914e-05,1.2220733e-06,2,,,,0.016060667,Test
1895,0,-1.253697,0.120153576,2.6290727,-2.8807762,-0.31324238,-1.1616913,-5.699157,-5.159417,0.017423142,0.068830706,0.8460419,0.0034236948,0.044623196,0.019102229,0.00020440316,0.00035066606,2,,,,0.9154363,-0.93034065,0.37861067,2.5309043,-2.8382647,-0.5796112,-1.0761263,-5.5452876,-5.756524,0.03552217,0.10382255,0.7885488,0.0046419045,0.039561186,0.027212596,0.00037441656,0.00031632907,2,,,,0.027057782,Test
1896,1,-1.7917964,0.34540585,1.9464346,-2.5979612,-0.89560944,1.2909651,-4.835311,-6.0793495,0.013110271,0.11111862,0.55094063,0.00585462,0.032123342,0.2860474,0.00062492833,0.00018011541,2,,,,1.6361926,-1.9472097,0.2981678,2.1485455,-2.6098762,-0.78462976,1.428562,-5.0041876,-6.197093,0.009662003,0.09400795,0.56257474,0.005304903,0.031775005,0.29599264,0.0005352607,0.00014747637,2,,,,0.042499132,Test
1897,0,2.8949256,-2.3216128,0.04889533,0.464276,-2.119303,-3.6570556,-2.749534,-5.036892,0.85951537,0.0046637985,0.049915846,0.075619884,0.005709548,0.0012267737,0.0030401563,0.00030868038,0,,,,0.8048192,3.071337,-2.3962235,0.15977895,0.7276015,-2.185491,-3.6801987,-2.7709522,-5.14724,0.8500454,0.0041115247,0.052324355,0.08404253,0.005265176,0.0012759686,0.0025896025,0.00034543802,0,,,,0.012965241,Test
1898,0,-0.51959795,2.3766634,3.4615495,-3.4373698,-1.4588883,-0.98570305,-7.7263417,-10.911891,0.013557855,0.24548297,0.7264093,0.00073285645,0.005299836,0.008506758,1.0054074e-05,4.157913e-07,2,,,,1.0229027,-1.1542776,2.2125502,3.6193404,-3.6044765,-1.139078,-1.0578152,-7.827506,-10.375338,0.014868813,0.21617016,0.7478556,0.00082364614,0.007875367,0.012378721,2.1926608e-05,5.7851507e-06,2,,,,0.03813497,Test
1899,0,-4.1128297,-1.133769,3.4633365,-2.4374967,-0.776468,3.0402248,-5.997921,-6.628527,0.00030455334,0.0059903604,0.59422445,0.0016264896,0.008563019,0.38922027,4.6235804e-05,2.4609899e-05,2,,,,1.0987803,-3.7180219,-1.14908,3.1671674,-2.3223715,-0.9553547,3.2499077,-5.817843,-6.575567,0.0005381317,0.0069467225,0.46876556,0.002923974,0.00854334,0.51215553,9.371755e-05,3.3011245e-05,5,,,,0.04763645,Test
1900,0,-4.3529344,-0.19425064,8.747369,-3.8463051,0.2396932,0.70250595,-11.924743,-15.118067,2.043263e-06,0.00013074277,0.9993414,3.3911804e-06,0.00020177971,0.00032053422,1.0517922e-09,4.3160503e-11,2,,,,0.008934047,-3.7836747,0.41712135,8.873387,-4.14843,0.26166007,1.1349559,-11.962749,-15.651965,5.4456045e-06,0.0005912059,0.9986409,3.8648964e-06,0.0002409027,0.0005176468,1.466105e-09,9.323945e-11,2,,,,0.0003797562,Test
1901,0,-4.296539,-0.53434324,6.4430532,-2.8723264,-0.15703604,1.8779435,-8.908445,-11.395622,2.1395632e-05,0.000920928,0.98734856,8.888988e-05,0.0013430378,0.0102770515,2.125198e-07,1.7669805e-08,2,,,,0.109643936,-4.2429914,-0.6732682,6.695237,-2.901977,-0.05002134,1.6456254,-8.966794,-10.389978,2.6756888e-05,0.0010703073,0.986441,9.650064e-05,0.0014515051,0.010913278,4.4801214e-07,1.1297234e-07,2,,,,0.004201328,Test
1902,0,-4.407313,-1.3840153,3.3588781,-1.9691843,-0.8037255,2.4701514,-5.064855,-5.670325,0.0002941028,0.0060464535,0.69392586,0.0033679444,0.010802329,0.28532773,0.00015238156,8.317252e-05,2,,,,1.0313472,-3.979898,-1.0634217,3.083283,-1.6835521,-0.6467308,2.306821,-4.666997,-5.1697054,0.0010321593,0.015001273,0.6451534,0.0075076222,0.019130638,0.31128657,0.0005762737,0.00031207953,2,,,,0.038747635,Test
1903,0,5.222919,5.029918,-0.50860727,-3.2650692,-3.7763884,-4.026254,-7.4298463,-16.13084,0.5470004,0.4509916,0.0017734435,0.000112642185,6.755197e-05,5.2616604e-05,1.7496917e-06,2.9118408e-10,0,,,,1.0136157,4.728787,4.943582,-0.8616374,-3.0277667,-3.7092228,-3.4289577,-7.391444,-16.061237,0.44517764,0.5521166,0.002172713,0.0002589824,0.00010798584,0.00016158483,4.456566e-06,2.3914957e-09,1,,,,0.049610075,Test
1904,0,-1.8934822,-1.257674,1.4354094,-2.0802083,-0.8560776,-0.6757937,-2.9602797,-1.3983208,0.025118219,0.04743697,0.7009841,0.020839859,0.0708807,0.0848837,0.008643402,0.04121305,2,,,,1.6393515,-1.9225944,-1.230559,1.4346853,-2.1472344,-0.93727237,-0.5727863,-3.1050966,-1.4904826,0.024947485,0.049345274,0.68974704,0.020432983,0.066515006,0.10297908,0.007630337,0.03840277,2,,,,0.021640312,Test
1905,0,-0.6655471,0.74743944,2.5588098,-2.340767,-1.1854931,-0.44717556,-5.2435822,-8.7359085,0.03097695,0.12725969,0.77868,0.0058009606,0.01841743,0.03853685,0.0003182902,9.685575e-06,2,,,,1.1489146,-0.19289011,0.9206645,2.5787845,-2.5331957,-1.4518869,-0.8313786,-5.0657063,-9.306975,0.058921993,0.16342708,0.72634643,0.0061128912,0.013442861,0.031271193,0.00046900279,8.517903e-06,2,,,,0.040778775,Test
1906,0,-4.183201,-1.8878409,3.0514278,-2.1429942,-0.15146878,1.2991034,-4.5957203,-2.7663045,0.0005858948,0.0058167703,0.812417,0.0045068203,0.03302012,0.14084911,0.00038785086,0.0024164063,2,,,,0.9142626,-4.2715263,-1.8794842,3.141498,-2.1748013,-0.061288346,1.4253635,-4.751771,-2.736342,0.00062079926,0.0062602526,0.79550445,0.0047883512,0.035087407,0.1543338,0.00039908002,0.0030059025,2,,,,0.018824745,Test
1907,0,4.7148294,-3.0765429,-0.48625886,0.65666753,-2.6612735,-5.9556346,-2.808078,-5.913948,0.97616345,0.00040343404,0.00537921,0.016868845,0.0006111133,2.2667264e-05,0.00052767363,2.3632145e-05,0,,,,0.19140686,5.265817,-2.9065454,-0.51835716,0.65195096,-2.8194895,-6.0257344,-2.8854117,-6.079798,0.98172843,0.0004315597,0.004196932,0.012743378,0.00039822055,2.1697271e-05,0.0004487547,3.1081407e-05,0,,,,0.003536923,Test
1908,0,-2.9366555,-1.0633746,1.3983805,-1.5790589,-1.0977478,0.42979223,-2.5937517,-1.8934044,0.007859365,0.051161475,0.5998875,0.030548107,0.04943278,0.22772844,0.01107411,0.022308268,2,,,,1.7652743,-3.0812385,-1.179808,1.5339935,-1.658933,-1.0429552,0.42168713,-2.6827097,-2.0522618,0.0068314746,0.042839963,0.6248952,0.027635464,0.048025265,0.22110994,0.01037812,0.018284556,2,,,,0.029744135,Test
1909,0,0.25749335,1.6933208,1.6529138,-3.2682257,-1.6095167,-0.916919,-6.2912297,-9.11531,0.102729246,0.43178347,0.4146842,0.0030233872,0.01588042,0.03174339,0.00014710242,8.732481e-06,1,,,,1.6672742,0.49526793,1.9361464,1.4607947,-3.2287323,-1.4980109,-1.0348155,-6.3894205,-8.890665,0.119081035,0.49736643,0.33580112,0.0031004217,0.016882539,0.027594319,0.00014930606,2.4747525e-05,1,,,,0.063447095,Test
1910,0,-0.93416077,1.1906327,1.9138942,-2.8608003,-1.007127,0.74713194,-5.7244515,-7.887893,0.030227566,0.25304002,0.5215521,0.0044022454,0.028100515,0.16239749,0.00025119228,2.8869252e-05,2,,,,1.7526329,-0.9974526,1.0047835,1.9707359,-2.8184502,-1.0186812,0.35281307,-5.2631283,-7.082535,0.04449097,0.23537941,0.56549037,0.0060157953,0.029576546,0.11830872,0.00065744796,8.068358e-05,2,,,,0.05126488,Test
1911,0,-5.9797378,-1.4640222,9.568401,-3.3114796,0.7294657,1.3649049,-11.316201,-13.638196,1.767416e-07,1.6161794e-05,0.99956256,2.547703e-06,0.00014491353,0.00027357507,8.50634e-10,8.3428264e-11,2,,,,0.0060254363,-6.187893,-2.1418586,9.225136,-3.0513587,0.37711802,0.76061946,-11.136783,-13.168375,1.8335304e-06,6.367119e-05,0.99916303,1.0403114e-05,0.000263138,0.0004978884,4.186436e-09,3.1710617e-10,2,,,,0.0002631984,Test
1912,0,-3.3591099,-1.054235,2.3968015,-2.273989,-0.6832589,1.4533439,-4.129042,-3.495719,0.0021325173,0.02137406,0.6739894,0.006311818,0.03097418,0.2623703,0.0009874502,0.0018602185,2,,,,1.2557249,-3.6664784,-1.2114173,2.5724483,-2.550933,-0.6660558,1.5554101,-4.436209,-3.6260304,0.0015505735,0.017722603,0.69212073,0.004366641,0.02883407,0.2524078,0.0007454108,0.002252176,2,,,,0.013113982,Test
1913,0,8.735603,-1.2247039,-3.0885508,1.1012716,-4.438017,-7.2332683,-2.1484811,-11.69958,0.9994413,4.7211837e-05,7.3213723e-06,0.00048329151,1.8990078e-06,1.16028396e-07,1.8743875e-05,1.3331206e-09,0,,,,0.00726547,8.50202,-1.2729175,-3.0176678,0.84407246,-4.3680553,-7.3213577,-2.1169443,-11.35001,0.9990174,0.00011979633,3.0446452e-05,0.00078544754,6.771089e-06,6.907754e-07,3.9368017e-05,2.1212127e-08,0,,,,0.00023321668,Test
1914,0,-4.8434205,-1.5800593,6.901731,-2.3365202,0.05357741,1.00226,-7.9228053,-9.539839,7.895179e-06,0.00020635816,0.99590176,9.684901e-05,0.0010570637,0.0027296606,3.630799e-07,7.206647e-08,2,,,,0.043559935,-4.9518466,-1.2868993,6.886215,-2.6560369,0.034223177,0.86876315,-8.082334,-9.023058,1.2932248e-05,0.00038045677,0.99560815,0.00010928904,0.001164045,0.0027236498,1.0638732e-06,3.2437995e-07,2,,,,0.0005255741,Test
1915,0,-0.8045749,1.217058,4.3746033,-3.0408416,-1.1505928,-0.1435235,-8.579803,-12.852019,0.005295513,0.03998454,0.9401488,0.000565861,0.003746575,0.010256494,2.2241763e-06,3.1029092e-08,2,,,,0.4135669,-0.6439225,0.7531558,4.353144,-2.8832135,-1.2808257,-0.9037153,-8.205582,-11.731565,0.011766864,0.051541228,0.92371035,0.001115053,0.0040240865,0.007821269,2.0875374e-05,2.3116547e-07,2,,,,0.021731269,Test
1916,0,-4.0248446,-3.191922,5.4562526,-2.2098987,1.5835258,-1.406376,-5.8645306,-2.535828,7.4571166e-05,0.00017151605,0.9775954,0.00045792258,0.020335518,0.0010227216,1.1846915e-05,0.00033055415,2,,,,0.16866365,-3.8762333,-3.0534987,5.5456257,-2.3314786,1.8094215,-1.1933892,-6.1812086,-2.422793,9.844707e-05,0.00020770523,0.97042334,0.00048193996,0.026878243,0.0014760604,1.1136821e-05,0.00042309472,2,,,,0.0041375193,Test
1917,0,4.822868,1.11995,-1.3362384,-1.1253256,-3.1164007,-3.5082467,-3.8363593,-10.141773,0.97073495,0.023930067,0.0020522713,0.002534154,0.00034603506,0.0002338533,0.0001684403,3.0763758e-07,0,,,,0.21955723,4.7058167,1.2116482,-1.4260856,-1.1602657,-3.2104805,-3.4811954,-3.9516613,-10.237806,0.95257425,0.04046766,0.0024525707,0.0033545047,0.00046539982,0.00045656288,0.00022833441,6.83188e-07,0,,,,0.007935353,Test
1918,0,-2.4088256,1.111013,4.4996624,-3.2279382,-0.5470762,0.8485561,-8.172743,-10.732394,0.00093600294,0.031617224,0.9366892,0.0004126114,0.0060231653,0.02431869,2.9379191e-06,2.2719428e-07,2,,,,0.43486646,-2.4770532,0.963748,4.2628474,-2.8035018,-0.44795728,1.1574051,-7.8286257,-9.90923,0.0025321816,0.052246086,0.88798964,0.0018437101,0.011876276,0.043471657,3.5183653e-05,5.2064784e-06,2,,,,0.023425654,Test
1919,0,-3.8732975,-1.8877252,1.4237125,-1.1076148,-1.4826934,0.63887846,-2.298312,-1.3140112,0.002909438,0.02119006,0.5811273,0.046230633,0.031771317,0.2651076,0.014054539,0.037609097,2,,,,1.7327802,-4.3021107,-2.09193,1.5117633,-1.2523512,-1.4648255,0.7693253,-2.454808,-1.3032281,0.0020075655,0.01713751,0.5726512,0.03888323,0.030409154,0.28499013,0.01215626,0.041764945,2,,,,0.032366857,Test
1920,0,-4.683003,-2.1677203,4.1118736,-2.9203384,0.30153698,3.1891935,-6.7906914,-6.0701966,0.000106503496,0.0013174587,0.70295906,0.0006206961,0.015564024,0.27939275,1.2942143e-05,2.660194e-05,2,,,,0.9861363,-4.610599,-2.1404436,3.9842887,-2.6286056,0.32052657,3.0293007,-6.2692122,-5.8999877,0.00020902879,0.00207746,0.6919183,0.001342111,0.02687934,0.27744237,4.1145868e-05,9.022364e-05,2,,,,0.026831707,Test
1921,0,-1.1581255,-1.0353009,1.9999511,-2.6848154,0.20883727,-1.8885683,-4.331423,-2.12161,0.032571394,0.036828026,0.7662521,0.0070762527,0.12779117,0.015689503,0.001363612,0.012427978,2,,,,1.2461908,-1.2015622,-1.1269027,2.1231627,-2.659811,0.21663818,-2.0786338,-4.3446655,-1.7681013,0.030240227,0.03322445,0.77744657,0.0070596472,0.11895605,0.013738555,0.0014154322,0.017919054,2,,,,0.016888648,Test
1922,0,-4.686387,-0.7546872,7.1712384,-3.0283067,-0.048203036,1.7707074,-9.473608,-11.864434,7.04451e-06,0.00035922494,0.9943798,3.697824e-05,0.0007280961,0.0044888137,5.8720204e-08,5.376065e-09,2,,,,0.055462133,-4.7504463,-0.55649793,7.174136,-3.2863743,-0.19550386,1.5700969,-9.382856,-11.599667,4.7302612e-05,0.000864048,0.9900463,0.000120229226,0.0008747408,0.008046964,3.383158e-07,3.4691777e-08,2,,,,0.0027627873,Test
1923,0,-1.6251047,0.23104402,2.545797,-2.380355,-0.96475804,-0.16609646,-5.205863,-6.045696,0.012671092,0.08108288,0.8207552,0.0059540556,0.024524426,0.05450712,0.00035294768,0.00015239678,2,,,,1.0176121,-1.4188708,0.3724443,2.5410542,-2.3911996,-1.1167004,-0.14193347,-5.255423,-6.4698067,0.019382315,0.11451743,0.77497274,0.006627295,0.021515395,0.062372494,0.00049858436,0.000113787864,2,,,,0.033222027,Test
1924,0,6.763927,1.9743762,-2.4282944,-1.4288791,-3.7638993,-5.6479225,-3.8536887,-11.988493,0.9913258,0.008244056,0.00010094511,0.00027423687,2.6548472e-05,4.034767e-06,2.4268587e-05,7.114489e-09,0,,,,0.074961446,6.601804,1.8867891,-2.3152792,-1.3151743,-3.544286,-5.722341,-3.6317253,-11.905611,0.98156154,0.017067548,0.00040974532,0.0007999815,8.0278434e-05,1.0136949e-05,7.0629685e-05,1.2633835e-07,0,,,,0.0041310703,Test
1925,0,-4.3567834,-0.3642952,6.9346046,-3.2818377,-0.2920243,1.7942704,-9.852598,-12.740898,1.2389404e-05,0.0006713761,0.99274504,3.6298887e-05,0.00072169333,0.0058132494,5.084499e-08,2.83058e-09,2,,,,0.06894773,-4.331759,-0.4503313,6.9306045,-3.3310204,0.11953757,1.4751183,-9.658827,-12.104401,2.4241172e-05,0.0011926622,0.9906379,7.0694136e-05,0.0018324548,0.006241781,1.440596e-07,2.5503633e-08,2,,,,0.0021590863,Test
1926,0,7.5789742,0.8997459,-2.6166296,-0.8747769,-3.9804528,-7.05536,-3.5197535,-11.870185,0.99847,0.0012548246,3.7276946e-05,0.00021277342,9.531024e-06,4.4027527e-07,1.5108405e-05,3.5700338e-09,0,,,,0.017854115,7.5429597,0.3813025,-3.110989,-0.8692932,-4.528585,-6.927522,-3.2654412,-11.945284,0.99846923,0.0011010028,5.8235368e-05,0.00031854172,2.2712886e-05,3.5957353e-06,2.6620686e-05,7.894937e-09,0,,,,0.00031847262,Test
1927,0,-2.6405346,0.37319297,3.6366563,-2.6653602,-0.94578266,1.1997969,-6.5409355,-8.674852,0.001648427,0.0335672,0.87744355,0.0016080084,0.008976174,0.0767193,3.335396e-05,3.9481997e-06,2,,,,0.70583004,-2.634933,0.34095043,3.3706844,-2.5143003,-0.7399565,1.1114018,-6.3869395,-7.837186,0.0027628029,0.056859504,0.8209283,0.0026357311,0.015532166,0.10118763,7.639297e-05,1.7509617e-05,2,,,,0.027186092,Test
1928,0,-4.1515408,-1.9921273,1.437994,-1.3325255,-1.5565943,2.1631875,-2.726646,-2.7747087,0.0011518018,0.009981574,0.3082349,0.019304587,0.015429385,0.63654536,0.004788524,0.0045638173,5,,,,1.2909341,-4.2230616,-1.8986517,1.3155159,-1.3264458,-1.7466981,2.0815115,-2.7738483,-2.856146,0.0014501052,0.013016577,0.30261436,0.023228612,0.014861745,0.6330577,0.006210747,0.005560188,5,,,,0.027361972,Test
1929,1,4.00426,1.0039607,-0.8162238,-1.7031065,-2.8709888,-3.4720876,-3.667628,-9.526957,0.94053656,0.046812538,0.0075834394,0.0031239057,0.00097161235,0.00053264643,0.00043804315,1.249807e-06,0,,,,0.38978922,3.7624383,0.74372417,-0.68565094,-1.7412869,-2.7401786,-3.6431355,-3.1092458,-9.192892,0.9197232,0.057101615,0.013938281,0.005042451,0.0018789113,0.0010435357,0.0012629809,8.96047e-06,0,,,,0.015496961,Test
1930,0,-3.7906175,-1.3839779,2.0386863,-1.9982744,-1.0899574,2.4111538,-3.983955,-3.9865737,0.0011515693,0.012778514,0.39167377,0.00691345,0.017146358,0.5684406,0.0009491278,0.00094664545,5,,,,1.2537365,-3.5768342,-1.1503174,2.1575232,-2.0737514,-0.99697816,2.4348462,-3.966571,-3.540793,0.001521114,0.015557903,0.41478038,0.0062038023,0.017544955,0.5415884,0.0011275298,0.0016758835,5,,,,0.028653068,Test
1931,0,-3.811408,-1.4973526,2.159362,-2.1409261,-0.74726963,1.6862472,-3.9852195,-3.006905,0.0014774362,0.014944802,0.5788702,0.007852171,0.03164077,0.36066997,0.0012417188,0.003302933,2,,,,1.3434578,-3.8564682,-1.6370271,2.0401998,-2.2263494,-0.81942046,1.5790963,-3.996922,-2.930986,0.0017308242,0.01613007,0.56649333,0.008612716,0.035406165,0.36462817,0.001668113,0.0053305896,2,,,,0.025454618,Test
1932,0,-3.986199,-0.71359515,5.9349437,-2.7122297,-0.041406542,1.2449439,-8.071544,-10.295825,4.8482776e-05,0.001278973,0.98692685,0.0001733267,0.002504892,0.009066591,8.153517e-07,8.817631e-08,2,,,,0.117071405,-3.5142236,-0.43933806,5.799759,-2.5772188,0.03685514,1.0487185,-7.756795,-10.278797,0.00030904214,0.004518482,0.97910726,0.00050183065,0.0040137717,0.011538718,1.0604095e-05,2.67739e-07,2,,,,0.0044978308,Test
1933,1,-2.1819818,0.33813605,4.0168676,-3.2954757,-0.33917803,0.95964813,-7.963324,-9.1459055,0.0018677597,0.02321637,0.9192787,0.00061339,0.011793442,0.043222874,5.7612383e-06,1.7657428e-06,2,,,,0.5327049,-1.8258686,0.08771466,3.684595,-3.1695304,-0.6127866,0.5916629,-7.4436164,-9.781199,0.005579767,0.04292433,0.8803277,0.0015120201,0.01589545,0.05371518,4.1530835e-05,4.0570985e-06,2,,,,0.023298496,Test
1934,0,-0.9672093,1.82347,3.5479503,-3.2711732,-1.4477261,-0.09501538,-7.7973604,-11.900294,0.008944878,0.14573072,0.8174917,0.00089325564,0.005532082,0.021397524,9.666688e-06,1.5973356e-07,2,,,,0.87283355,-1.3349363,1.6318343,3.7390637,-3.2317498,-1.2629144,0.051029604,-7.6866097,-11.448679,0.008275985,0.12448311,0.8343053,0.001290222,0.007199445,0.02441304,2.6868991e-05,6.0317407e-06,2,,,,0.01995022,Test
1935,0,-3.2096214,0.3398647,5.1485033,-3.139838,-0.47188008,1.0825541,-8.328994,-10.058472,0.00022778305,0.00792581,0.97142404,0.0002442462,0.0035197143,0.016656717,1.3620913e-06,2.4160366e-07,2,,,,0.22875702,-3.1323357,0.7437779,5.0012717,-3.2648988,-0.72677344,0.9420665,-8.144564,-9.938707,0.00034448557,0.022126028,0.9513537,0.00034411208,0.0038698376,0.021957707,3.720065e-06,4.134573e-07,2,,,,0.010378665,Test
1936,0,-4.2299714,-2.4928975,2.1187344,-1.268224,-0.67184764,-0.32420066,-2.668166,1.0506009,0.0011314779,0.0064275824,0.646925,0.021873416,0.039711803,0.05622128,0.0053942297,0.22231536,2,,,,1.5262018,-4.2633867,-2.412746,2.1906161,-1.3072678,-0.74026847,-0.6324431,-2.794536,1.14471,0.0011097464,0.0070904284,0.65430224,0.021656852,0.036050268,0.04117041,0.0048606666,0.23375937,2,,,,0.01866242,Test
1937,1,-2.183845,1.2909423,4.610949,-3.2178562,-1.0735434,0.746879,-8.392488,-12.236008,0.0010541737,0.034040276,0.9415724,0.00037484086,0.0031997052,0.019756477,2.1209614e-06,4.542695e-08,2,,,,0.40088597,-1.9940964,1.2138435,4.6206455,-2.9509268,-0.9579913,0.7156364,-8.396739,-12.18181,0.0025663606,0.055443574,0.91441786,0.000771823,0.0048222253,0.021972468,5.40679e-06,3.987475e-07,2,,,,0.02273869,Test
1938,0,1.7497982,-0.4800169,-0.068450645,-1.448311,-1.0401808,-2.4925725,-2.5818207,-4.1071754,0.71301275,0.07668333,0.115728915,0.02911898,0.04379503,0.010248473,0.009373443,0.002039135,0,,,,1.4874266,1.6038704,-0.671234,-0.00938561,-1.4151052,-1.024136,-2.163108,-2.6187253,-3.935489,0.6644639,0.07079681,0.14513332,0.0353242,0.053548247,0.017430646,0.010165008,0.003137933,0,,,,0.03275056,Test
1939,0,7.556825,4.261706,-1.5431638,-2.8374693,-4.7733417,-5.9754834,-7.2362885,-17.870066,0.964123,0.035733894,0.000107660766,2.950853e-05,4.258033e-06,1.279751e-06,3.627144e-07,8.737231e-12,0,,,,0.22454883,7.3236656,4.418795,-1.4780849,-2.6963542,-4.6600137,-6.235067,-7.0285234,-17.362762,0.933431,0.06593375,0.0004640532,0.00013933762,1.8000579e-05,1.0971809e-05,2.818516e-06,1.2580807e-10,0,,,,0.012552659,Test
1940,0,1.9389201,2.8145444,0.93489957,-3.394367,-1.8673353,-2.080903,-6.5471373,-10.353487,0.26232925,0.6296882,0.096118316,0.0012665711,0.005831911,0.0047104196,5.4125107e-05,1.2031563e-06,1,,,,1.3440886,1.9191582,2.7820897,0.90306616,-3.575273,-1.9860153,-2.0173779,-6.607713,-10.880727,0.28505296,0.5804648,0.12075768,0.0012159277,0.0063581294,0.006065906,8.2791215e-05,1.8219047e-06,1,,,,0.048946712,Test
1941,0,2.6537743,3.728655,1.3725759,-3.405031,-2.6502995,-2.9456806,-7.3546877,-13.196787,0.23705661,0.69449145,0.06583165,0.0005540467,0.0011784794,0.0008770813,1.067167e-05,3.0977112e-08,1,,,,1.1425136,2.7349086,3.8776822,1.373966,-3.4688118,-2.4210074,-3.0269306,-7.449884,-13.2465315,0.25771508,0.61793125,0.1202841,0.00050858577,0.0019434443,0.0016053237,1.2239773e-05,2.9757402e-08,1,,,,0.084381185,Test
1942,0,-1.7012812,-0.8770652,1.8952959,-2.2265828,-0.47090155,-1.6307889,-3.2240336,-0.8419999,0.021088243,0.04808315,0.76915526,0.012471103,0.07217512,0.02262845,0.0045995726,0.049799114,2,,,,1.3466811,-1.7356365,-0.9836419,1.9335791,-2.259292,-0.47889152,-1.7693195,-3.1660125,-0.98019755,0.023073254,0.04661455,0.7734872,0.012423679,0.07078864,0.022892755,0.0055382675,0.045181707,2,,,,0.01896631,Test
1943,0,-0.9003289,1.7819077,2.9005725,-3.0275567,-1.5606852,0.42924568,-7.0412893,-11.0225115,0.015437647,0.22566365,0.6907034,0.0018396609,0.007976124,0.058345582,3.3235003e-05,6.202588e-07,2,,,,1.2582942,-1.372925,1.346698,2.9966426,-2.979659,-1.3958838,0.4588665,-7.0198364,-10.861322,0.01863561,0.2099932,0.6857865,0.0024147087,0.013489181,0.06957923,0.00010023813,1.396538e-06,2,,,,0.052779734,Test
1944,0,-1.3604699,0.51164097,1.1868539,-2.4677446,-1.5521712,0.3065132,-3.8130875,-5.4110827,0.037270963,0.24233605,0.47605732,0.0123165,0.030769167,0.19739318,0.0032078372,0.0006489508,2,,,,1.9103734,-1.3544686,0.6655271,1.3070444,-2.4250598,-1.4035755,0.02355446,-3.7242908,-5.1639028,0.038743522,0.27712026,0.4990832,0.011665034,0.032939605,0.13591303,0.0035006863,0.001034738,2,,,,0.051611803,Test
1945,0,-4.505602,-0.36123112,7.5883493,-3.5979073,-0.20613326,1.5420432,-10.850024,-13.223881,5.5756755e-06,0.00035170192,0.9968591,1.3819882e-05,0.00041070778,0.0023591544,9.793769e-09,9.120055e-10,2,,,,0.03409002,-4.2868605,-0.6197466,7.508399,-3.4053752,0.2068769,0.91874236,-10.7012,-13.159802,9.8383054e-05,0.0005346784,0.995821,7.2571085e-05,0.0013068456,0.0021664982,8.276352e-08,6.0931145e-09,2,,,,0.0010975357,Test
1946,0,-0.12759015,2.270903,1.4747689,-2.9180472,-1.4830168,-0.118332386,-5.653179,-8.960903,0.054632954,0.601322,0.2712379,0.0033540884,0.01408641,0.055141084,0.00021763156,7.965184e-06,1,,,,1.5284572,-0.016209543,2.1477284,1.5985157,-2.7017148,-1.417716,0.09481593,-5.5764627,-8.846493,0.057754766,0.51482016,0.3343712,0.0047815447,0.015429115,0.07256151,0.00027109118,1.0576643e-05,1,,,,0.06461074,Test
1947,0,-3.8419957,-0.98245454,5.0876226,-3.3307242,0.30414224,1.8526825,-8.704227,-8.95173,0.00012605585,0.0022001194,0.9520224,0.00021018696,0.0079654055,0.037474044,9.748162e-07,7.610862e-07,2,,,,0.3242737,-3.9532256,-1.0057702,5.375308,-3.5488625,0.32717228,1.8790162,-8.963876,-9.715394,0.0002045308,0.003580869,0.9416784,0.00018883026,0.008946655,0.045398433,1.42623e-06,8.8830814e-07,2,,,,0.013609602,Test
1948,0,-0.9782772,1.5674356,3.1186078,-2.7914393,-1.2150828,0.4435729,-7.1812425,-10.63376,0.012657575,0.16141336,0.76138616,0.0020649245,0.009988655,0.05246288,2.5611602e-05,8.1101234e-07,2,,,,1.1122569,-1.0961454,1.852713,3.646457,-3.0590699,-1.1084635,0.5860252,-7.6738167,-10.206646,0.008431028,0.15001298,0.7843415,0.0012313883,0.008772602,0.047193374,1.4280951e-05,2.8262598e-06,2,,,,0.025486976,Test
1949,0,-4.304753,-2.1624227,1.2398702,-1.168873,-1.5593264,1.3794041,-2.61663,-1.9988834,0.0016298074,0.013884762,0.41699943,0.03750003,0.025378142,0.47943997,0.0088161435,0.016351692,5,,,,1.6048162,-4.204735,-2.1666353,1.1515048,-1.0982544,-1.6427666,1.4389782,-2.371464,-2.0950868,0.0020444728,0.014817132,0.380344,0.04417091,0.025354091,0.5046002,0.012660915,0.016008299,5,,,,0.0401309,Test
1950,0,-4.314505,-1.437489,4.8498197,-1.9284314,-0.23197658,1.0091854,-5.637136,-6.0161605,0.00010157662,0.0018041222,0.9700842,0.0011042118,0.0060230074,0.020837381,2.7063406e-05,1.8525683e-05,2,,,,0.23263843,-4.295179,-1.2279408,5.0264034,-1.7715952,-0.04640181,0.9129383,-5.4780164,-6.105526,0.00017565842,0.0026523995,0.9683875,0.0015328043,0.007748126,0.019426938,5.243391e-05,2.4093506e-05,2,,,,0.0048469477,Test
1951,0,2.085479,2.426989,0.42475808,-2.876644,-2.0695505,-2.6590314,-4.9144073,-8.5765505,0.38031626,0.5351319,0.07226082,0.002661475,0.005965385,0.0033084927,0.00034684298,8.906029e-06,1,,,,1.3853006,1.6980953,2.2894218,0.45123786,-2.7716918,-2.1985285,-2.2164254,-4.759244,-8.430956,0.329382,0.5444676,0.1065377,0.004271184,0.007169211,0.0075483858,0.00058121147,4.267489e-05,1,,,,0.044449594,Test
1952,0,-3.4396768,0.18159115,5.2314467,-3.1327739,-0.15238905,1.047249,-8.297923,-10.043444,0.00016701686,0.0062439144,0.97405034,0.00022701081,0.0044710673,0.014839092,1.2967341e-06,2.2635004e-07,2,,,,0.21258448,-3.2103572,0.36359948,5.238379,-3.1832542,-0.2866787,0.8934658,-8.194051,-10.283931,0.00033442402,0.011898463,0.9650544,0.00029128965,0.0044542095,0.017962595,4.342002e-06,3.1107265e-07,2,,,,0.0067930273,Test
1953,0,-3.7451916,-2.7008667,2.988427,-1.7183397,-0.38169712,-2.6880114,-2.5121708,2.5567143,0.000698117,0.0019836852,0.58654547,0.005298817,0.020168582,0.002009351,0.0023956446,0.38090023,2,,,,1.1994933,-3.6801047,-2.5651755,2.7871153,-1.7695287,-0.39213452,-2.440672,-2.4890046,2.6152897,0.0012983445,0.003146015,0.52033776,0.006327939,0.022058368,0.004315273,0.0032256383,0.43929067,2,,,,0.037591934,Test
1954,0,7.205042,-1.6987996,-2.3986313,0.99926484,-3.695322,-6.373517,-1.9642318,-9.370674,0.9976604,0.00013554818,6.732255e-05,0.0020130195,1.8408347e-05,1.2644147e-06,0.00010394843,6.313072e-08,0,,,,0.025766652,7.304249,-1.6308851,-2.5592945,0.6805826,-3.5449805,-6.1848307,-2.1381142,-9.35605,0.9973568,0.00035232984,0.00024252382,0.0017753489,9.4993695e-05,4.166402e-06,0.00017308856,7.4327716e-07,0,,,,0.000665437,Test
1955,0,-3.245043,-0.83843523,1.8565766,-2.2905,-1.0232174,1.920034,-4.112781,-3.6657994,0.002744741,0.030456351,0.45092744,0.0071294196,0.025317917,0.48046958,0.0011525179,0.0018020598,5,,,,1.4157894,-3.247071,-1.121445,1.8370101,-2.3612864,-1.259268,1.9464512,-4.058514,-3.6264305,0.0029765074,0.023095276,0.4447496,0.0073358878,0.022147601,0.49577245,0.0014272907,0.0024953969,5,,,,0.037917636,Test
1956,0,-1.2188256,1.5094041,2.530909,-3.2833693,-1.0773048,0.7812286,-6.7609353,-8.908024,0.014817384,0.2267914,0.629884,0.0018799724,0.017069988,0.1094924,5.8058235e-05,6.7825868e-06,2,,,,1.4631324,-1.1737854,1.50878,2.4955478,-3.4251926,-1.3499033,0.6334391,-6.7456293,-9.290754,0.02685376,0.2567,0.5928466,0.0020473318,0.013982164,0.10746968,9.21679e-05,8.281972e-06,2,,,,0.0523206,Test
1957,0,-4.133979,-1.9596936,3.4924934,-1.6149837,-0.45927894,0.9896118,-4.162096,-3.2037995,0.00043765723,0.0038495883,0.8979849,0.005434003,0.017259818,0.073498994,0.00042552297,0.0011094455,2,,,,0.6095891,-4.1503596,-1.8470993,3.6468544,-1.6742548,-0.45983624,1.1863511,-4.4154015,-3.4081798,0.0005773251,0.0048684073,0.88727486,0.0052445573,0.017054299,0.08352864,0.0004434147,0.0010085329,2,,,,0.0141557325,Test
1958,1,1.9118518,-0.98740804,0.913561,-1.385728,-0.82941616,-3.7809517,-3.4484217,-5.128789,0.65189934,0.03589616,0.24023062,0.024102375,0.04204003,0.0021969867,0.0030636801,0.0005707804,0,,,,1.4418695,2.3276646,-1.007433,0.69783413,-1.3185886,-0.9226985,-4.392264,-3.3341603,-5.1002398,0.7489311,0.027937695,0.1631075,0.02143671,0.03260118,0.0016160108,0.0036981893,0.00067163364,0,,,,0.02806573,Test
1959,0,-3.8347251,-2.176691,0.87495095,-0.5385642,-1.8722508,-0.118870854,-1.2525402,0.058073424,0.003925286,0.020603757,0.43577036,0.1060171,0.027935931,0.16130446,0.051915854,0.19252728,2,,,,2.260175,-3.823943,-2.2465014,1.0335357,-0.6280791,-1.9194609,-0.13647465,-1.2694067,0.1137056,0.004328192,0.018515322,0.46648034,0.09403261,0.025371676,0.14732401,0.048943125,0.19500473,2,,,,0.032430552,Test
1960,0,3.0745747,0.9748654,-0.57714355,-1.8987033,-2.3013878,-2.240382,-4.1921053,-8.469113,0.85791904,0.10508825,0.022260007,0.0059371646,0.003969132,0.00421881,0.0005991939,8.319293e-06,0,,,,0.768849,3.3272853,1.0236087,-0.77168953,-2.151518,-2.556605,-2.513261,-4.513056,-9.050737,0.8687334,0.10405737,0.01689091,0.0041972743,0.0029456224,0.0027358276,0.00043184758,7.769923e-06,0,,,,0.018360585,Test
1961,0,-3.401233,-1.3218588,2.6435633,-2.0497668,-0.46119955,0.93949074,-3.9045672,-3.2119539,0.0018787576,0.015029043,0.7926698,0.007257801,0.035539467,0.14421917,0.0011357305,0.0022702487,2,,,,1.0303684,-3.3613522,-1.1535547,2.5610952,-1.9585139,-0.37114838,0.862697,-3.724031,-3.2583508,0.0023291172,0.020124525,0.7706291,0.008976567,0.043851975,0.14984101,0.001609782,0.0026379093,2,,,,0.018173771,Test
1962,0,-4.539733,-1.2952169,6.1182075,-2.7951972,0.21690714,1.769896,-8.359908,-9.37119,2.3133403e-05,0.00059335516,0.98383904,0.00013239808,0.00269167,0.012719686,5.0717586e-07,1.8448641e-07,2,,,,0.13463533,-4.730623,-1.4108545,6.5225654,-3.0087152,0.13167498,1.740475,-8.724005,-9.272859,0.000168768,0.0017022842,0.98033583,0.0004344638,0.0036199663,0.0137351705,2.381126e-06,1.2425103e-06,2,,,,0.0053380546,Test
1963,0,-4.122162,-1.2792983,5.932495,-2.8395643,0.14702256,0.7404028,-7.951156,-7.8804355,4.2577634e-05,0.0007308386,0.9905207,0.00015353471,0.00304274,0.0055076517,9.252737e-07,9.930791e-07,2,,,,0.09059629,-3.697452,-1.029238,5.6495543,-2.843915,-0.011457294,0.33003426,-7.1610007,-7.580972,0.00027949922,0.0023877416,0.9866608,0.00031264723,0.003964712,0.006381647,8.789754e-06,4.11339e-06,2,,,,0.0026622263,Test
1964,0,-1.4778359,0.08043804,1.9170787,-2.221832,-0.89045626,0.6492933,-4.1193542,-5.4920425,0.021590227,0.10256684,0.6436502,0.010259915,0.038846597,0.18115807,0.001538368,0.00038986056,2,,,,1.5806855,-1.3989155,0.062624276,2.013081,-2.3927398,-0.8213134,0.4681221,-4.1940536,-5.400859,0.028627705,0.10607741,0.66319376,0.009153065,0.041659154,0.14901586,0.0016639695,0.00060914445,2,,,,0.029133752,Test
1965,0,-2.8480227,-1.4330161,1.3477237,-1.7017837,-0.9729084,1.4877504,-3.0519135,-2.1380992,0.0062335953,0.02566068,0.41393113,0.01961299,0.04065279,0.47614682,0.0050838175,0.012678105,5,,,,1.6354439,-2.857518,-1.4438409,1.4076312,-1.6195616,-0.8865964,1.3787558,-3.015976,-2.0622,0.006327686,0.02577655,0.44444817,0.021943435,0.044695847,0.43573943,0.005580838,0.015488049,2,,,,0.03307597,Test
1966,0,-3.1386926,-1.3010172,0.63828903,-1.483601,-1.4340231,2.4997869,-2.696734,-3.1910634,0.0028965462,0.018195862,0.12653266,0.015159242,0.015929747,0.8140309,0.004506305,0.002748755,5,,,,0.9938695,-3.2134774,-1.0731955,0.6035956,-1.4619936,-1.5978458,2.5939622,-2.7828853,-3.1796231,0.002876804,0.02275103,0.13481036,0.016342094,0.015681153,0.79958546,0.0042623384,0.0036908071,5,,,,0.029544912,Test
1967,0,-4.146254,-1.3193618,6.320775,-2.9642398,0.5468931,1.4571357,-8.819005,-10.264541,2.8137787e-05,0.00047532856,0.9886968,9.175554e-05,0.0030725438,0.0076350416,2.6299057e-07,6.19658e-08,2,,,,0.10246762,-4.109186,-1.1828625,6.2089777,-3.021923,0.42772642,1.6972778,-8.556989,-9.915744,0.0001402678,0.0013054729,0.9803643,0.0002062621,0.0045979554,0.013382217,3.32715e-06,1.9025904e-07,2,,,,0.0036054342,Test
1968,0,2.4466438,-0.31904778,0.14660321,-1.6953305,-1.4657393,-3.232969,-3.4198298,-5.8100586,0.829477,0.05220112,0.083159015,0.013181588,0.016583567,0.0028325638,0.0023497802,0.00021526036,0,,,,0.97198737,2.6350274,-0.19601859,0.2028667,-1.5831802,-1.457672,-2.9929256,-3.6177998,-6.4499407,0.8220832,0.055439003,0.086776994,0.013267996,0.016325232,0.0040078266,0.0019740034,0.00012570273,0,,,,0.023546739,Test
1969,0,-1.3085914,-0.5613577,2.7976637,-2.811874,0.517412,-1.9707783,-4.856769,-3.3807013,0.01409803,0.029763082,0.85601693,0.0031353869,0.08753497,0.007270667,0.00040569945,0.0017752218,2,,,,0.8356998,-1.4092956,-0.5022428,2.7872987,-2.6674798,0.59523106,-1.5856975,-4.705976,-3.330129,0.018274274,0.0466815,0.81376076,0.005354422,0.100806415,0.011927167,0.000869425,0.0023260445,2,,,,0.026250288,Test
1970,0,-3.2700548,-1.2150248,1.3510767,-1.6612955,-1.7313771,1.9350102,-2.8075888,-3.7711666,0.0032845305,0.025642565,0.33373758,0.016411506,0.0153007405,0.5984174,0.0052157845,0.0019899544,5,,,,1.3812783,-3.1421628,-1.0218406,1.3567483,-1.753288,-1.7674696,1.9309365,-2.8047767,-3.6399198,0.005164437,0.03286556,0.3400237,0.015263798,0.017252289,0.58032155,0.0055625066,0.0035461884,5,,,,0.03860036,Test
1971,0,-3.735912,-1.9297663,1.188102,-1.2609929,-1.3967386,0.98976594,-2.393315,-1.1645643,0.003371392,0.020521464,0.4637473,0.040054657,0.034970295,0.38031647,0.012908974,0.044109423,2,,,,1.8220191,-3.6890063,-1.8096908,1.0722702,-1.1807925,-1.3624642,0.76969546,-2.3212457,-1.2532692,0.004394804,0.02786785,0.45969254,0.051800452,0.04110069,0.34738284,0.018212603,0.049548246,2,,,,0.040187374,Test
1972,0,-3.6565032,-0.06156171,5.7162433,-2.8204181,-0.7719182,1.5772347,-8.480343,-11.340272,8.327437e-05,0.0030323174,0.9795879,0.00019214035,0.0014902896,0.015613306,6.691819e-07,3.832597e-08,2,,,,0.16571832,-4.32376,-0.35039556,6.032225,-2.8200119,-0.75781745,1.907959,-9.148141,-11.88471,0.00014967487,0.0032482583,0.966602,0.0003352907,0.0020981766,0.027563566,2.958363e-06,1.1681268e-07,2,,,,0.0077304067,Test
1973,0,-1.0026854,1.5882573,3.6862955,-3.0190132,-1.3022462,-0.06227423,-7.6578407,-11.694167,0.007903808,0.10545535,0.8594785,0.0010523406,0.005857859,0.020241927,1.0175113e-05,1.7971526e-07,2,,,,0.7531079,-1.1446824,1.060836,3.9612336,-2.8819623,-1.2641628,0.026817942,-7.620269,-11.885204,0.007867183,0.05763529,0.9048436,0.0014527969,0.0054478394,0.022740614,1.2398594e-05,3.0894572e-07,2,,,,0.015157221,Test
1974,0,-0.42871252,2.045986,4.1425858,-3.5711446,-1.5337253,-0.68199736,-9.153377,-14.260673,0.009033552,0.107301645,0.8732691,0.00039004756,0.002991972,0.007012265,1.4681993e-06,8.88616e-09,2,,,,0.6573183,0.16151996,2.8264825,4.1422787,-3.5983384,-1.622255,-1.0916873,-9.3296795,-15.291385,0.018943006,0.28908652,0.6837704,0.0004728316,0.0028287903,0.0048958994,2.4837077e-06,1.3387437e-08,2,,,,0.058133703,Test
1975,0,-4.469476,-1.2374783,4.0705967,-2.141542,-0.6449944,2.4763818,-5.8539543,-6.5094485,0.00016032487,0.004061065,0.82017714,0.00164441,0.007344336,0.16655165,4.0154104e-05,2.0847414e-05,2,,,,0.7677257,-4.213733,-1.266312,3.9929848,-2.0694818,-0.6291009,2.452858,-5.6269207,-6.4600954,0.00027836772,0.005778522,0.7983003,0.0020123322,0.008194497,0.18533188,7.475005e-05,2.932047e-05,2,,,,0.019579256,Test
1976,0,-2.9575472,0.96312004,5.29155,-3.4602907,-0.61543286,1.1887091,-9.142302,-11.903883,0.00025317637,0.012768724,0.96819055,0.00015313864,0.0026338482,0.01599999,5.216977e-07,3.296699e-08,2,,,,0.24848281,-3.1271992,0.75799495,5.284707,-3.433926,-0.6518031,1.4154632,-8.7224245,-11.741473,0.0006593504,0.022462394,0.94688094,0.00025842572,0.0036923427,0.026044926,1.5365104e-06,1.076819e-07,2,,,,0.010301828,Test
1977,0,-6.0472236,-3.201783,6.044569,-2.399745,1.413949,2.5845833,-7.947048,-6.412319,5.3819713e-06,9.261911e-05,0.96015286,0.0002065482,0.009360255,0.030177807,8.051156e-07,3.7357909e-06,2,,,,0.27576357,-5.4857187,-2.8230553,5.517334,-2.1391673,1.1618663,2.3589768,-7.7478647,-7.1061845,2.132194e-05,0.0002985717,0.9320947,0.00060300605,0.01381318,0.053158272,2.7532585e-06,8.239135e-06,2,,,,0.012043041,Test
1978,1,2.068942,1.2141546,1.6809514,-2.3559382,-1.8529491,-2.8332274,-5.834455,-11.2406845,0.46655434,0.1984599,0.31651917,0.0055872905,0.0092394585,0.0034667074,0.00017238541,7.7375745e-07,0,,,,1.6362393,2.448401,0.87900555,1.3073745,-2.111366,-1.8737723,-3.0070586,-5.6521387,-10.882854,0.6141349,0.13021874,0.2347484,0.00680366,0.010040509,0.0036905496,0.00036051235,2.7322367e-06,0,,,,0.05140352,Test
1979,0,-3.8824008,-1.8777734,1.3562064,-1.4028172,-1.4667711,1.8596348,-2.772709,-2.5869627,0.0018575342,0.013789083,0.34997332,0.022172064,0.020798467,0.57899004,0.0056346864,0.0067848195,5,,,,1.4176621,-4.07263,-2.0093887,1.4782575,-1.4266913,-1.5316129,2.0076408,-2.7202747,-2.5488627,0.0016105259,0.011636416,0.3507909,0.021641389,0.017328104,0.5841633,0.0058862367,0.0069431663,5,,,,0.029481314,Test
1980,0,-2.519204,0.15586463,3.3384936,-3.34308,-0.5584364,2.0200896,-7.52497,-9.5903015,0.002143133,0.03110403,0.7499198,0.00094025175,0.015226484,0.20065004,1.4357294e-05,1.8201641e-06,2,,,,1.0526936,-2.3863778,0.10187362,3.7568588,-3.0566597,-0.19834694,2.4660478,-7.692739,-10.006502,0.0026678748,0.022282684,0.73881674,0.0011138723,0.016583761,0.21851936,1.4778724e-05,9.0580323e-07,2,,,,0.025956716,Test
1981,0,-3.613343,-1.5557089,3.546801,-2.636927,0.36361283,0.2696932,-5.013249,-2.992964,0.0007129563,0.0055806143,0.9176433,0.0018928442,0.038039327,0.034629323,0.00017582937,0.0013258363,2,,,,0.542421,-3.459043,-1.6300266,3.5154934,-2.4678655,0.3621962,0.4111232,-4.973124,-3.001696,0.001223951,0.0070856353,0.8939253,0.0031912695,0.03947255,0.05320341,0.00028242945,0.0016154784,2,,,,0.016460044,Test
1982,0,-4.5248857,-1.0555397,8.070366,-3.3849347,0.7408169,0.5188832,-10.227768,-12.268343,3.3836545e-06,0.00010866844,0.99869776,1.0579382e-05,0.00065501535,0.00052464654,1.1289001e-08,1.4670505e-09,2,,,,0.016189434,-4.678126,-0.94175416,7.4532576,-3.6879475,0.7883724,0.57961476,-10.258597,-11.675261,5.21126e-05,0.0008487838,0.99597025,3.677472e-05,0.0014911026,0.0016007584,1.8539106e-07,5.4743147e-08,2,,,,0.0008735915,Test
1983,0,0.1255823,2.7322948,4.684157,-4.083236,-1.5313557,-1.5873858,-10.456809,-16.358196,0.00905898,0.12278922,0.8646556,0.00013465197,0.0017277475,0.0016336042,2.2972328e-07,6.2844246e-10,2,,,,0.6471291,-0.28825408,2.4970822,5.2825904,-3.8835614,-1.2747676,-1.0504428,-10.404607,-16.3852,0.0119565,0.14020638,0.842106,0.00048270362,0.0025996086,0.0026480781,7.522534e-07,3.7052494e-09,2,,,,0.048934903,Test
1984,1,3.24129,2.2801027,-0.22467169,-2.5497663,-2.3810127,-3.0080135,-4.561872,-9.988825,0.7028916,0.26881284,0.021960402,0.00214716,0.0025418692,0.0013578449,0.00028709002,1.2621833e-06,0,,,,1.0452528,3.0665054,2.6283214,-0.06417991,-2.5758448,-2.330064,-3.102342,-4.6671295,-9.458136,0.5664348,0.3948483,0.030431977,0.002440683,0.003352883,0.0021399981,0.00034338963,8.017629e-06,0,,,,0.04886663,Test
1985,0,-3.5276291,-1.3635715,0.44845277,-0.2341665,-2.6872444,0.3899831,-1.263623,-3.402791,0.0065230657,0.05679237,0.34773,0.1757051,0.015115629,0.32798132,0.06276205,0.007390406,2,,,,2.1750138,-3.4626274,-1.4061571,0.3501559,-0.21284568,-2.6644483,0.26716644,-1.1518433,-3.1639862,0.008172823,0.05936725,0.3295849,0.19399843,0.016937602,0.3012213,0.07816742,0.012550321,2,,,,0.04040649,Test
1986,0,-2.701577,-0.65658283,2.214716,-2.4639635,-0.6225015,1.4612802,-4.6050425,-4.411131,0.0045646466,0.035280682,0.6230547,0.0057889726,0.03650382,0.29330075,0.0006803662,0.00082595705,2,,,,1.3829868,-2.785968,-0.6388223,2.1236835,-2.5394409,-0.7173204,1.4365802,-4.563892,-4.6073556,0.0059521175,0.044085477,0.59611213,0.006785164,0.035837926,0.30943057,0.0010349522,0.0007616437,2,,,,0.027827512,Test
1987,0,0.18225104,0.18844488,1.4283627,-2.5116374,-0.85389364,-3.270042,-4.085264,-3.2996798,0.16717137,0.16821001,0.58122104,0.011303711,0.059315745,0.0052948063,0.0023431685,0.005140182,2,,,,1.7334195,0.21050337,0.2562884,1.4617888,-2.6004314,-0.833985,-3.2133095,-4.0986567,-3.3097363,0.17271945,0.17637028,0.5660906,0.00994921,0.0607005,0.0057898844,0.0025539936,0.005826097,2,,,,0.03324923,Test
1988,0,-2.122309,0.32293028,4.7773385,-3.0286396,-0.1885368,-0.071196005,-7.7993784,-9.153238,0.0009808162,0.011312059,0.97289634,0.00039625383,0.0067828842,0.007627369,3.357899e-06,8.671498e-07,2,,,,0.2285885,-1.8747127,0.21566324,4.803644,-3.0629706,-0.6796021,-0.118586585,-7.927388,-9.691323,0.0024937533,0.016573112,0.9663416,0.000753363,0.0043453285,0.009484411,7.1298077e-06,1.3637903e-06,2,,,,0.006294304,Test
1989,0,-2.9396245,0.6401009,5.3249464,-3.3368354,-0.33561832,0.82890195,-8.996134,-10.971288,0.00025137124,0.009015104,0.9762774,0.00016896993,0.0033979826,0.010888445,5.888533e-07,8.169748e-08,2,,,,0.1990676,-3.6237648,0.35354638,5.7694755,-3.5866482,-0.34976646,0.73089755,-9.692002,-10.962126,0.00017433593,0.008637031,0.9790492,0.00014496608,0.0039032653,0.0080868285,7.614441e-07,3.6674767e-06,2,,,,0.0046364744,Test
1990,0,5.2581663,1.303675,-2.0315044,-1.3841113,-3.1336899,-4.3054366,-2.9506223,-9.662908,0.97873735,0.018760849,0.0006680397,0.0012763259,0.00022188571,6.874584e-05,0.0002664615,3.239859e-07,0,,,,0.16409317,5.3873243,1.456577,-2.2615,-1.3175489,-3.3012023,-4.472914,-2.8043427,-10.052006,0.96753585,0.029158017,0.0007277617,0.0015985451,0.00026670317,0.00011913593,0.00059331633,7.101844e-07,0,,,,0.0075954255,Test
1991,0,-1.8225713,0.070587136,2.8997416,-2.403942,-0.8879372,0.7135655,-5.4691663,-7.380202,0.0073619043,0.048885316,0.8276841,0.0041162716,0.018745484,0.09298661,0.00019199685,2.8401539e-05,2,,,,0.95248204,-1.9377859,0.25213838,3.1220546,-2.5884798,-0.83058435,0.8776889,-5.7504177,-7.1770844,0.007540389,0.06123687,0.81814194,0.0033511096,0.017630419,0.09191461,0.00014767275,3.7018275e-05,2,,,,0.018295467,Test
1992,0,-0.59506094,2.1254041,3.9828053,-3.52299,-1.6669071,-0.17432809,-9.133562,-14.165562,0.00866453,0.13159153,0.8431153,0.00046361922,0.002966525,0.0131967515,1.6963717e-06,1.1070095e-08,2,,,,0.76442313,-0.924753,1.5893095,4.162227,-3.4020588,-1.5813767,-0.03271972,-9.37318,-13.820102,0.010413135,0.11730728,0.84833527,0.0007118867,0.0042933547,0.01893409,4.8705483e-06,7.88402e-08,2,,,,0.03636162,Test
1993,1,-1.1070741,1.5174282,3.781409,-3.3226876,-0.7910831,-0.75422835,-7.620149,-9.6267185,0.006646494,0.09170636,0.88233566,0.00072504336,0.009116449,0.009458702,9.862799e-06,1.326044e-06,2,,,,0.6566606,-0.942447,1.5041451,3.512685,-2.9710336,-0.7955877,-0.7214095,-6.8559623,-9.27537,0.016309481,0.18555254,0.769521,0.00204713,0.011602539,0.014901763,5.773232e-05,7.851127e-06,2,,,,0.053600952,Test
1994,0,8.653121,-1.094027,-3.1751447,1.1602057,-4.7866197,-6.251169,-2.5595758,-12.591637,0.9993624,5.842385e-05,7.2907515e-06,0.0005566617,1.455183e-06,3.3641243e-07,1.3493063e-05,5.932552e-10,0,,,,0.008137538,8.34487,-1.1672145,-2.9020376,1.1728383,-4.7655005,-5.615759,-3.1150882,-12.785532,0.9982296,0.00029583735,3.4955163e-05,0.0014123514,4.055056e-06,2.733097e-06,2.0439391e-05,3.230935e-09,0,,,,0.00044087996,Test
1995,0,-2.4526355,-0.72274673,1.6897053,-1.9510202,-0.87348014,0.5403127,-3.4721682,-2.9727652,0.010310143,0.05814948,0.6490235,0.017026028,0.050013024,0.20562956,0.0037195238,0.0061287973,2,,,,1.5719335,-2.2013977,-0.8447868,1.5328699,-1.8825585,-1.0273335,0.6276864,-3.3268929,-3.0448496,0.016587067,0.062705465,0.59024704,0.020923398,0.04963752,0.24794397,0.0053887567,0.006566728,2,,,,0.02415282,Test
1996,0,-2.279866,0.63729346,4.4655733,-3.0382671,-0.785934,0.6280537,-7.9672422,-10.230375,0.0011199377,0.020706192,0.95214057,0.00052459555,0.0049888496,0.020515753,3.7948787e-06,3.9475867e-07,2,,,,0.35314915,-2.1483643,0.6889194,4.075708,-2.991362,-0.78774005,0.16458891,-7.4406023,-9.619064,0.0041767764,0.055301238,0.8950163,0.0011290936,0.008178962,0.03616629,2.8622348e-05,2.653695e-06,2,,,,0.02641186,Test
1997,0,0.63405305,3.3309448,2.7128465,-3.8278809,-1.8633859,-0.80627847,-8.609596,-13.533889,0.041392185,0.61399317,0.33092293,0.0004776667,0.0034063903,0.009803707,4.0036152e-06,2.909774e-08,1,,,,1.2488928,0.19971383,2.9589398,2.798878,-3.8362484,-2.118454,-0.3238458,-8.859307,-14.036672,0.051752806,0.48678857,0.42949253,0.0010083903,0.0043727616,0.0265732,1.1666019e-05,6.806022e-08,1,,,,0.061907127,Test
1998,0,-1.9780909,1.4281762,4.0849953,-3.1958954,-0.76281565,0.2755686,-7.7020164,-10.431634,0.0021095043,0.06360677,0.90645283,0.0006241581,0.0071116076,0.020087792,6.8914546e-06,4.496279e-07,2,,,,0.57077193,-2.4423935,1.3673116,4.406911,-3.637544,-1.028758,0.09251204,-8.205127,-11.049907,0.0018394832,0.061579507,0.9128308,0.00040145795,0.006462796,0.01687994,4.8551774e-06,1.1797507e-06,2,,,,0.016842434,Test
1999,0,-2.0431316,0.059961148,1.396413,-2.067862,-1.73652,1.6326281,-3.9140258,-5.726433,0.012142351,0.09946366,0.3785106,0.011845751,0.016499184,0.4793635,0.0018697514,0.0003052569,5,,,,1.6415014,-2.3249767,-0.031766314,1.332108,-2.3463986,-2.0146105,1.7227652,-4.0767684,-5.9794374,0.009604542,0.094055854,0.35879967,0.008851245,0.01288954,0.5136726,0.0017973842,0.0003292157,5,,,,0.03954454,Test
2000,0,-1.0753901,1.3755656,3.2094855,-3.3398046,-0.98850393,0.552476,-7.7814946,-10.359801,0.010931118,0.12679476,0.79352856,0.0011356433,0.011923367,0.055672143,1.337336e-05,1.0150709e-06,2,,,,1.0332721,-0.8024641,1.4991734,2.892814,-3.221904,-1.2447557,0.39825815,-7.8022127,-10.544464,0.044543803,0.19855168,0.673855,0.0037581094,0.011495015,0.067758575,3.6104426e-05,1.6976544e-06,2,,,,0.053740375,Test
2001,0,-2.0427651,0.87226146,4.616592,-3.452856,-0.5230633,0.95642745,-8.975334,-12.209625,0.0012130272,0.022379506,0.94622093,0.00029612536,0.0055445805,0.02434464,1.1832972e-06,4.6607852e-08,2,,,,0.385434,-2.580967,0.64541274,4.579662,-3.2423248,-0.3692283,1.146478,-8.52146,-11.456203,0.0027881197,0.028317684,0.9206506,0.0008529869,0.007288324,0.040093984,7.959507e-06,3.4687778e-07,2,,,,0.01456782,Test
2002,0,-1.9997368,0.10935497,4.8847804,-2.7164402,-0.8814128,0.2910704,-8.090708,-11.455176,0.0010002963,0.008243195,0.9773193,0.0004885042,0.0030606277,0.009885841,2.2638799e-06,7.828591e-08,2,,,,0.1962037,-2.3526862,-0.07327769,5.289827,-2.8311505,-0.80729437,0.73673075,-8.433058,-11.893787,0.0008256991,0.0068368404,0.9731742,0.0005450935,0.0033450592,0.015267318,5.637789e-06,1.4877942e-07,2,,,,0.005611134,Test
2003,0,-2.9600172,0.16579844,5.793893,-3.3768885,-0.31262502,0.6319809,-9.225934,-11.245087,0.00015599954,0.0035534315,0.98832136,0.000102820224,0.0022022733,0.005663805,2.9639457e-07,3.935173e-08,2,,,,0.11071871,-3.017516,-0.1900936,5.6071906,-3.032085,-0.3888294,0.6941804,-8.730497,-11.302561,0.00043665865,0.006971539,0.97699535,0.00037882774,0.0027804214,0.012434546,2.2203749e-06,3.8180147e-07,2,,,,0.0051843477,Test
2004,0,-3.3740332,0.019309012,5.2342634,-2.988272,-0.3127498,1.4043725,-8.094148,-10.242319,0.00017700913,0.005268723,0.9694631,0.00026033324,0.0037800195,0.021048967,1.577887e-06,1.8413523e-07,2,,,,0.2362561,-3.1980243,0.07868004,4.7760696,-2.640759,-0.7715579,1.2209728,-7.627861,-9.567835,0.00049028423,0.014202617,0.9416698,0.0009446906,0.0049836244,0.037698813,9.088465e-06,1.0206593e-06,2,,,,0.010848801,Test
2005,0,-1.2645128,-0.99398535,2.8079908,-2.928111,-0.075440794,-2.8844216,-5.710755,-3.386386,0.015427969,0.020220753,0.90567964,0.0029229212,0.050665945,0.0030534535,0.00018085499,0.0018483785,2,,,,0.62325656,-1.2349638,-0.91815615,2.9036555,-2.9913192,-0.22526297,-2.99144,-5.7990294,-3.4325805,0.027896127,0.027018722,0.89066327,0.0038371966,0.04460602,0.0034735482,0.00032385724,0.0021812601,2,,,,0.01944299,Test
2006,0,-3.5783336,-1.806707,1.8467097,-1.6512094,-0.9780235,0.972102,-2.8414984,-1.7325267,0.0027984916,0.016456278,0.6353167,0.019224867,0.037689835,0.26494333,0.0058469228,0.017723424,2,,,,1.4790729,-3.4600418,-1.7313831,1.9150336,-1.6046432,-0.7662281,0.8884597,-2.9031494,-1.7126501,0.0036756147,0.018521186,0.6450415,0.02057435,0.044657663,0.23835766,0.0071429885,0.02202902,2,,,,0.027764166,Test
2007,0,7.5531816,3.546542,-0.17288488,-3.0317984,-4.658999,-5.8436813,-9.983352,-21.737986,0.9816746,0.017861014,0.0004330913,2.4829567e-05,4.878482e-06,1.4920518e-06,2.3765551e-08,1.8662716e-13,0,,,,0.13524814,7.563732,3.1788764,-0.24139237,-3.585607,-4.6575584,-5.748353,-10.823081,-21.514935,0.9710137,0.027220745,0.0014020542,8.257336e-05,3.0477191e-05,0.00025037152,9.481343e-08,7.6734216e-11,0,,,,0.0086571295,Test
2008,0,-4.285458,-0.4488176,7.821999,-3.531055,0.33008194,0.6289681,-10.66818,-12.879134,5.50949e-06,0.0002554719,0.99842,1.1715061e-05,0.000556692,0.0007506192,9.313878e-09,1.0207635e-09,2,,,,0.019424658,-4.881332,-0.7254359,8.391129,-3.9950187,0.58832455,0.4414169,-12.095736,-13.7002,3.6940933e-06,0.0002090054,0.99863255,8.295818e-06,0.0004894672,0.0006569637,6.0529937e-09,5.174468e-09,2,,,,0.0003083066,Test
2009,0,-3.1763299,-1.1834854,2.967249,-2.1693575,0.099878475,0.6409915,-4.418501,-3.269374,0.0018183532,0.013340112,0.84683836,0.00497738,0.048141252,0.08270271,0.00052506145,0.0016567983,2,,,,0.86993384,-3.3322186,-1.4404905,3.1043792,-2.3985054,0.18637188,0.84645003,-4.909915,-3.8642516,0.002957915,0.0130897965,0.83369225,0.005272721,0.049151413,0.093865536,0.00073042844,0.0012398622,2,,,,0.018806748,Test
2010,0,-1.389959,0.4271743,0.7161651,-1.979254,-1.7810019,0.92621034,-3.4531498,-5.299208,0.03719482,0.228904,0.30560502,0.02063264,0.025156757,0.37703526,0.004725524,0.0007459626,5,,,,2.010221,-1.3598094,0.42997795,0.76912165,-1.7256649,-1.7282082,1.0299466,-3.2361073,-5.223108,0.038977094,0.21534435,0.29615298,0.026707252,0.026011746,0.39004904,0.0058095464,0.0009479914,5,,,,0.03422179,Test
2011,0,4.9380627,3.0335152,0.40054816,-2.3158855,-3.7891152,-3.8249958,-7.3280706,-16.051716,0.861608,0.12828483,0.009219177,0.00060948083,0.00013968335,0.00013476022,4.056913e-06,6.6003164e-10,0,,,,0.63764584,5.21099,3.373483,0.17491779,-2.49916,-3.562695,-4.5580645,-7.142843,-17.28107,0.82324535,0.1628783,0.0127967205,0.0006903617,0.00026035024,0.00010872646,2.0194042e-05,9.284274e-10,0,,,,0.027812622,Test
2012,0,-3.384352,-1.0699738,1.6766253,-1.832284,-1.3379561,2.1730745,-3.4699109,-3.8656406,0.0022623646,0.02289203,0.35687578,0.010681127,0.017510599,0.5863032,0.0020768486,0.0013981104,5,,,,1.3306357,-3.5377293,-1.0345535,1.6243937,-1.8244064,-1.5430934,2.2391815,-3.473909,-3.8006783,0.0023126812,0.025674442,0.33184752,0.011407936,0.01515913,0.6091806,0.002224607,0.00219305,5,,,,0.022208933,Test
2013,0,-3.732263,-0.101480946,6.5266523,-3.0760279,-0.5025515,0.95914125,-9.450954,-12.406002,3.4830147e-05,0.0013145702,0.99390644,6.713585e-05,0.0008802399,0.003796699,1.1438236e-07,5.9565908e-09,2,,,,0.06225928,-3.5781639,-0.09061851,6.5408645,-3.1528296,-0.08497331,0.9175881,-9.1396055,-12.096479,0.0001342475,0.0034959875,0.9892813,0.00010365226,0.0024553032,0.0045291474,4.1788826e-07,3.2377464e-08,2,,,,0.0023622883,Test
2014,1,-5.1256437,-1.4384474,6.7472963,-2.6579764,0.015676977,2.284413,-8.57541,-10.67048,6.886519e-06,0.0002749976,0.9870794,8.122582e-05,0.001177191,0.011380114,2.1866805e-07,2.6909648e-08,2,,,,0.10793945,-5.0912714,-1.7345066,6.7498193,-2.8146195,-0.098791584,2.2656465,-8.812755,-10.696671,1.6395074e-05,0.0003481807,0.98025215,9.1416005e-05,0.0014563281,0.017834831,5.1545305e-07,2.1844417e-07,2,,,,0.004276435,Test
2015,0,-3.3494759,-0.1488481,5.341693,-2.9580193,-0.23524393,1.0323558,-7.9523973,-9.653068,0.00016448255,0.0040377076,0.978693,0.0002432917,0.003703511,0.013156039,1.6485284e-06,3.0095723e-07,2,,,,0.17965844,-3.4335759,-0.22258314,5.6618204,-3.101084,0.16293335,1.1432006,-8.653051,-9.366674,0.00032539648,0.004396103,0.97444355,0.000557958,0.004730963,0.015542018,3.4979544e-06,6.8314046e-07,2,,,,0.0055999267,Test
2016,0,-3.8391523,-1.9720004,1.9319623,-1.6313964,-0.9306303,1.3457793,-3.1444218,-1.7336085,0.0018363252,0.011880735,0.5892678,0.016701892,0.033659253,0.32789642,0.0036784692,0.015079105,2,,,,1.4540576,-3.5477962,-1.8556591,1.8298746,-1.5544701,-0.77807033,1.2004117,-3.096319,-1.8183521,0.0031486116,0.016326837,0.5782341,0.02071141,0.04483633,0.31519297,0.0050384877,0.016511304,2,,,,0.029040651,Test
2017,0,-3.5413697,-1.9079894,1.686634,-1.4566163,-1.2248749,0.27179465,-2.4805872,-0.73916644,0.0036312514,0.018596204,0.6769388,0.029204728,0.036821134,0.16447219,0.010489343,0.059846353,2,,,,1.5820539,-3.5718582,-1.8492502,1.655654,-1.4116669,-1.3604853,0.2757893,-2.4766135,-0.8422691,0.003919947,0.020470705,0.66589034,0.032320775,0.033565596,0.17689237,0.011760823,0.055179395,2,,,,0.032596447,Test
2018,0,-4.2080846,-2.3595097,0.53114045,-0.09058751,-2.4664683,-0.0023544375,-0.7259297,-0.25004345,0.0029345984,0.018636933,0.33555824,0.18020004,0.01674646,0.19682217,0.095461726,0.15363991,2,,,,2.4049752,-4.265081,-2.4218965,0.63270986,-0.10659365,-2.5642521,0.00049847516,-0.72829103,-0.20426989,0.0028920881,0.017183531,0.34927312,0.16764387,0.014479952,0.19533579,0.0931221,0.16006956,2,,,,0.03671994,Test
2019,0,-2.6605394,0.5073859,4.564695,-3.1106696,-0.6942191,1.2130629,-7.992718,-10.403331,0.0006876062,0.01633624,0.9445372,0.00043837988,0.004912491,0.033084437,3.3235626e-06,2.983241e-07,2,,,,0.3872794,-2.5935872,0.415414,4.3281083,-3.3980286,-0.3618495,1.2374789,-8.364669,-10.199202,0.0021741078,0.024459267,0.90445155,0.0009574024,0.011806472,0.056129407,2.0286549e-05,1.5472899e-06,2,,,,0.017630097,Test
2020,0,-1.3321714,-0.9663382,1.3566964,-2.2572324,-0.2511734,-0.773738,-3.0948818,-1.3873583,0.042796005,0.061699636,0.6297435,0.016968926,0.12614636,0.07480451,0.007342905,0.040498216,2,,,,1.8584512,-1.2783735,-1.0030485,1.4289914,-2.3265905,-0.13267669,-0.9335486,-3.3106549,-1.2948279,0.045782093,0.05741939,0.6329766,0.015449569,0.13489746,0.061640285,0.0060275756,0.045807064,2,,,,0.02067973,Test
2021,1,-0.12080458,2.219134,3.0021615,-3.286567,-1.617769,-0.35711515,-7.876107,-12.349621,0.028449334,0.29532117,0.6461882,0.0012000486,0.0063672047,0.022461753,1.2189525e-05,1.3904804e-07,2,,,,1.2541465,0.30920818,2.8806977,2.724296,-3.6183639,-1.3401321,-0.44311658,-7.7892075,-11.469897,0.053414613,0.48117542,0.43254685,0.0010176528,0.0094240885,0.022397542,2.3342534e-05,4.964068e-07,1,,,,0.060343564,Test
2022,1,-4.2834573,-0.39435807,7.3319874,-3.4697552,0.35649592,1.0709918,-10.173269,-11.909838,8.995798e-06,0.00043959604,0.9966967,2.0296719e-05,0.00093142,0.0019030363,2.4895833e-08,4.3847472e-09,2,,,,0.036704484,-4.441082,-0.7796446,7.942623,-3.717711,0.48461753,1.064189,-10.57803,-12.507118,3.1751206e-05,0.0008495139,0.9961712,2.5014324e-05,0.0010340081,0.0018884186,5.4895516e-08,1.0373186e-08,2,,,,0.0009831466,Test
2023,0,2.7162654,0.61280274,-0.45902008,-1.7116635,-2.2685277,-3.0647748,-3.6710765,-6.835261,0.84215134,0.102770366,0.035186913,0.010054606,0.00576132,0.0025984617,0.0014171074,5.9870807e-05,0,,,,0.8621299,2.7109072,0.5771578,-0.45328793,-1.8406713,-2.1844575,-3.0789006,-3.7096126,-7.299713,0.823829,0.11061092,0.0410535,0.010877179,0.00791269,0.0034988443,0.002139264,7.853613e-05,0,,,,0.022852404,Test
2024,0,-3.673354,-0.8256304,6.0482163,-2.7953246,0.3179113,0.50447994,-8.073337,-9.037531,5.9476297e-05,0.0010258747,0.9916722,0.00014310903,0.0032190536,0.003879306,7.3022284e-07,2.7842717e-07,2,,,,0.08255775,-3.6392326,-0.24651882,5.884604,-2.9413126,0.02875703,0.4160226,-7.928425,-9.441683,0.00013090763,0.0037206567,0.9868127,0.00027208772,0.0033116688,0.0057476014,3.905785e-06,4.4614302e-07,2,,,,0.0023607053,Test
2025,0,-3.762778,-1.8302631,2.469768,-2.3037198,-0.22622769,1.0536182,-4.3612776,-1.8466573,0.0014567276,0.010061409,0.7415469,0.0062667034,0.050035994,0.17993373,0.0008006693,0.009897806,2,,,,1.1818224,-3.868609,-1.8530098,2.647517,-2.326098,-0.1658611,1.0174344,-4.6045527,-1.7914978,0.0013764307,0.00973258,0.7643469,0.0063215545,0.047167134,0.16020246,0.00067472545,0.0101782475,2,,,,0.022365063,Test
2026,0,3.3775146,5.179838,1.2481105,-3.967509,-3.6894841,-2.7543619,-8.92293,-17.211184,0.13915358,0.8437885,0.016546493,8.9865105e-05,0.00011866867,0.00030231118,6.331102e-07,1.5919756e-10,1,,,,0.7069085,3.4353282,5.633434,1.4517746,-4.161853,-3.4050052,-2.9637873,-9.109642,-16.967564,0.12851387,0.8442467,0.026469823,7.4858835e-05,0.00027301352,0.00042085847,8.5792436e-07,1.7060933e-09,1,,,,0.028169794,Test
2027,0,1.0808665,1.2507645,0.59274054,-2.4820857,-1.4924763,-1.4778074,-4.0835977,-6.6169066,0.33476478,0.39675787,0.20547044,0.009492254,0.025535902,0.025913248,0.0019135578,0.00015192857,1,,,,1.8814226,0.7870315,1.2806282,0.87955046,-2.3975747,-1.3756884,-1.2266026,-4.318696,-6.876194,0.24934895,0.40076238,0.27399716,0.01055989,0.028870964,0.034768358,0.0015721687,0.00012014089,1,,,,0.040763434,Test
2028,0,0.50087035,3.1383772,3.2504332,-3.774924,-1.6281652,-1.3740422,-8.760341,-13.891115,0.03236202,0.4523663,0.5060059,0.00044986446,0.0038495262,0.0049633095,3.0756921e-06,1.8183428e-08,2,,,,1.249099,0.4557661,2.9917388,3.6590056,-3.8192108,-1.2482502,-1.0263972,-9.330949,-14.572484,0.034640525,0.36877474,0.5817343,0.00061097794,0.0044522556,0.009782855,4.1740504e-06,1.3258827e-07,2,,,,0.063292675,Test
2029,0,-1.3166088,0.43233237,4.7884846,-2.7840605,-1.2356671,0.12363714,-8.83353,-13.062139,0.0021719292,0.012485365,0.9733165,0.0005006562,0.0023550396,0.0091693085,1.1811039e-06,1.721181e-08,2,,,,0.22428444,-1.5517393,0.44026637,4.908988,-3.037209,-1.3819158,0.0031132163,-9.126634,-13.452075,0.0040161842,0.021725537,0.9578165,0.0005682546,0.0025281822,0.013343116,2.2007043e-06,2.6218927e-08,2,,,,0.011338641,Test
2030,0,-2.9935277,0.9814214,6.2254515,-3.5437667,-0.48267162,0.79326695,-10.041159,-13.529663,9.805829e-05,0.0052213487,0.9890904,5.6561163e-05,0.0012076333,0.004325817,8.525844e-08,2.6043439e-09,2,,,,0.103019886,-3.1056542,0.95600814,6.1423287,-3.5657392,-0.75036734,0.6305887,-10.012751,-13.290909,0.0004975748,0.014421622,0.9788936,8.2907245e-05,0.0012943106,0.00480977,3.3469536e-07,5.2474802e-09,2,,,,0.0074898317,Test
2031,0,-3.767634,-1.7970498,2.6414304,-2.0172052,-0.39404747,0.9999625,-3.943561,-2.6662605,0.0012954656,0.00929479,0.78676885,0.007458086,0.03780558,0.15239361,0.0010864799,0.0038971438,2,,,,1.0342237,-3.815184,-1.7121751,2.6132467,-2.1661563,-0.32545707,0.8382872,-3.9904575,-2.398436,0.0015116319,0.011815566,0.78625244,0.0073910067,0.0439656,0.13995011,0.0014546558,0.0076589845,2,,,,0.014972928,Test
2032,1,0.9143018,0.73071444,2.7535288,-2.5123737,-1.2415456,-1.3422179,-7.094024,-11.17343,0.11937015,0.09934928,0.75103784,0.0038789073,0.013823661,0.012499755,3.9712184e-05,6.718315e-07,2,,,,1.203297,0.8291278,0.6921399,2.6684666,-2.3510284,-1.2327764,-1.4044706,-7.023636,-10.65592,0.14351425,0.11585432,0.7031369,0.005326451,0.017187033,0.0148814665,8.2807834e-05,1.6732238e-05,2,,,,0.041454684,Test
2033,0,-1.0909846,2.4601817,4.3498125,-4.1233664,-1.6456466,0.3229027,-9.983662,-13.82029,0.0036871205,0.12851067,0.8503455,0.00017772175,0.0021173889,0.015161099,5.065784e-07,1.0924982e-08,2,,,,0.7217393,-0.9207036,2.5489376,4.1347685,-4.136428,-1.4294989,0.6531011,-10.024183,-13.571367,0.0066206143,0.19885118,0.75098497,0.0002650541,0.004601802,0.038675003,1.3759762e-06,4.410778e-08,2,,,,0.04782657,Test
2034,1,-1.2995418,0.9693465,6.263722,-3.6402433,-0.310345,-1.1264414,-10.803256,-15.472794,0.00051526073,0.0049818745,0.992455,4.9599064e-05,0.0013855741,0.00061263755,3.842521e-08,3.6029837e-10,2,,,,0.0749838,-0.78414404,1.4579697,6.6367464,-4.029353,-0.13091883,-1.1984476,-11.3542385,-15.8841505,0.0014724424,0.010797349,0.98538,4.504747e-05,0.0016943587,0.0006106965,3.7873303e-08,4.2184523e-10,2,,,,0.0037009125,Test
2035,0,-4.460465,-0.67885715,7.5621443,-3.0057716,0.015571209,1.6089591,-10.164177,-12.986268,5.986374e-06,0.00026272147,0.99659085,2.5640667e-05,0.0005261164,0.0025886984,1.9955976e-08,1.1870112e-09,2,,,,0.036507044,-4.453165,-0.2735793,8.226126,-3.006659,0.42345008,2.0935364,-10.769074,-14.185791,6.732459e-06,0.00053892063,0.99433124,2.6404825e-05,0.0005559292,0.0045407754,2.1359153e-08,1.8631554e-09,2,,,,0.001922921,Test
2036,0,-4.3186736,-2.3398988,1.5296084,-1.082335,-1.691645,1.8057595,-2.421321,-1.9060067,0.0011509298,0.00832568,0.39895636,0.02928012,0.015920358,0.52584326,0.007674651,0.012848627,5,,,,1.4641403,-4.3836837,-1.9655952,1.7229818,-1.0713208,-1.5073901,1.4540709,-2.4340012,-1.8581835,0.0014618342,0.014604652,0.5068704,0.035503767,0.02059242,0.39335832,0.011828085,0.015780533,2,,,,0.029229743,Test
2037,1,6.730961,-0.26346314,-2.7220798,0.15213083,-3.7654576,-5.0163937,-2.2386456,-9.873687,0.99745876,0.0009146507,7.8251265e-05,0.0013859427,2.7565035e-05,7.890122e-06,0.00012689496,6.131796e-08,0,,,,0.029316667,6.6234217,-0.70421183,-2.746082,0.08365775,-3.481971,-5.126505,-2.1441376,-9.727812,0.9962158,0.0013516067,0.00012736488,0.0019873949,8.412941e-05,1.9446152e-05,0.00021396752,2.8426498e-07,0,,,,0.00089026,Test
2038,0,-4.9359107,-1.7934608,6.351296,-2.6649096,0.009298669,2.2023919,-8.418672,-9.633463,1.2311037e-05,0.00028513037,0.9823499,0.000119282784,0.0017297042,0.015503157,3.782253e-07,1.1224676e-07,2,,,,0.13942596,-4.919314,-1.7000214,6.084096,-2.6966004,-0.16372131,2.3805022,-8.936008,-10.178583,3.5704874e-05,0.0007378882,0.9646708,0.00023778582,0.0027128612,0.031603754,9.0524554e-07,2.865043e-07,2,,,,0.0061693946,Test
2039,0,-0.84037614,0.59660155,3.0970604,-2.7218084,-0.288769,-1.2980939,-5.8923564,-6.8057685,0.016941966,0.0712911,0.868902,0.002581477,0.029411947,0.010719622,0.000108371874,4.3473716e-05,2,,,,0.7914877,-0.7836506,0.9595909,3.075521,-2.7897792,-0.40443596,-1.2260935,-5.8820186,-6.875725,0.020666858,0.12658475,0.804877,0.002542799,0.033044495,0.012105084,0.00012998353,4.9017155e-05,2,,,,0.03464125,Test
2040,0,-0.8614468,0.88433737,2.4982915,-3.2056859,-0.66194284,-0.16799216,-6.2186975,-7.312916,0.02574952,0.14755489,0.7411139,0.0024698977,0.03143494,0.051514883,0.00012137927,4.0637966e-05,2,,,,1.2645215,-1.0718721,0.9129418,2.4546728,-3.3200622,-0.8144089,-0.16686836,-6.5199385,-7.355839,0.026706005,0.18024904,0.7055093,0.0024778442,0.027345657,0.057465296,0.00019449295,5.2414798e-05,2,,,,0.03273491,Test
2041,0,-2.6127841,-1.228789,1.7613437,-1.9892578,-0.7391916,-0.40912932,-2.8285303,-0.89217496,0.009242957,0.03688692,0.733619,0.017242689,0.060186893,0.08372325,0.0074492665,0.051649015,2,,,,1.4839907,-2.3086152,-1.123169,1.5861417,-1.8262329,-0.79101396,-0.4340406,-2.5873418,-0.8643222,0.017907348,0.054083638,0.66794944,0.026264096,0.06461357,0.09523276,0.013243946,0.060705174,2,,,,0.035946082,Test
2042,0,-5.3220434,-1.4231147,7.305609,-3.1472023,-0.030261917,2.7385402,-10.075604,-11.96579,3.243607e-06,0.00016007069,0.98889065,2.8546314e-05,0.0006444955,0.0102729555,2.7962944e-08,4.2236334e-09,2,,,,0.093131565,-5.3725147,-1.5346816,7.4666376,-3.4425616,-0.15440837,2.7242897,-10.586637,-11.844951,1.109721e-05,0.000402171,0.9836577,4.6699046e-05,0.0008726255,0.0150096845,6.828161e-08,1.0421617e-08,2,,,,0.0037431645,Test
2043,1,2.076012,0.23766133,-0.34443802,-1.9070096,-1.7712688,-2.8241405,-2.8525152,-5.292399,0.7673174,0.12206455,0.06820041,0.01429456,0.016372774,0.0057130232,0.0055531966,0.00048407735,0,,,,1.2020315,2.0068047,0.3245922,-0.46796602,-1.8788011,-1.9614716,-2.831676,-2.7478456,-5.560467,0.7332295,0.15333013,0.06693359,0.015921488,0.015157722,0.007886273,0.00704384,0.00049742335,0,,,,0.03345246,Test
2044,0,9.218708,3.7383611,-2.8728557,-1.7725426,-5.0872345,-7.624957,-6.113106,-17.048859,0.9958263,0.004150489,5.5832106e-06,1.6778145e-05,6.09806e-07,4.8202807e-08,2.1860569e-07,3.893358e-12,0,,,,0.03923172,9.568528,3.7727966,-3.0051336,-2.0531707,-5.6215987,-8.363366,-6.3780446,-17.222223,0.9928281,0.007109662,2.575412e-05,3.3940883e-05,1.1350033e-06,1.0803294e-06,3.2740655e-07,1.4794571e-10,0,,,,0.0032375315,Test
2045,0,-3.6549914,-1.1799508,4.3969235,-3.105006,0.0922517,1.4060916,-7.230631,-6.31056,0.00029809086,0.0035419732,0.9359464,0.0005166596,0.012640253,0.047027208,8.345809e-06,2.094354e-05,2,,,,0.41493377,-3.5114677,-1.1767515,4.2191024,-2.7471778,0.2590688,1.4463695,-6.805255,-6.2646456,0.0011598374,0.008171316,0.8846558,0.0014844162,0.021530258,0.08290189,6.1996085e-05,3.45065e-05,2,,,,0.023736054,Test
2046,0,-4.2864385,-0.08184008,7.529036,-3.6834245,-0.5263238,1.853373,-11.138124,-14.232731,7.3579654e-06,0.0004929373,0.99575645,1.3447558e-05,0.00031604926,0.0034138465,7.78231e-09,3.524829e-10,2,,,,0.043517433,-3.9850051,-0.03870066,7.613842,-3.5117996,-0.67042494,1.6427076,-10.816985,-13.971997,3.630059e-05,0.0022570763,0.9913454,4.4720295e-05,0.00037271448,0.0059436476,1.01302234e-07,2.7061656e-08,2,,,,0.003085556,Test
2047,1,-3.01323,0.49717847,6.0585856,-3.5710897,0.2607575,0.077519014,-9.410374,-11.38041,0.00011376742,0.0038068774,0.9905065,6.512424e-05,0.0030053325,0.0025021483,1.8957167e-07,2.6436128e-08,2,,,,0.09343323,-2.6822608,0.58938545,5.7143865,-3.5139396,0.19620202,-0.016391885,-9.044019,-11.626883,0.0015662734,0.017929966,0.9705017,0.00022946985,0.0053980164,0.00437143,3.0794017e-06,8.3272376e-08,2,,,,0.008120373,Test
2048,0,0.8375211,-1.6843182,0.3694989,-1.1346639,-0.73814213,-2.8962533,-1.8467788,-1.4141151,0.44444987,0.035694554,0.27833214,0.061846297,0.09194349,0.01062344,0.030342136,0.0467681,0,,,,2.199333,0.9815032,-1.638032,0.35180956,-1.1516222,-0.8659891,-2.889249,-1.8453362,-1.4277474,0.48194733,0.03582106,0.26057547,0.057700507,0.07677142,0.011518118,0.030220548,0.04544553,0,,,,0.039398544,Test
2049,1,4.472788,-0.69459844,-0.65944284,-0.9542964,-2.6851737,-5.3497987,-3.5597363,-7.733114,0.9831282,0.0056032874,0.005803776,0.004321727,0.00076550286,5.329853e-05,0.0003192488,4.9164796e-06,0,,,,0.15557757,4.602819,-1.0801232,-0.76751506,-0.9631835,-2.5968835,-5.5294037,-3.610086,-8.186094,0.9816559,0.0046664393,0.0067236237,0.005093592,0.0012238895,6.737998e-05,0.00056306605,6.1182545e-06,0,,,,0.003879304,Test
2050,0,3.462018,2.8315737,0.41478056,-2.698088,-2.3732047,-3.730048,-5.42127,-11.619556,0.63060784,0.3357074,0.029947529,0.0013318628,0.0018431231,0.00047455297,8.745742e-05,1.7779305e-07,0,,,,1.1355815,3.282364,2.407685,0.6177113,-2.6142,-1.9387128,-3.562867,-5.560052,-11.175409,0.62935054,0.3111713,0.050529946,0.0021122114,0.005918773,0.00078576355,0.0001309487,5.141196e-07,0,,,,0.05316264,Test
2051,0,5.083798,0.9713488,-1.7040998,-1.2273126,-2.880314,-4.3087125,-3.1133587,-9.4057865,0.9803749,0.016046422,0.0011052123,0.001780376,0.00034089616,8.171029e-05,0.00027003008,4.996269e-07,0,,,,0.15905955,4.803365,0.9748004,-1.5131192,-0.8620612,-2.884742,-4.059331,-3.0182624,-8.940619,0.961063,0.029123371,0.0031200456,0.004845073,0.00093893113,0.00034088833,0.00056545564,3.1854076e-06,0,,,,0.0068708123,Test
2052,0,0.7376064,-0.96067816,0.5964579,-1.7099965,-0.8439694,-3.1163316,-2.5630748,-2.406669,0.4090546,0.074855834,0.3552068,0.03538351,0.08412239,0.008670362,0.015076956,0.017629497,0,,,,2.0622344,0.83933383,-1.1224761,0.35695496,-1.6264178,-0.9007082,-3.136349,-2.5060086,-2.6982007,0.46905106,0.06533502,0.29891548,0.04062781,0.084885255,0.0111097535,0.016349826,0.013725822,0,,,,0.040702287,Test
2053,0,-2.175101,0.51301897,4.753768,-3.2704809,-0.16858612,-0.38979828,-7.861077,-9.129884,0.00095167395,0.013993425,0.9719812,0.00031825172,0.0070779356,0.0056732967,3.229239e-06,9.0795544e-07,2,,,,0.23225012,-2.3128817,0.43673873,4.9474707,-3.5198627,-0.20085523,-0.20014112,-8.391668,-10.008811,0.0023393794,0.019482343,0.96351385,0.0003543678,0.0075671063,0.0067382706,3.6705474e-06,9.920093e-07,2,,,,0.009961326,Test
2054,0,4.9220805,0.33221143,-1.5937825,-1.0739532,-2.7265825,-4.395485,-3.1541722,-8.72747,0.98522055,0.010004115,0.001457908,0.002451823,0.00046963594,8.850463e-05,0.0003062396,1.1630774e-06,0,,,,0.13260363,4.71816,0.462857,-1.7659622,-1.1238756,-2.801423,-4.4112377,-2.9440565,-8.565922,0.97493905,0.017898593,0.0018980687,0.003682461,0.00062109856,0.0002499962,0.00070542225,5.297747e-06,0,,,,0.004185828,Test
2055,0,0.7843784,3.0472596,1.5796705,-3.32804,-2.2083886,-1.6806331,-6.5736427,-10.192351,0.07705343,0.7405405,0.17068014,0.0012612217,0.0038641128,0.0065501467,4.9118393e-05,1.317222e-06,1,,,,1.1325638,0.99763745,3.1248105,1.4068133,-3.4144104,-1.8666477,-1.9125395,-6.2194605,-10.103963,0.10196004,0.7091209,0.17144255,0.0015327453,0.0063176253,0.009498082,0.00012657834,1.5076985e-06,1,,,,0.050669827,Test
2056,1,3.8155196,3.9597578,-0.7775338,-3.178398,-3.0226994,-3.455401,-5.3754673,-11.572544,0.46124005,0.53280574,0.004668627,0.0004231625,0.00049445446,0.0003207793,4.702536e-05,9.571409e-08,1,,,,1.049612,3.6020691,4.0498605,-0.8516628,-3.372707,-3.0014935,-3.1985497,-5.5439672,-11.707243,0.39497846,0.5928472,0.00862694,0.000678745,0.0010627897,0.0017480984,5.746334e-05,2.871569e-07,1,,,,0.04128701,Test
2057,0,-7.8153567,-4.251424,10.992679,-3.8182864,1.8930527,2.942556,-13.276745,-14.931287,6.7855788e-09,2.3954277e-07,0.99956876,3.6939625e-07,0.00011165945,0.000318925,2.882276e-11,5.510329e-12,2,,,,0.00580536,-7.4951653,-3.9497056,10.426677,-3.9323673,1.5242856,2.7814975,-12.333186,-14.633118,3.944198e-08,1.3521379e-06,0.9987586,1.0645574e-06,0.00021759086,0.0010214589,7.780856e-10,1.4003718e-10,2,,,,0.00039321248,Test
2058,0,46.849705,-14.610706,-15.614836,19.147362,-25.756796,-30.049532,-9.914836,-60.485798,1.0,2.0327436e-27,7.447244e-28,9.311622e-13,2.9335822e-32,4.009452e-34,2.2257316e-25,0.0,0,,,,3.7214856e-11,46.03263,-13.438295,-14.950743,18.211178,-26.336674,-29.769205,-9.679518,-60.125446,1.0,1.9788034e-20,1.1946362e-23,1.0589667e-09,2.1381492e-26,9.794344e-29,9.3993554e-20,8.1686e-38,0,,,,4.169757e-10,Test
2059,1,3.5627077,4.129492,0.27693862,-3.4407935,-3.0492258,-3.0784335,-7.0118823,-13.830955,0.3566861,0.62869126,0.013344271,0.00032411882,0.00047946838,0.00046566673,9.115907e-06,9.961279e-09,1,,,,1.0489005,3.4712853,4.1949344,0.30370292,-3.6533513,-2.7727323,-2.7701364,-7.0389757,-13.791483,0.33106047,0.63017035,0.035675228,0.0008459793,0.0011058386,0.0011181735,2.3882478e-05,7.086514e-08,1,,,,0.053866506,Test
2060,0,-3.0512252,-1.0715339,1.8439281,-1.8047429,-0.9879818,0.9645407,-3.170476,-2.9217267,0.004745587,0.03436045,0.6342024,0.016505556,0.03735468,0.26321754,0.004212111,0.0054016993,2,,,,1.476074,-3.0068166,-1.0430365,1.8203102,-1.9493862,-0.8008768,0.9653832,-3.3311405,-2.9538503,0.0055254926,0.036552712,0.61227053,0.01533405,0.046571903,0.2729694,0.004395365,0.0063804546,2,,,,0.02985097,Test
2061,0,4.2574563,-0.17286554,-0.45631576,-0.93042827,-2.232391,-4.038502,-4.09068,-8.8105,0.9723157,0.01158092,0.008722525,0.005429224,0.0014767348,0.00024261537,0.00023028068,2.053363e-06,0,,,,0.23401947,3.9025562,-0.18285298,0.115926765,-0.9016677,-2.1255844,-3.874123,-4.165879,-8.67105,0.93125534,0.02267797,0.030290227,0.011697511,0.0028071732,0.0008318952,0.00043301945,6.822031e-06,0,,,,0.016936598,Test
2062,0,-0.33193627,2.1116974,2.44875,-2.9912868,-1.5327569,0.24248189,-7.206023,-10.937722,0.03247492,0.37394243,0.5238233,0.002273039,0.009773237,0.05767861,3.3586897e-05,8.0447694e-07,2,,,,1.5030123,-0.435944,1.9932925,2.6112275,-3.070061,-1.4026006,0.32300088,-7.230123,-10.68461,0.03420255,0.31604382,0.5687188,0.0024345303,0.010947055,0.06760128,4.969061e-05,2.2078952e-06,2,,,,0.04549504,Test
2063,0,0.08197147,1.5707302,3.77429,-2.967761,-1.5642091,-0.86591434,-8.408021,-13.302562,0.021646278,0.09592746,0.8688341,0.0010254188,0.004173075,0.0083892215,4.448631e-06,3.3308474e-08,2,,,,0.72146845,-0.052116357,1.8074194,3.6160502,-2.9906397,-1.7445482,-0.73651624,-8.391381,-13.736888,0.042415805,0.20579898,0.7344964,0.0016595235,0.0041646687,0.0114445845,1.990535e-05,1.05179936e-07,2,,,,0.06729255,Test
2064,0,0.20529646,2.7145388,2.8428273,-3.4870327,-2.0541675,-0.5606244,-8.117685,-13.176924,0.035882514,0.44119743,0.50158894,0.0008939738,0.0037463661,0.016681982,8.714812e-06,5.5342486e-08,2,,,,1.3302996,-0.12945469,2.265436,2.7990549,-3.9098644,-2.2420535,-0.631631,-8.60051,-13.233566,0.04206396,0.3654671,0.5566789,0.0010365436,0.004384573,0.030356571,1.2143077e-05,2.1998832e-07,2,,,,0.053212464,Test
2065,0,-3.118184,-1.5495596,2.0027378,-1.7647551,-0.46897694,0.15667108,-3.0536537,-0.8717845,0.004380912,0.021028563,0.7337578,0.016957093,0.061958466,0.11582869,0.0046729348,0.041415565,2,,,,1.4141951,-2.9446743,-1.5209831,1.8297541,-1.7653923,-0.60085815,0.179432,-3.047376,-0.88419026,0.007230047,0.02560418,0.68149304,0.020990897,0.06181814,0.14085111,0.007715939,0.054296672,2,,,,0.03118509,Test
2066,0,1.1946195,0.98803455,0.92972493,-2.5477986,-0.89582646,-2.719756,-4.6728964,-6.0056977,0.3634379,0.2956048,0.27886108,0.008612289,0.044932548,0.0072516794,0.0010284907,0.00027125145,0,,,,1.8893775,1.2194096,1.0447953,1.0518106,-2.8066618,-0.78614986,-2.8414075,-4.8928657,-6.479705,0.34641874,0.29020372,0.3019988,0.0066285133,0.046633974,0.0070825308,0.00083976815,0.00019399442,0,,,,0.052456822,Test
2067,1,-3.717003,-1.3195983,2.2860568,-1.830075,-0.9921614,2.2185469,-3.8127632,-4.4101806,0.0012222409,0.013438054,0.4945982,0.008065647,0.018644057,0.4623101,0.0011106285,0.00061110174,2,,,,1.2929351,-3.5651717,-1.4297822,2.361556,-1.7719018,-0.97629225,2.2148032,-3.7152665,-4.3708405,0.0015091981,0.013111658,0.50881505,0.008722385,0.017904371,0.4478497,0.0013439489,0.0007436229,2,,,,0.03564783,Test
2068,0,-3.2193203,-1.317783,1.1109087,-1.370801,-1.5292536,0.39077404,-2.0685313,-1.6192979,0.0071168575,0.047655746,0.54060835,0.04519495,0.03857223,0.26310688,0.022494145,0.035250813,2,,,,1.9228959,-3.2632728,-1.4260446,1.1214336,-1.3200966,-1.5116419,0.5120424,-2.2907212,-1.7637256,0.007154801,0.043779477,0.5241927,0.04819604,0.038181446,0.28780547,0.018814856,0.031875223,2,,,,0.024275249,Test
2069,0,-4.9719276,-1.8061515,5.873813,-2.2902155,0.34355503,1.3147258,-6.9682417,-6.959446,1.9195497e-05,0.00045507058,0.9850198,0.00028044815,0.0039055692,0.010314746,2.6074238e-06,2.6304565e-06,2,,,,0.1295226,-4.750774,-1.64807,5.5784144,-1.947308,0.48220015,1.3682842,-6.562812,-6.7094665,3.615793e-05,0.00085108087,0.9725626,0.000611002,0.006979351,0.01894157,8.838086e-06,9.460517e-06,2,,,,0.003813261,Test
2070,0,-3.5902557,-1.7339542,1.3647773,-1.5099406,-1.3679596,1.8308507,-2.7051418,-2.5102632,0.0025124375,0.016079653,0.3564829,0.020117065,0.023186017,0.5681354,0.0060882894,0.0073982663,5,,,,1.4478766,-3.5910335,-1.8731482,1.3122534,-1.5574181,-1.5155014,1.8163658,-2.7575665,-2.7323122,0.0032143008,0.016244436,0.3521257,0.01999861,0.022982772,0.57243925,0.006396609,0.006598306,5,,,,0.029696658,Test
2071,0,-3.4727068,-1.7643964,0.87994564,-1.0335039,-1.6943989,0.46345848,-1.6887915,-1.0683668,0.005888114,0.032500207,0.45741376,0.06750076,0.034856644,0.30159986,0.035052653,0.065188035,2,,,,2.0995398,-3.4636912,-1.9965599,0.71571547,-1.1436465,-1.9570296,0.4256014,-1.7728573,-1.0665082,0.007100773,0.029347783,0.4202898,0.07019962,0.02899755,0.33157104,0.037937734,0.07455565,2,,,,0.04600274,Test
2072,0,-2.6428127,0.5673945,5.374173,-3.0276237,-0.7386464,0.53972846,-8.513839,-11.834862,0.0003236964,0.008022562,0.9814555,0.00022030118,0.0021732354,0.0078036548,9.1281686e-07,3.2967204e-08,2,,,,0.16266578,-2.1402767,0.9776117,5.5304923,-3.306942,-0.38124675,0.59080184,-8.685249,-12.136717,0.0011007633,0.021667521,0.9652468,0.00024046315,0.0030639647,0.00867616,4.2564707e-06,9.7146724e-08,2,,,,0.008254776,Test
2073,0,-2.9304478,-1.9668187,2.9432573,-2.2404845,-0.01781818,-2.4586875,-3.4731934,1.0473095,0.002297979,0.0060234424,0.8170784,0.0045813494,0.042294607,0.0036832297,0.0013354716,0.12270551,2,,,,0.9452369,-2.9990392,-1.883345,2.9452047,-2.2624617,-0.06386911,-2.495533,-3.4184146,1.1466548,0.0023769578,0.007509622,0.79532635,0.004944636,0.041945975,0.0043863943,0.0016506028,0.14185938,2,,,,0.017911483,Test
2074,0,10.40399,-0.1759446,-4.0105715,0.27349147,-5.2458563,-8.830343,-2.9219854,-14.429993,0.9999324,2.5419302e-05,5.4929575e-07,3.9842933e-05,1.597088e-07,4.432063e-09,1.6314473e-06,1.6394911e-11,0,,,,0.0011143388,10.600096,0.5460354,-4.250435,0.48325115,-5.759548,-8.940314,-2.839333,-14.799927,0.99973506,7.38762e-05,2.0099583e-06,0.00018351637,1.3585218e-07,4.7826582e-08,5.410621e-06,3.0349961e-10,0,,,,0.00012810873,Test
2075,0,-3.551716,0.39505276,5.847793,-3.4043906,-0.79937005,1.8864642,-9.395829,-12.998186,8.076184e-05,0.0041808668,0.9758011,9.358126e-05,0.0012662951,0.018577103,2.3395937e-07,6.377586e-09,2,,,,0.18889141,-3.7427745,0.23928945,5.841372,-3.3810062,-1.2893807,1.718903,-8.92808,-13.052435,0.00013857553,0.00813608,0.9689928,0.0002220034,0.0012147124,0.021294268,1.4684404e-06,7.0540864e-08,2,,,,0.0065864697,Test
2076,0,-3.9969363,-2.626884,1.4501702,-0.83706594,-1.2714716,-0.018579476,-1.8488531,0.9820447,0.0020696393,0.008145182,0.4803335,0.048776295,0.031589948,0.11057909,0.017733535,0.3007728,2,,,,1.9289001,-3.7817261,-2.6698828,1.4409888,-0.77611345,-1.136866,-0.122907855,-1.7626989,0.7604258,0.0032691613,0.009357181,0.4990961,0.05575325,0.039986223,0.11083244,0.021256702,0.2604489,2,,,,0.035135828,Test
2077,1,-2.5512176,-1.1085045,1.7275163,-2.1645176,-0.36543393,0.9404142,-3.7218523,-2.315674,0.008185572,0.03464266,0.590581,0.012050098,0.07283208,0.26880997,0.0025389188,0.010359628,2,,,,1.6252756,-2.475082,-1.059409,1.6173992,-2.0354648,-0.2974389,0.86721325,-3.3717644,-2.14773,0.011843053,0.039756212,0.5549431,0.015593593,0.081865124,0.27582952,0.005262953,0.014906515,2,,,,0.03689323,Test
2078,0,6.994491,3.5004296,-2.539751,-2.221642,-4.201375,-5.7861114,-4.487856,-13.659888,0.9703314,0.029475993,7.01861e-05,9.647267e-05,1.3323472e-05,2.7313347e-06,1.00046045e-05,1.0395306e-09,0,,,,0.19471467,6.4931984,3.0350127,-2.3664207,-2.3218336,-3.992807,-5.7434397,-4.346816,-12.738472,0.94810516,0.05132078,0.00023525694,0.00023064607,5.873248e-05,7.108431e-06,4.2237014e-05,2.2254117e-08,0,,,,0.012024052,Test
2079,0,3.307975,0.7110268,-0.17109251,-1.9170904,-1.7788514,-3.7269528,-3.6871274,-8.389889,0.89389503,0.06659571,0.027564282,0.004809163,0.0055221207,0.0007871476,0.0008191287,7.42966e-06,0,,,,0.6428405,3.6882737,1.222631,-0.4831356,-1.8147606,-1.7484802,-3.5943325,-3.9066415,-8.437227,0.86595833,0.095725,0.025723021,0.004704957,0.005587441,0.0015772625,0.00071043044,1.3610968e-05,0,,,,0.032675534,Test
2080,0,-3.0448728,-0.03730414,4.6621995,-2.9560847,-0.5751926,1.6169292,-7.904257,-9.913737,0.0004230107,0.008560949,0.9407849,0.00046228681,0.0049994234,0.04476578,3.2805594e-06,4.397858e-07,2,,,,0.39040852,-2.7796645,0.14458191,4.681747,-2.8287263,-0.72182083,1.6260153,-7.9212365,-10.398144,0.0018444543,0.018603072,0.9072865,0.0016586473,0.005670973,0.06490255,3.3150005e-05,6.571055e-07,2,,,,0.024451647,Test
2081,1,0.80762553,1.0555706,1.5380921,-2.2610884,-1.1880685,-2.1331246,-4.204494,-7.3526726,0.21740986,0.27858672,0.45135355,0.010105405,0.029550198,0.011484913,0.0014472494,6.213081e-05,2,,,,1.8159446,0.86767465,1.084448,1.816508,-2.3297143,-1.0781424,-2.1726117,-4.712564,-7.7199507,0.211869,0.24848318,0.48793072,0.009102576,0.03032189,0.011059613,0.0011544598,7.8522055e-05,2,,,,0.0413306,Test
2082,0,-3.6049562,-0.35132346,5.538686,-2.842936,0.23543416,0.75875133,-7.6665072,-8.872026,0.00010516445,0.0027220983,0.98379,0.00022532535,0.0048947376,0.008260442,1.8111738e-06,5.425123e-07,2,,,,0.14528003,-4.002524,-0.6560232,5.7467084,-2.8080022,0.2659854,0.8302927,-8.306559,-9.629225,0.00015654069,0.0027845935,0.9832471,0.00042856374,0.004829907,0.0085501205,2.9275502e-06,3.479543e-07,2,,,,0.002608553,Test
2083,0,0.3093462,1.5861323,2.4444366,-3.256978,-0.7697095,-2.0194933,-6.5676723,-8.074967,0.07402059,0.26537114,0.62605214,0.0020917878,0.025160806,0.007210249,7.6331075e-05,1.6907976e-05,2,,,,1.413812,0.29416677,1.5718462,2.3979847,-3.1737533,-0.94557935,-1.8741032,-6.4703493,-8.316721,0.08225085,0.2948341,0.5883207,0.0026224777,0.020912811,0.010877314,0.00016590866,1.5866111e-05,2,,,,0.061543316,Test
2084,0,-2.4748561,0.6640402,4.0055847,-2.9730766,-0.72582394,0.9795807,-6.99859,-9.414307,0.0013998819,0.032307014,0.91308504,0.00085058366,0.008047975,0.044292927,1.5186534e-05,1.3562085e-06,2,,,,0.557145,-2.6374378,0.34194735,3.8702378,-3.008107,-0.47617307,1.1387677,-7.2335205,-9.447271,0.0019973011,0.031297144,0.87580264,0.0011477547,0.01434606,0.075385146,2.0641388e-05,3.2919265e-06,2,,,,0.021234225,Test
2085,0,0.91014737,2.8291645,1.3237146,-3.1961446,-2.3243406,-0.5121403,-7.299293,-12.43852,0.10390966,0.7080671,0.15713243,0.0017112597,0.004091999,0.025059026,2.827099e-05,1.6573075e-07,1,,,,1.293511,1.1512953,3.1034145,1.376571,-2.9236567,-2.3822808,-0.993161,-6.5371413,-12.120727,0.123880446,0.6915835,0.16246727,0.0020878417,0.003926889,0.015961753,9.167807e-05,5.6600345e-07,1,,,,0.042624906,Test
2086,0,-2.2323108,0.65456927,4.012943,-3.1782439,-1.0916929,1.0735698,-7.6368856,-9.922504,0.0017689983,0.031730976,0.9120246,0.000686932,0.005534666,0.048245084,7.953358e-06,8.089441e-07,2,,,,0.5551594,-2.2864366,0.6914007,4.0776134,-3.1889307,-0.9615594,1.101106,-7.822352,-9.919558,0.0019046648,0.046606176,0.8906956,0.00088414614,0.008164786,0.051728494,1.3583114e-05,2.5562258e-06,2,,,,0.021305209,Test
2087,0,-0.30189067,2.3800192,4.32454,-3.9873934,-1.5048745,-0.908797,-9.871921,-14.794348,0.008429407,0.123178735,0.8610541,0.00021144802,0.0025313252,0.0045943162,5.882825e-07,4.283537e-09,2,,,,0.67616993,-0.50997245,2.2805977,4.1561146,-3.5552845,-1.5245918,-0.5701027,-9.0557995,-14.0984955,0.013318819,0.17321171,0.80109775,0.0004423742,0.004322954,0.007604128,2.2087033e-06,3.0729563e-08,2,,,,0.045886733,Test
2088,0,3.3258507,1.7224336,0.2561819,-2.3589647,-2.248113,-3.858213,-5.183757,-9.804822,0.79630584,0.16022293,0.036977682,0.0027051785,0.0030223047,0.0006040607,0.0001604739,1.5794333e-06,0,,,,0.9177504,3.4360528,1.7144747,0.1402378,-2.588917,-2.0701041,-4.6024733,-5.100705,-9.802303,0.77782035,0.1570933,0.05724954,0.0024688435,0.0045184502,0.00056709663,0.00027935655,3.118467e-06,0,,,,0.033160944,Test
2089,0,-4.1841,-2.1430182,2.422741,-2.1481776,-0.66235065,3.1013477,-4.5280514,-4.738376,0.0004443375,0.0034209269,0.32887262,0.0034033225,0.015037979,0.6482505,0.00031501908,0.00025526673,5,,,,1.0916871,-3.6390514,-2.0747485,2.0526593,-2.032773,-0.83205223,2.9698777,-3.8698947,-4.7346687,0.0013582769,0.005096685,0.2968189,0.0060529015,0.019796034,0.66889673,0.0013790576,0.00060137315,5,,,,0.04577688,Test
2090,0,-3.58207,-1.9023992,1.2070769,-1.1068672,-1.3094639,0.23954019,-2.0902867,-0.27015805,0.004430433,0.023763912,0.53253263,0.052651785,0.04299584,0.20237198,0.019693337,0.12156015,2,,,,2.0133789,-3.8111286,-1.8008702,1.2898717,-1.2494566,-1.2644205,0.3770495,-2.1633022,-0.2932972,0.003512311,0.02716257,0.5342506,0.043693773,0.04255022,0.21767826,0.01867213,0.11248013,2,,,,0.022744475,Test
2091,0,9.499785,-2.0843308,-2.7638614,1.9183849,-5.0908446,-7.498479,-3.126674,-13.12295,0.9994727,9.307933e-06,4.7177687e-06,0.00050957786,4.6040603e-07,4.1449425e-08,3.2822331e-06,1.4956927e-10,0,,,,0.00664408,9.655803,-1.6939512,-2.8724575,2.1441896,-5.2489033,-7.1876245,-3.163679,-13.439816,0.998785,5.0332375e-05,1.6620066e-05,0.0011399991,1.0547775e-06,1.3968985e-07,6.833372e-06,3.8347386e-10,0,,,,0.00034938232,Test
2092,1,-2.2100456,0.037978753,1.9594629,-2.1747983,-1.2108777,0.8334093,-4.061741,-5.0586247,0.009990305,0.09459829,0.64620936,0.010348716,0.027133876,0.20957254,0.001568186,0.0005787042,2,,,,1.4980327,-1.8945633,0.13682312,1.9891361,-2.257177,-1.2796307,0.6449315,-3.8628979,-5.2550344,0.016045034,0.1052749,0.6518446,0.009988182,0.026116684,0.18793702,0.002270562,0.00052299316,2,,,,0.029913638,Test
2093,0,-1.7469159,0.36569586,3.3351038,-2.8221867,-0.29252148,0.079163805,-5.967436,-7.0120335,0.0055181123,0.045633767,0.88896304,0.0018828097,0.023627952,0.034264702,8.106661e-05,2.8521938e-05,2,,,,0.7086048,-2.1859794,0.0026768385,3.6038914,-3.1022062,-0.25161088,0.13020419,-6.371695,-7.1516294,0.004212817,0.026321959,0.912255,0.0016346766,0.021701636,0.033789344,6.209288e-05,2.248146e-05,2,,,,0.012530993,Test
2094,0,0.60302603,2.7351944,2.468682,-3.7008164,-1.7030816,-1.0521592,-8.08456,-12.141285,0.061737172,0.52063775,0.39883274,0.00083447184,0.0061520063,0.011795298,1.0413002e-05,1.8020334e-07,1,,,,1.3966614,0.199144,2.3106647,2.831172,-3.8530567,-1.2216746,-0.62896574,-8.110518,-11.637625,0.040130958,0.37494853,0.54768014,0.0008445844,0.009674855,0.02670687,1.33517215e-05,7.263703e-07,2,,,,0.08514064,Test
2095,0,-4.0651846,-2.2406461,2.3331912,-1.7693723,-0.5276174,0.36259064,-3.2892478,-0.84806466,0.001310174,0.008122989,0.7872418,0.013013302,0.04504792,0.109720364,0.002846518,0.03269688,2,,,,1.1588504,-4.070202,-1.8950214,2.2066104,-1.7436816,-0.5464966,0.6133362,-3.2160614,-1.1391569,0.0016424985,0.013010399,0.7384655,0.015655693,0.048467766,0.15125784,0.0036775223,0.027822781,2,,,,0.012197035,Test
2096,0,-4.102111,-1.7570544,1.87015,-1.6586612,-1.0918219,2.1452422,-3.1307917,-3.1431344,0.0010443585,0.010896693,0.4097977,0.012023372,0.021193441,0.53956103,0.0027585966,0.0027247565,5,,,,1.3302838,-3.9733765,-1.812713,1.7208693,-1.5858104,-1.141609,2.1668458,-3.0273442,-3.4804108,0.0015246738,0.011234501,0.37973827,0.014064012,0.021660537,0.56562996,0.0039848825,0.00216315,5,,,,0.04258577,Test
2097,0,5.552934,0.74566466,-1.7666998,-0.9465567,-3.319011,-4.1720495,-3.6249323,-10.265333,0.98947173,0.00808412,0.00065543066,0.0014883684,0.00013879265,5.9142112e-05,0.00010221316,1.3354172e-07,0,,,,0.09617646,6.1853666,0.882534,-1.9519545,-0.7655148,-3.7117443,-4.6359005,-3.649156,-10.988154,0.9916881,0.006633736,0.00037931273,0.0011315851,6.594934e-05,2.9659524e-05,7.153283e-05,8.1326576e-08,0,,,,0.0016778084,Test
2098,0,-3.0028226,-2.766528,3.2395914,-2.3477018,0.7362832,-2.9453113,-3.702744,2.3388937,0.0012973921,0.0016432087,0.6669867,0.0024979664,0.054568775,0.001374194,0.0006443166,0.27098742,2,,,,1.1982487,-2.7988536,-2.7227068,3.310192,-2.3727927,0.8728464,-3.1702652,-3.790495,2.5196605,0.0016405566,0.0017967841,0.62960833,0.0024941736,0.05783133,0.0011392671,0.000626826,0.30486268,2,,,,0.03327115,Test
2099,0,0.2604493,-1.3377575,0.8260081,-1.538246,-0.16714533,-2.7283542,-2.193378,-0.42808783,0.22630052,0.045771297,0.3983865,0.037456065,0.14756507,0.011393698,0.019453686,0.11367309,2,,,,2.343312,0.39121825,-1.4151294,0.742699,-1.5258286,-0.24600208,-2.975823,-2.263138,-0.40784764,0.26597363,0.043669466,0.36475733,0.03822076,0.13626093,0.009858899,0.019757232,0.1215018,2,,,,0.037895214,Test
2100,0,-3.8853724,-1.8391404,2.0857027,-1.6010126,-0.9266334,0.87690973,-3.1635275,-2.223902,0.0018047399,0.013966316,0.70732594,0.017721461,0.034783933,0.21117744,0.0037145636,0.009505656,2,,,,1.2951138,-3.9686904,-2.0040388,2.0663648,-1.5490019,-1.06887,1.0598544,-3.1696348,-2.4835544,0.0021237843,0.013117172,0.6562471,0.020492751,0.030765971,0.2623827,0.0056888084,0.009181788,2,,,,0.035178132,Test
2101,0,-3.3536808,0.5083704,5.7999835,-3.4033952,-0.41339615,1.3885067,-9.33423,-11.868615,0.00010381923,0.0049379356,0.98098826,9.878414e-05,0.001964388,0.011906488,2.6239647e-07,2.0810816e-08,2,,,,0.1614648,-3.584935,0.49062175,5.7364974,-3.507655,-0.53716505,1.5115716,-9.704477,-12.370806,0.00020317656,0.008181253,0.9714788,0.00011298679,0.0024399098,0.01758348,3.4423903e-07,2.286259e-08,2,,,,0.0046519963,Test
2102,0,-3.447764,-0.50623995,6.293736,-3.3031447,0.21411806,0.8574113,-9.346517,-11.440242,5.8332324e-05,0.0011050882,0.9921765,6.7408786e-05,0.0022711426,0.0043213866,1.5999755e-07,1.9716055e-08,2,,,,0.07774253,-3.1818628,-0.20403564,6.103376,-3.4900098,0.33024216,0.80555534,-9.536567,-11.132004,0.00029494407,0.0031777918,0.98392946,0.0001749815,0.0041237264,0.008297561,1.2681431e-06,2.2325472e-07,2,,,,0.003679848,Test
2103,0,-1.2537029,1.3551886,4.0915413,-2.98264,-0.9898882,-0.05821609,-7.7260857,-11.712309,0.004367209,0.059324108,0.91540676,0.00077506143,0.0056856135,0.014434354,6.7496917e-06,1.2533985e-07,2,,,,0.53151333,-1.3633578,1.3439854,4.4849267,-2.7961717,-0.39745888,-0.012312126,-8.329772,-11.993931,0.0037486223,0.055751026,0.9162663,0.00086645316,0.007848011,0.0155158015,3.5977998e-06,1.44978e-07,2,,,,0.015062049,Test
2104,0,1.3021752,1.0196257,1.4522873,-2.7051105,-1.5948095,-1.509998,-6.0269823,-9.876534,0.32787526,0.24717185,0.38097945,0.0059616524,0.018095236,0.019696876,0.00021512755,4.5799065e-06,2,,,,1.8193847,1.2073174,1.1149603,1.6488432,-2.659617,-1.5756662,-1.428709,-6.1619267,-10.091398,0.26792035,0.26513654,0.42077485,0.006011077,0.01807509,0.021865191,0.00020992316,6.9410826e-06,2,,,,0.061509732,Test
2105,0,-2.7327042,0.9246196,6.2157803,-3.5697503,-0.9290496,0.69228333,-10.112496,-14.706605,0.00012864708,0.004986037,0.9900961,5.5702618e-05,0.00078111904,0.0039523286,8.024103e-08,8.113355e-10,2,,,,0.094416365,-2.4713101,1.6034282,6.2597246,-3.4669087,-1.2222284,0.55406594,-9.466985,-14.4791,0.0005889585,0.02806136,0.9656893,7.913583e-05,0.0008340436,0.0047469307,3.147799e-07,8.224341e-09,2,,,,0.009187078,Test
2106,0,-1.8546622,0.6821052,4.997151,-3.0842626,-0.43549538,-0.25858113,-8.312474,-11.664599,0.0010324242,0.013048551,0.9762541,0.00030189066,0.0042677065,0.0050936304,1.619071e-06,5.6683472e-08,2,,,,0.20173109,-1.7701629,0.6336377,5.0717397,-3.1197298,-0.3346293,-0.34105992,-7.9922476,-11.348949,0.0020823095,0.02043649,0.965271,0.0003415562,0.0061166296,0.005747968,4.049494e-06,1.5394467e-07,2,,,,0.008582102,Test
2107,0,-2.6200855,0.6799908,4.989397,-3.001725,-1.2517273,1.1440302,-8.382723,-12.258338,0.0004777627,0.012954397,0.9637593,0.00032618822,0.0018770801,0.020603782,1.5015185e-06,3.1143887e-08,2,,,,0.27403474,-2.0218565,0.70590967,5.1003675,-2.5549812,-0.9648887,1.0610397,-8.239136,-12.557567,0.0015789007,0.0168736,0.95792353,0.0009258791,0.0029427542,0.0197506,4.7041754e-06,6.459779e-08,2,,,,0.005983845,Test
2108,1,12.049789,-3.963587,-4.008077,3.5366237,-6.3780026,-9.3250885,-2.6357048,-15.054498,0.9997987,1.1101755e-07,1.06186555e-07,0.00020076675,9.927145e-09,5.2109994e-10,4.1887398e-07,1.6930534e-12,0,,,,0.0027705706,12.116639,-4.087782,-3.9069753,3.1259265,-5.7052336,-10.087458,-2.7479446,-14.807101,0.99977684,4.482491e-07,2.3193925e-07,0.00022183752,4.826535e-08,8.3453144e-10,7.1070446e-07,1.22284596e-11,0,,,,6.903409e-05,Test
2109,0,-2.9689832,-0.9287111,3.0373755,-2.0223238,-0.3843189,-0.43198627,-4.1895976,-3.056746,0.0022503084,0.01731095,0.9136302,0.00579924,0.029836474,0.02844761,0.00066395086,0.0020612332,2,,,,0.6059186,-2.889547,-0.8694299,3.0642562,-2.1457505,-0.29310247,-0.6540052,-4.4298244,-3.1950145,0.0030218766,0.01901496,0.91341496,0.0052568377,0.032396182,0.024319146,0.0005874583,0.0019886568,2,,,,0.0059321118,Test
2110,1,1.3113418,3.8359692,0.80984133,-3.621361,-3.09646,-1.4703964,-6.43846,-11.376343,0.070553616,0.88094956,0.04272877,0.0005084798,0.00085947895,0.00436944,3.0396464e-05,2.1793551e-07,1,,,,0.67436016,1.3388739,4.0265913,0.41268978,-3.7415833,-3.2456489,-1.9733384,-6.2328196,-11.319321,0.08276833,0.8747057,0.036402974,0.0005171647,0.0018139652,0.0037274498,6.302615e-05,1.3377995e-06,1,,,,0.025293702,Test
2111,0,-2.1664138,1.4122874,5.861607,-3.7337966,-1.3467374,0.568454,-10.285245,-15.15351,0.0003204736,0.011481599,0.98246574,6.684771e-05,0.00072739983,0.0049377643,9.546155e-08,7.3378326e-10,2,,,,0.14913209,-1.8885943,1.2169571,5.664037,-3.6850123,-1.082822,0.17556942,-10.432645,-14.898341,0.0010954676,0.018898852,0.9712532,0.0001645996,0.0017470301,0.006840583,2.772739e-07,3.1638954e-09,2,,,,0.0070791873,Test
2112,0,7.367337,6.9782963,-1.4476863,-3.9817188,-5.3175807,-5.62266,-8.88871,-20.349592,0.595993,0.40390834,8.84963e-05,7.0211563e-06,1.8460842e-06,1.3606823e-06,5.1919436e-08,5.4692936e-13,0,,,,0.97463435,7.381654,7.30766,-1.4822842,-4.11201,-5.5121064,-5.57665,-8.998966,-21.295086,0.51229984,0.4875266,0.0001491145,1.65097e-05,3.1634947e-06,4.709069e-06,7.1205854e-08,1.1027956e-12,0,,,,0.045901876,Test
2113,0,-5.149107,-1.780564,6.0365934,-3.0003307,0.1546234,2.9756713,-8.831456,-9.410597,1.3208468e-05,0.00038352364,0.9522268,0.00011325412,0.002656032,0.04460657,3.3237512e-07,1.8625626e-07,2,,,,0.2961694,-4.915423,-1.4972088,6.138704,-3.1649628,0.5872295,2.8507211,-8.904813,-9.312224,6.4570384e-05,0.0008525892,0.93656236,0.00014902728,0.0056804246,0.056686796,3.3871613e-06,7.787045e-07,2,,,,0.014309555,Test
2114,0,-3.016711,-0.56633824,5.901378,-2.9100673,0.30292112,-0.32906845,-7.8984294,-8.950406,0.00013294566,0.0015411946,0.99254674,0.00014790706,0.0036759707,0.0019538999,1.0082557e-06,3.5213017e-07,2,,,,0.07604533,-3.2554252,-0.8514989,5.8386927,-2.8945537,0.29271287,-0.14418086,-7.809851,-8.732682,0.00016136831,0.0017128832,0.9887328,0.00023401485,0.0048955893,0.0042587947,2.929431e-06,1.518e-06,2,,,,0.0021816292,Test
2115,0,5.543152,0.76020855,-1.8071741,-0.94862163,-3.3220515,-4.134777,-3.5532486,-10.252986,0.9892707,0.008281505,0.0006354906,0.001499594,0.0001397031,6.197892e-05,0.00011086609,1.365022e-07,0,,,,0.09760164,5.501881,0.66043985,-1.665705,-0.6606818,-3.425331,-3.6233609,-3.6867115,-10.450351,0.9788925,0.015764168,0.0015233905,0.0030508942,0.00022205967,0.00039934064,0.00014731174,3.5432578e-07,0,,,,0.005264063,Test
2116,1,-5.8745513,-1.8814406,8.608456,-3.3302088,0.88277674,1.3747369,-10.35701,-11.334977,5.123772e-07,2.778278e-05,0.9988034,6.525051e-06,0.00044081899,0.0007209677,5.7927254e-09,2.1785003e-09,2,,,,0.0147085,-5.3105865,-2.182842,8.218567,-3.4236042,0.8366647,1.5586469,-10.257074,-11.46149,2.0166304e-05,8.610147e-05,0.9954578,2.5873367e-05,0.0012528101,0.003157127,8.261644e-08,9.957629e-09,2,,,,0.0015234309,Test
2117,0,-2.049256,0.7039184,4.260081,-3.127753,-0.30863082,0.09151605,-7.4142656,-9.329175,0.0017213929,0.027012724,0.94621557,0.0005854566,0.009813498,0.014642169,8.051664e-06,1.1864545e-06,2,,,,0.39315543,-1.5709133,0.40343505,4.105492,-2.7369285,-0.22985902,-0.104311846,-6.622016,-9.293752,0.0046221875,0.03583593,0.9260622,0.001166573,0.014958546,0.017308285,3.931711e-05,6.966492e-06,2,,,,0.013430582,Test
2118,0,-3.545135,0.5088529,6.255799,-3.5497706,-0.43356335,1.2243168,-9.93294,-12.68535,5.479293e-05,0.0031575419,0.9890449,5.453951e-05,0.0012304472,0.0064576017,9.2158736e-08,5.877324e-09,2,,,,0.1023698,-3.4358535,0.31172425,6.0576415,-3.895162,-1.033782,1.0868787,-10.334465,-13.036771,0.000946939,0.0073821107,0.9825964,9.765438e-05,0.0010798045,0.0078965295,5.9423786e-07,3.1808202e-08,2,,,,0.0036286812,Test
2119,0,2.2580495,2.3563004,0.70730406,-2.9592915,-2.172682,-3.3649747,-5.09564,-9.08764,0.42791316,0.4720907,0.090756014,0.0023200281,0.00509464,0.0015463476,0.00027396105,5.058076e-06,1,,,,1.4262997,2.6491742,2.4831138,0.44807816,-2.957845,-2.1859822,-3.8137703,-5.1792006,-9.507405,0.4940535,0.42085394,0.07609061,0.0020596094,0.005134793,0.001565674,0.00023658187,5.297393e-06,0,,,,0.05230994,Test
2120,0,-2.2848425,1.2630354,6.036613,-3.9975169,-1.2467481,0.7692084,-10.859491,-14.718761,0.00023974598,0.008328655,0.9856286,4.3246004e-05,0.0006770018,0.0050828652,4.5271847e-08,9.544836e-10,2,,,,0.12748732,-1.8512719,1.9523659,5.738017,-3.669421,-1.4029806,0.8418959,-10.398403,-15.525618,0.0008566063,0.055326723,0.93075734,0.00014537209,0.0010317406,0.011881933,3.461536e-07,4.2885806e-09,2,,,,0.027991684,Test
2121,1,5.4394546,1.2239512,-1.3003534,-1.5842919,-2.8624609,-4.9245176,-3.764204,-10.84842,0.9830729,0.014514963,0.0011628516,0.0008754097,0.0002438427,3.101487e-05,9.896631e-05,8.295677e-08,0,,,,0.13778307,5.355538,1.3312619,-1.0897787,-1.528674,-2.786541,-4.6799736,-3.695006,-10.932441,0.9664863,0.027862165,0.0027904424,0.0018660855,0.0005489279,0.00016040339,0.00028529236,4.5704223e-07,0,,,,0.00877877,Test
2122,1,-7.2911205,-2.7591035,10.987434,-3.181283,1.3209727,1.307273,-11.928054,-13.409477,1.1525745e-08,1.0712698e-06,0.9998723,7.0234216e-07,6.336559e-05,6.250343e-05,1.11653936e-10,2.5380517e-11,2,,,,0.0019766898,-7.3852053,-2.3924155,11.16096,-3.317474,1.284595,1.3957064,-11.86869,-13.443242,9.263212e-08,3.934302e-06,0.9997878,3.7749942e-06,8.382039e-05,0.00012050563,9.894061e-10,7.336131e-11,2,,,,4.9437673e-05,Test
2123,0,7.725883,-1.0362117,-2.8275514,0.58983815,-3.9047484,-6.3770103,-2.000839,-10.664442,0.9989531,0.00015639246,2.6076348e-05,0.0007950604,8.880267e-06,7.494387e-07,5.9605114e-05,1.02974145e-08,0,,,,0.01307116,7.8794603,-1.0535911,-3.0632393,0.5244249,-4.3617854,-6.7566934,-1.9148248,-10.614796,0.99836236,0.00040742097,4.6704732e-05,0.0010554902,1.1604425e-05,1.6849519e-06,0.00011463044,6.7080386e-08,0,,,,0.0003787077,Test
2124,0,-4.2158127,-2.07822,1.5826788,-1.3528428,-1.5636141,2.037506,-2.7336907,-2.6198967,0.0011110503,0.009420598,0.36642623,0.019458335,0.01576046,0.5774515,0.004891151,0.005480638,5,,,,1.3461784,-4.3891664,-2.0335836,1.5345232,-1.3347517,-1.6431596,2.1023092,-2.706446,-2.8110175,0.0011746649,0.010308379,0.34374735,0.019659393,0.017194575,0.5976589,0.0052533494,0.0050034495,5,,,,0.023937486,Test
2125,0,-1.9252553,0.28929928,2.5474725,-2.8505323,-1.0103285,0.56755793,-5.6399655,-6.788222,0.008867369,0.08120141,0.77674013,0.0035152172,0.022138204,0.10725309,0.00021603126,6.852282e-05,2,,,,1.1370983,-2.299169,0.024215996,2.6467433,-2.8883166,-1.038069,0.3062032,-5.333321,-6.6005425,0.008715419,0.07174126,0.8054452,0.0042685894,0.023714194,0.08540209,0.00055740424,0.00015594141,2,,,,0.027085442,Test
2126,0,-3.5759482,0.0598564,5.780896,-3.061309,-1.0432664,2.205377,-9.250092,-12.420048,8.364579e-05,0.003172881,0.96843344,0.00013994226,0.0010528673,0.027116995,2.872068e-07,1.206426e-08,2,,,,0.22562967,-2.895401,0.46356598,5.406831,-2.85538,-1.2871729,1.6787431,-8.312789,-12.2017765,0.0013930767,0.025273869,0.9427527,0.000982902,0.001959965,0.027625808,1.1568795e-05,6.395434e-08,2,,,,0.015537941,Test
2127,0,-0.688853,2.144664,2.9882424,-3.1410573,-1.5799179,0.16231868,-7.314305,-11.766253,0.016562702,0.28165147,0.6547469,0.0014261082,0.0067943316,0.03879631,2.196514e-05,2.5602208e-07,2,,,,1.2575228,-0.695047,2.1040645,2.7440662,-3.124456,-1.6500518,0.14391513,-7.034111,-11.31111,0.027103012,0.3260774,0.58833444,0.0023149734,0.010886999,0.045222897,5.9528596e-05,7.849494e-07,2,,,,0.046558354,Test
2128,0,0.55353713,-0.23240006,1.6921473,-1.9256055,-0.9763032,-3.1730878,-4.4843545,-5.4576554,0.2036031,0.0927804,0.6357356,0.017065005,0.04409438,0.0049015298,0.0013208572,0.00049906445,2,,,,1.5557036,0.74399745,-0.2893998,1.7061828,-2.0149682,-1.2560256,-3.2814717,-4.6113014,-5.992959,0.2396768,0.0910074,0.613577,0.015968567,0.03300792,0.0052412697,0.001194996,0.0003260725,2,,,,0.030788569,Test
2129,1,-5.7517896,-1.9181591,7.8571577,-3.0085466,1.030205,1.2147546,-9.392098,-9.42637,1.2264215e-06,5.669756e-05,0.99754083,1.9055273e-05,0.0010814904,0.0013006836,3.2186513e-08,3.110213e-08,2,,,,0.027792558,-5.3913717,-2.0831008,7.6619644,-2.8427963,0.9824473,1.1673065,-9.430233,-9.381591,1.6820293e-05,0.0005399502,0.9895614,0.000112181086,0.0024208291,0.007347914,7.4556465e-07,1.2314187e-07,2,,,,0.0044854903,Test
2130,1,-2.9887094,-0.24975425,5.123026,-3.0327165,-0.16312216,-0.47858974,-7.4871755,-7.428864,0.0002958593,0.0045771827,0.98620474,0.00028312166,0.0049913973,0.0036409644,3.291747e-06,3.4894001e-06,2,,,,0.12992673,-3.2531047,-0.2402995,5.325899,-3.1928787,-0.016426127,-0.75804347,-7.54465,-7.4907775,0.0003312918,0.0056895944,0.9855487,0.00021605803,0.005294484,0.0029129963,3.317536e-06,3.5562975e-06,2,,,,0.0022424022,Test
2131,0,5.7968755,-2.1778367,-1.5961553,0.4641448,-3.269721,-4.218432,-2.9399292,-9.783126,0.99392575,0.00034196398,0.0006117888,0.0048015164,0.00011475746,4.4438682e-05,0.00015959077,1.7023353e-07,0,,,,0.060348567,6.074493,-2.0380292,-1.7963737,0.287077,-3.0131545,-4.012191,-3.2849731,-9.632032,0.99363375,0.00088457327,0.00082264,0.0040373513,0.00032010782,0.00013339036,0.00016718754,1.0608361e-06,0,,,,0.0014600155,Test
2132,0,0.42603832,2.5786433,2.8688693,-3.4440672,-2.1287405,-0.33563638,-8.517821,-13.358835,0.04612886,0.39704272,0.5307387,0.00096207106,0.0035846462,0.021536821,6.0214916e-06,4.7563965e-08,2,,,,1.3770161,0.501629,2.481654,3.0100489,-3.4987838,-2.4429336,-0.560381,-8.997854,-14.268225,0.05220331,0.34131435,0.582653,0.0009273208,0.0035342623,0.019361777,5.924164e-06,4.0884878e-08,2,,,,0.07300018,Test
2133,0,4.5855713,0.94424075,-1.7499816,-1.2953433,-2.8817537,-3.6405098,-2.5808146,-9.036818,0.96862215,0.025394792,0.0017165586,0.0027046157,0.0005535237,0.00025918678,0.0007478813,1.1749681e-06,0,,,,0.2348324,4.473925,1.1616143,-1.6726393,-1.143466,-3.115663,-3.6918378,-2.7322845,-9.098088,0.94686717,0.043359753,0.0028554867,0.0040883506,0.001087009,0.00078247004,0.0009566575,3.1717832e-06,0,,,,0.0076950956,Test
2134,0,5.701296,-0.6337735,-1.9420921,0.06730277,-3.4344347,-4.0204268,-3.006224,-9.761778,0.99387795,0.0017621686,0.00047626856,0.0035523924,0.000107086715,5.9599493e-05,0.00016432565,1.9133986e-07,0,,,,0.06340694,5.4757776,-0.7722168,-1.8545793,0.11998818,-3.492091,-3.5836492,-3.1507635,-9.903208,0.99011767,0.0024300767,0.00074152777,0.0060578613,0.00018460423,0.0001381161,0.00032932934,7.877572e-07,0,,,,0.0017509786,Test
2135,0,-3.2129145,-0.60195786,4.319467,-2.6563504,0.026281329,0.18177634,-6.324975,-5.824701,0.0005156391,0.0070189135,0.9629806,0.0008996186,0.0131556,0.01536885,2.2950666e-05,3.784961e-05,2,,,,0.29304576,-3.111755,-0.7108674,4.341237,-2.3604274,0.1728364,0.21027227,-6.3656816,-5.399291,0.00078066095,0.009589729,0.95286655,0.0017463872,0.016614217,0.01826314,5.404324e-05,8.523494e-05,2,,,,0.008183593,Test
2136,0,-3.4299386,-1.4587761,0.48358625,-1.3214403,-2.0589,2.6926098,-2.4518266,-3.5980911,0.0018869373,0.013546352,0.09448864,0.015540556,0.007433475,0.860491,0.005018177,0.0015948858,5,,,,0.8083683,-3.5034041,-1.5658836,0.44771966,-1.184084,-1.9189211,2.570061,-2.6369472,-3.7755482,0.002500021,0.014605468,0.111054875,0.021485567,0.010597366,0.83217096,0.005840191,0.0017455707,5,,,,0.018566845,Test
2137,1,-1.6794281,0.8513553,4.6649256,-3.2664344,-0.4093992,-0.85412043,-8.017675,-9.505915,0.0016981304,0.021334197,0.9666936,0.00034733044,0.006046968,0.003876124,3.001271e-06,6.7759646e-07,2,,,,0.26096332,-1.4415277,0.6910166,4.187619,-2.989124,-0.4090886,-1.1976846,-7.559663,-8.867743,0.005069121,0.034805275,0.9385565,0.0011665139,0.014971283,0.0054002935,2.0792493e-05,1.0157683e-05,2,,,,0.008950962,Test
2138,0,-0.46642074,2.3727715,2.7824457,-3.2078826,-1.3987399,-0.055598382,-7.3394985,-11.145789,0.021819629,0.37315807,0.562098,0.0014068427,0.008589071,0.032905247,2.2589544e-05,5.0217653e-07,2,,,,1.3529643,-0.057832558,2.5738447,2.619955,-2.9436762,-1.4935641,-0.13671923,-7.1682677,-11.250395,0.036182106,0.45403123,0.46044737,0.0017768943,0.008078679,0.039444413,3.8806196e-05,5.59383e-07,2,,,,0.066235006,Test
2139,0,-1.5571238,-0.9638221,1.2725772,-2.024116,-0.3719707,-0.25923637,-3.0887878,-1.404866,0.034854606,0.06308526,0.59045076,0.021849824,0.11401595,0.127622,0.007534718,0.040586814,2,,,,1.9665973,-1.4801222,-0.9842512,1.3377073,-2.0058615,-0.35626155,-0.32612783,-3.1398268,-1.4090407,0.039902892,0.061251767,0.59922755,0.02239449,0.11166532,0.117185116,0.007879406,0.040493406,2,,,,0.023816483,Test
2140,0,-2.4776242,0.8859489,5.1954427,-3.121882,-0.31583065,0.27691993,-8.5511,-11.186685,0.00045362074,0.01310612,0.97513247,0.0002381746,0.0039404696,0.0071281414,1.0447593e-06,7.488519e-08,2,,,,0.2076283,-2.1543665,0.91765296,4.805162,-3.1042306,-0.23419511,0.042157043,-8.401783,-10.525489,0.001541298,0.025940169,0.95190895,0.0005049833,0.009728632,0.010363999,5.1445822e-06,6.7396113e-06,2,,,,0.008415238,Test
2141,0,6.958397,-0.43506137,-2.8042295,0.2588797,-3.9473994,-5.122141,-2.1195347,-10.352723,0.99796164,0.0006140103,5.744589e-05,0.001228996,1.8314151e-05,5.657218e-06,0.00011392482,3.0268463e-08,0,,,,0.024060406,6.7331667,-0.49786726,-3.119857,0.095088616,-4.0409765,-4.9616165,-2.2846339,-10.281085,0.9946157,0.0023457636,0.0002342187,0.002373158,6.83542e-05,7.775302e-05,0.0002842768,8.3038185e-07,0,,,,0.0022047358,Test
2142,0,7.2302685,-1.4358187,-2.3515756,0.82604736,-3.6854827,-6.294773,-2.305493,-9.777071,0.99801636,0.00017199026,6.8832815e-05,0.0016512765,1.8133727e-05,1.3344022e-06,7.207903e-05,4.101512e-08,0,,,,0.02252756,7.3072867,-1.4386389,-2.7412794,0.7513108,-4.0153184,-6.116379,-2.4598846,-10.404811,0.9977211,0.0003135722,6.8465415e-05,0.001795634,1.7698349e-05,2.6652222e-06,8.084466e-05,7.089051e-08,0,,,,0.0004118429,Test
2143,0,-3.2288196,-0.9175115,2.744826,-2.0007126,-0.57806295,1.6713904,-4.389002,-4.592097,0.0017969777,0.018127214,0.7060965,0.0061362465,0.02545374,0.24136642,0.0005632249,0.00045970478,2,,,,1.1618135,-3.099437,-0.90655136,2.7249932,-2.2025065,-0.6648944,1.5101335,-4.720194,-4.7098327,0.0025848125,0.020946356,0.713642,0.006308491,0.025805246,0.22952537,0.00057997985,0.00060768914,2,,,,0.02979139,Test
2144,0,-3.5473318,-1.3694322,4.3990154,-2.3667653,0.31818438,-1.0828509,-5.2719746,-2.66262,0.00034477934,0.0030436236,0.9740831,0.0011226772,0.016455596,0.0040537007,6.1452345e-05,0.00083515426,2,,,,0.21642946,-3.5784812,-1.154981,4.4869967,-2.4351058,0.31263083,-1.1731137,-5.461919,-2.7560818,0.00040764868,0.003915953,0.9734149,0.0010901424,0.016283188,0.0038832645,6.017871e-05,0.00094474724,2,,,,0.002940265,Test
2145,0,4.568499,1.9102807,-1.8145934,-2.0527418,-2.9055068,-4.0541778,-2.8951497,-9.124568,0.9307373,0.065219514,0.0015728427,0.0012395352,0.00052833295,0.00016751207,0.0005338333,1.0519702e-06,0,,,,0.39354506,4.670873,2.0520911,-1.9548763,-2.0446126,-2.939567,-3.7686424,-3.1310158,-9.652731,0.9087556,0.086312145,0.0018031948,0.0015211463,0.0007069962,0.0003765895,0.00052322645,9.887599e-07,0,,,,0.014119913,Test
2146,0,6.0825996,-0.027195068,-1.508645,-0.88913196,-3.1799092,-5.824211,-4.318934,-10.580254,0.9962184,0.002212608,0.0005029431,0.00093447993,9.4557996e-05,6.71881e-06,3.0270954e-05,5.777891e-08,0,,,,0.041711114,5.9765697,-0.14530766,-1.6655098,-0.7580786,-3.0265326,-5.7887754,-4.281983,-10.975582,0.9920152,0.0047732787,0.0008552562,0.0019448673,0.0003268284,3.4692846e-05,4.968802e-05,2.1074477e-07,0,,,,0.0020347806,Test
2147,1,2.3240592,1.4516268,0.91687554,-2.5574517,-1.6188068,-3.1100385,-5.858504,-9.132446,0.59017974,0.246656,0.1444948,0.0044768355,0.011445092,0.002576236,0.00016494624,6.2443473e-06,0,,,,1.4834518,2.0757203,1.4588404,0.73160344,-2.399411,-1.6865997,-2.9932137,-5.8703017,-8.824564,0.518408,0.30039942,0.15609224,0.006106303,0.015129465,0.003631461,0.0002195497,1.3513888e-05,0,,,,0.04926384,Test
2148,0,1.7621446,1.4107736,0.6510087,-2.6792066,-1.718696,-3.053684,-4.562443,-7.3588,0.4795081,0.33744073,0.1578468,0.0056486125,0.014759989,0.00388426,0.0008591373,5.2434832e-05,0,,,,1.6302934,1.7320086,1.5181061,0.74048984,-2.5211165,-1.787735,-2.8987288,-4.634236,-7.3501487,0.41905975,0.3468928,0.20142043,0.0076972083,0.017747046,0.0060915467,0.0010001792,9.107389e-05,0,,,,0.05360857,Test
2149,0,3.9218943,3.1190102,0.5781672,-3.4670186,-3.6767998,-2.94041,-9.21167,-17.6886,0.6731705,0.30160388,0.02376637,0.0004160647,0.00033732946,0.0007044728,1.3313453e-06,2.7720848e-10,0,,,,1.0500903,3.9335148,2.5625129,0.54466546,-3.5360222,-3.595038,-3.7461057,-9.068536,-16.444477,0.6842589,0.25435063,0.058562495,0.00083103834,0.0007787577,0.0012143935,3.804321e-06,3.3060374e-09,0,,,,0.07133744,Test
2150,0,-2.287171,-0.67530006,3.5055006,-2.4254944,-0.2229956,-1.9517913,-5.2754703,-3.4088922,0.0029033974,0.014552347,0.95198834,0.002528327,0.022875275,0.0040603178,0.00014625293,0.00094569067,2,,,,0.37095824,-2.241929,-0.63731354,3.3946826,-2.4010887,-0.32333106,-1.962574,-5.3032966,-3.6989136,0.0042909053,0.020940106,0.9382285,0.004008914,0.024635943,0.005631549,0.0003962777,0.001867804,2,,,,0.008457694,Test
2151,0,3.9993668,0.8289056,-0.96228904,-1.3982925,-2.257188,-3.46106,-3.1687436,-8.30582,0.9462696,0.0397284,0.0066251424,0.0042839185,0.0018147957,0.0005444935,0.0007293636,4.284893e-06,0,,,,0.37203836,3.906793,0.68408644,-1.3400661,-1.2417285,-2.7492292,-3.2985451,-3.1481185,-8.493702,0.93731576,0.047001768,0.005579627,0.006456229,0.0014530842,0.001191727,0.0009963321,5.555766e-06,0,,,,0.010075205,Test
2152,0,3.0197523,4.4769244,2.4049556,-4.138911,-3.0625763,-3.2493834,-10.061237,-17.438578,0.1712473,0.73530173,0.092602134,0.00013324653,0.00039093272,0.00032431923,3.5696198e-07,2.2319466e-10,1,,,,1.0899364,3.2003822,4.2427664,2.3678784,-3.445992,-2.9652905,-2.9736216,-9.662229,-16.951422,0.25031364,0.6087556,0.13910869,0.00037403966,0.00081042683,0.000635657,1.996877e-06,1.1063184e-08,1,,,,0.0590586,Test
2153,0,-3.0708418,-1.1398369,2.3325522,-2.1137831,-0.79173243,0.6351454,-4.1042514,-3.6259806,0.0035205383,0.02427916,0.7821196,0.009167571,0.034388524,0.14325136,0.001252578,0.0020207623,2,,,,1.0972246,-3.1111295,-1.4194814,2.266945,-2.1484873,-0.8304033,0.5920161,-4.1407943,-3.7923493,0.005739154,0.02378343,0.7659928,0.011024692,0.036232464,0.15336752,0.0018270027,0.0020328627,2,,,,0.022227086,Test
2154,0,-1.5803686,1.1622182,4.913752,-3.2298706,-1.199157,0.34724507,-8.995436,-13.289013,0.0014570899,0.022624373,0.9634897,0.00027997344,0.0021332626,0.010014709,8.773316e-07,1.198083e-08,2,,,,0.27785903,-1.7136387,1.4844743,5.0278068,-3.3198485,-1.2974573,0.5284867,-9.114509,-14.33138,0.0037212092,0.07899316,0.89585334,0.00095927325,0.0025825412,0.017871257,1.8840297e-05,3.7061423e-07,2,,,,0.037537284,Test
2155,0,-3.6242323,-0.7065353,2.9898684,-1.9773015,-1.2458556,2.579064,-4.8114386,-6.8291254,0.0007838635,0.014500401,0.5843967,0.004069053,0.00845583,0.38752314,0.00023913509,3.179604e-05,2,,,,1.1734324,-3.8402073,-0.7654998,3.041655,-2.340942,-1.0866824,2.4230783,-4.8489823,-6.6446505,0.0007240671,0.017855287,0.6199599,0.003248135,0.010878336,0.3469885,0.00029073204,5.512319e-05,2,,,,0.03747647,Test
2156,0,-3.4630332,-1.5570288,1.2514484,-1.4632714,-1.3998078,1.5547254,-2.4275787,-2.0970943,0.0034206305,0.023007702,0.38157454,0.025269207,0.026924863,0.51676244,0.009633814,0.013406821,5,,,,1.598203,-3.5287292,-1.4953036,1.2286079,-1.4195815,-1.4244974,1.5597986,-2.4315047,-2.1820645,0.003348153,0.025453527,0.37313652,0.0280624,0.026948864,0.5189177,0.010304516,0.013828362,5,,,,0.02382883,Test
2157,0,11.002476,-3.8878665,-3.297767,3.2406666,-5.863173,-8.906315,-2.9519117,-13.877956,0.9995727,3.412092e-07,6.155991e-07,0.00042550376,4.733217e-08,2.2570257e-09,8.6996306e-07,1.564516e-11,0,,,,0.005420295,11.197214,-3.716854,-2.9097557,3.2027924,-6.4484887,-9.8695345,-2.858171,-14.307259,0.99935865,1.7545966e-06,5.662799e-06,0.0006309521,3.5391074e-07,1.48107215e-08,2.6648963e-06,5.50311e-11,0,,,,0.00015827194,Test
2158,0,9.667566,-1.2785699,-3.23088,1.4699131,-4.9965005,-7.55954,-2.8570714,-13.3838005,0.99970055,1.7620703e-05,2.501186e-06,0.00027521653,4.279045e-07,3.2978644e-08,3.6348717e-06,9.74515e-11,0,,,,0.0040873555,9.561533,-1.6225147,-3.3124375,1.1120738,-4.6271086,-7.862718,-2.8787365,-13.740065,0.99962986,3.7747086e-05,1.17685e-05,0.00030805563,4.870598e-06,1.1958116e-06,6.527544e-06,3.9338524e-10,0,,,,0.00010510856,Test
2159,0,-2.7108305,0.68171495,6.2150016,-3.5141656,-1.2687023,0.85441816,-10.3018055,-15.112167,0.00013167238,0.003916141,0.99068177,5.8967216e-05,0.00055693305,0.004654386,6.649298e-08,5.4157945e-10,2,,,,0.08930172,-2.877226,0.58251166,6.4573607,-4.001362,-1.516855,0.72377026,-10.86241,-16.140238,0.0009014996,0.009227325,0.9847681,0.00015110655,0.00059408025,0.004357441,4.308526e-07,1.3626782e-09,2,,,,0.00433901,Test
2160,0,-2.4568715,0.79121304,6.024886,-3.6265135,-1.3995771,1.0820966,-10.468715,-15.107953,0.00020448689,0.0052636964,0.98683876,6.3488726e-05,0.0005886305,0.007040767,6.779011e-08,6.551953e-10,2,,,,0.118757695,-2.8805623,0.73655,6.158572,-4.0249267,-1.5642668,1.4249111,-10.934387,-14.80551,0.0006182714,0.011497721,0.97292644,0.0001584159,0.0007083762,0.0140906125,2.6020956e-07,6.7188184e-09,2,,,,0.0071743727,Test
2161,0,-4.536842,-0.26325577,7.243491,-3.1927948,-0.2521384,1.8424349,-10.154788,-13.121079,7.610587e-06,0.000546277,0.99437815,2.9183017e-05,0.00055238383,0.004486448,2.7642347e-08,1.423413e-09,2,,,,0.055551466,-4.1707773,-0.3276671,6.974505,-2.6558537,0.16033252,2.4096026,-9.709311,-12.257574,6.855664e-05,0.0017124988,0.9643747,0.00014118614,0.0033006817,0.030402001,3.243378e-07,3.2362404e-08,2,,,,0.0139697315,Test
2162,0,-2.9369173,0.30294856,4.5907755,-2.5893493,-0.7844784,1.0695508,-7.0320544,-9.527514,0.0005127327,0.013090217,0.9530736,0.000725835,0.004412487,0.028175911,8.538778e-06,7.0409465e-07,2,,,,0.3409148,-2.884003,0.48626393,4.678031,-2.639801,-0.7360306,1.2052906,-7.0227866,-9.465578,0.00071360765,0.021699842,0.930319,0.0007927699,0.0055797584,0.040872436,1.9616407e-05,3.0292142e-06,2,,,,0.014773319,Test
2163,0,3.6374843,2.172638,-0.2017418,-2.6880763,-2.2526357,-3.9962082,-5.1231394,-10.649235,0.79502535,0.1837411,0.01710119,0.0014230656,0.0021995525,0.0003846895,0.00012464945,4.962924e-07,0,,,,0.8514528,3.9431558,2.2938433,-0.34876645,-2.9263792,-2.715487,-4.4754725,-5.431754,-11.552271,0.8011049,0.18051498,0.014865276,0.0011837265,0.0017521512,0.00045661005,0.00012177097,5.445665e-07,0,,,,0.025401764,Test
2164,0,-3.9293716,-0.64981383,7.662648,-3.1726413,0.35715204,0.7544785,-10.561818,-14.093774,9.221583e-06,0.00024496243,0.998058,1.9653937e-05,0.0006705314,0.0009976444,1.2144247e-08,3.5519082e-10,2,,,,0.023214074,-3.9068885,-0.52473104,7.7970276,-3.7029831,0.37936798,0.9757023,-11.219691,-13.930377,7.483574e-05,0.0006927257,0.9948837,3.652108e-05,0.0010573633,0.0032547046,1.11057865e-07,1.6566265e-08,2,,,,0.0019243647,Test
2165,1,-0.6422542,0.91191816,1.8012729,-2.6342106,-1.287996,0.31460184,-5.2750387,-7.687805,0.048734028,0.2305689,0.561103,0.006648698,0.025549956,0.12687895,0.00047406676,4.2460797e-05,2,,,,1.7352692,-0.6610436,1.1540627,1.8056097,-2.9033275,-1.3601395,0.31738093,-5.3569136,-7.963019,0.049434964,0.28273755,0.51171577,0.004954356,0.021966321,0.12857309,0.0005715569,4.6470035e-05,2,,,,0.04292503,Test
2166,0,-3.8317094,-3.5607753,3.8996093,-2.1519008,0.7347238,-4.0570383,-3.4040222,4.577424,0.00014550351,0.00019078272,0.3315452,0.0007805582,0.013997499,0.00011614877,0.00022315975,0.6530011,7,,,,1.0322535,-4.470114,-3.2750523,4.3815093,-2.3377264,0.90537417,-4.3924894,-3.6644127,4.755904,0.00010361474,0.00022809677,0.4194873,0.0007174003,0.014315846,8.948849e-05,0.00026068077,0.5647976,7,,,,0.04965002,Test
2167,0,-2.1927872,1.4094425,4.913278,-3.522858,-0.9967785,0.9061981,-9.164171,-12.890334,0.00077956414,0.028594356,0.950554,0.00020616237,0.0025779342,0.017287174,7.3150625e-07,1.76184e-08,2,,,,0.35013703,-1.9570776,1.2916195,4.774263,-3.5456276,-1.1602486,0.70582306,-8.805934,-12.981526,0.0018843675,0.057623334,0.9153191,0.00043335767,0.002897681,0.021839084,3.0526048e-06,9.4410474e-08,2,,,,0.02164311,Test
2168,0,3.7546957,0.5366791,-0.52935505,-1.5683532,-2.148789,-4.375494,-3.5278842,-7.7664585,0.9412467,0.03768223,0.012976686,0.0045912703,0.0025695246,0.0002772087,0.0006470222,9.335331e-06,0,,,,0.40985066,3.2389855,0.6311945,-0.2550251,-1.3668556,-1.850009,-3.8906205,-3.3795342,-6.9717727,0.8572835,0.07557389,0.044967316,0.010509846,0.008887043,0.0012397855,0.0014692099,6.938836e-05,0,,,,0.028917404,Test
2169,0,-3.0362208,-1.5357238,1.4175928,-1.6997149,-0.7873666,0.6333483,-2.886353,-1.6266671,0.0067018997,0.030050758,0.5760558,0.025505573,0.06351303,0.262949,0.0077854693,0.02743843,2,,,,1.7499251,-2.9536374,-1.5786226,1.3768632,-1.7541349,-0.905653,0.6981236,-2.8064048,-1.6874931,0.007893714,0.030334692,0.55488575,0.0247888,0.058669724,0.28561535,0.009442863,0.028369144,2,,,,0.022265095,Test
2170,0,-0.35647848,-0.924888,1.1909059,-1.9075603,-0.14714609,-1.869385,-3.161564,-1.3458538,0.119573735,0.06772962,0.56189644,0.025351837,0.14741702,0.026338369,0.0072344015,0.044458568,2,,,,2.0276227,-0.37582058,-0.79046285,1.2855427,-1.841114,-0.111311115,-1.7926807,-3.2236142,-1.4050902,0.11286584,0.07496979,0.5666831,0.026478976,0.14094535,0.028875217,0.0069197356,0.04226201,2,,,,0.02901354,Test
2171,1,1.0337595,1.1497813,1.3421867,-2.829995,-0.7917651,-2.4202223,-5.1157274,-6.8501124,0.2702297,0.30347347,0.36785895,0.005671865,0.043542955,0.008544524,0.00057682587,0.00010181485,2,,,,1.8684078,0.982213,1.150453,1.3136467,-2.7714481,-0.4840861,-2.7649765,-5.2859144,-6.5096803,0.26695454,0.30668384,0.35425216,0.0069688233,0.057190605,0.007252863,0.0004968615,0.00020034262,2,,,,0.061204243,Test
2172,0,12.877759,-2.0890079,-5.14896,2.5399506,-7.036012,-8.881495,-3.0514438,-17.77491,0.9999672,3.16229e-07,1.48279655e-08,3.2384152e-05,2.2466997e-09,3.5486375e-10,1.2078716e-07,4.871932e-14,0,,,,0.00054052036,12.479914,-1.9042755,-5.175968,2.2910926,-6.87993,-9.086058,-3.1767354,-17.317518,0.99991006,8.807385e-06,1.6154183e-07,8.038474e-05,3.9129894e-08,1.3667429e-08,4.819647e-07,8.345688e-12,0,,,,3.2979413e-05,Test
2173,0,-2.3546565,1.0395795,4.1920085,-3.0190387,-0.97284603,0.8495266,-7.5073285,-10.210747,0.0013212721,0.03936319,0.920816,0.00067991536,0.005261445,0.032550033,7.642147e-06,5.118415e-07,2,,,,0.5138978,-2.3563771,1.3004887,4.2120614,-3.131851,-1.3266188,0.6627137,-7.538881,-10.533757,0.0021496718,0.0729421,0.889043,0.001111143,0.0046869526,0.03004538,2.073661e-05,1.0297088e-06,2,,,,0.022880325,Test
2174,1,-4.2817683,-1.2068217,3.2427537,-2.3619432,-1.32783,3.9727762,-6.165428,-7.7301416,0.00017400927,0.0037670787,0.3224265,0.0011867018,0.0033377316,0.66907597,2.6455082e-05,5.5330256e-06,5,,,,0.9864094,-4.3020782,-1.2515676,3.202977,-2.0690312,-1.5460732,4.079932,-6.017744,-7.800747,0.00024859598,0.004485749,0.3163479,0.0019420314,0.0032480813,0.67367023,5.1081344e-05,6.2906865e-06,5,,,,0.039323784,Test
2175,1,1.2972721,1.4859347,0.94559723,-2.9208412,-1.6329287,-1.6271249,-5.341784,-8.630615,0.32956433,0.3979929,0.2318514,0.004853297,0.017594224,0.017696638,0.0004311563,1.6081009e-05,1,,,,1.7936077,1.3127966,1.6361096,0.6932024,-2.5792608,-1.7479004,-1.4036529,-4.9340515,-8.586409,0.31629857,0.43021327,0.1968371,0.0077201687,0.02027991,0.027510311,0.0010920258,4.8695376e-05,1,,,,0.053205743,Test
2176,0,0.05233912,1.5015928,1.6296171,-2.9605567,-1.2764094,-0.8652028,-5.809856,-7.6987157,0.0924349,0.39376655,0.44754744,0.0045430963,0.024477545,0.036927726,0.0002629765,3.977366e-05,2,,,,1.7119329,0.08168624,1.3347538,1.7148225,-3.0724962,-1.301727,-0.7657577,-6.293216,-8.055754,0.09345566,0.3502141,0.48168397,0.004714081,0.024401179,0.045294296,0.00019313565,4.358893e-05,2,,,,0.054062523,Test
2177,0,-3.5165317,0.060879767,5.307795,-2.9336238,-0.022698773,1.274679,-8.231387,-10.240848,0.00014307069,0.005119182,0.9725389,0.0002562738,0.00470872,0.01723244,1.2820786e-06,1.7187672e-07,2,,,,0.22029948,-3.0487013,0.3134187,5.189094,-2.7021258,-0.002224672,1.4042078,-8.258379,-10.729464,0.00046628364,0.010309818,0.958897,0.00050698017,0.0063181967,0.023496464,4.9686646e-06,3.9786391e-07,2,,,,0.0047377013,Test
2178,0,-4.5033126,-2.2137942,3.4767776,-1.980964,-0.45862412,1.3429813,-4.4374924,-3.0078864,0.00029814302,0.002942726,0.87123185,0.0037142115,0.017021997,0.10314254,0.00031842708,0.0013300867,2,,,,0.68594694,-4.4448495,-2.113043,3.3719182,-2.055614,-0.534569,1.2812529,-4.416432,-2.8026521,0.00052281254,0.0042541595,0.85527164,0.0047998303,0.018671066,0.11342768,0.0006846454,0.0023681414,2,,,,0.015114258,Test
2179,0,4.988535,2.744453,-0.92704314,-2.3400528,-3.6589577,-4.6470838,-5.492945,-12.874182,0.9011872,0.09554822,0.0024305924,0.0005916296,0.00015821832,5.8900525e-05,2.527937e-05,1.574475e-08,0,,,,0.48961535,5.098549,2.9954095,-0.82433355,-2.4207926,-3.4333415,-4.963397,-5.502658,-12.769201,0.85290384,0.14265628,0.003274756,0.00074112904,0.00026611463,0.00010269268,5.5055938e-05,8.0477534e-08,0,,,,0.025142247,Test
2180,0,-2.5352325,-2.309783,2.856554,-2.2319534,0.30847812,-2.8438742,-3.1874895,1.8989288,0.0030682504,0.003844167,0.6737735,0.0041553075,0.052710686,0.0022534584,0.001598156,0.25859648,2,,,,1.236193,-2.2921746,-2.2914186,2.560413,-2.147835,0.1511232,-2.620793,-2.9479785,1.7090142,0.006439029,0.006548294,0.62731135,0.00789428,0.057719298,0.004804065,0.0039529796,0.2853307,2,,,,0.036897846,Test
2181,0,3.0709121,0.46089384,-0.06716317,-1.5361607,-2.0523906,-4.568798,-3.413896,-6.672417,0.8811327,0.06479251,0.038211364,0.008794578,0.0052483086,0.0004237964,0.0013450085,5.1709136e-05,0,,,,0.7147636,3.4045632,0.82520086,-0.07100854,-1.6628854,-2.151895,-5.0613737,-3.780944,-7.1809244,0.8740611,0.07739119,0.035152894,0.007605993,0.0044456003,0.00041207322,0.00088391005,4.7229503e-05,0,,,,0.018519841,Test
2182,0,-4.437109,-2.3938024,2.2924335,-1.2008916,-0.88182896,-0.28729877,-2.8371046,-0.12117924,0.0009531309,0.0073544374,0.79754615,0.024245098,0.03335732,0.060449455,0.0047209105,0.07137352,2,,,,1.1687312,-4.3168335,-2.2086668,2.1262598,-1.0732911,-1.0140197,-0.20952277,-2.7506456,-0.22301126,0.0014950123,0.010659891,0.74532145,0.03207419,0.032606278,0.08215369,0.007545214,0.08814419,2,,,,0.027180234,Test
2183,0,-4.3761225,-0.6795679,6.7741385,-3.0072176,0.1382748,1.4362442,-9.31711,-11.360712,1.4274914e-05,0.00057539594,0.9932768,5.6115314e-05,0.0013036208,0.0047736675,1.02030555e-07,1.3219201e-08,2,,,,0.06618597,-4.8166943,-0.45287928,7.0982666,-3.0850394,0.43324536,1.6216125,-9.5164585,-10.939288,1.0441482e-05,0.0007926322,0.9914113,5.2268337e-05,0.001804371,0.0059286435,1.2485334e-07,1.552238e-07,2,,,,0.0016622534,Test
2184,0,-3.265465,-0.5470011,5.724347,-2.8182743,0.24701206,0.3084507,-7.936345,-9.3727045,0.000123337,0.0018694215,0.98927957,0.00019288818,0.00413564,0.004397695,1.1549303e-06,2.7463307e-07,2,,,,0.10351094,-3.581894,-0.3939856,6.1109676,-2.8375807,0.13164198,0.7160515,-8.30686,-10.256743,0.000111067944,0.002369698,0.9872947,0.00023413738,0.0028420934,0.0071469694,1.0491351e-06,3.155774e-07,2,,,,0.0024570979,Test
2185,0,-4.034818,-1.8063326,0.12031238,-0.7502024,-2.7575176,3.0004122,-1.6816571,-4.3648334,0.0007990243,0.0074195783,0.05094604,0.021332936,0.0028660563,0.9076572,0.008404754,0.0005744288,5,,,,0.6131456,-4.4706197,-2.0067182,0.30417633,-0.76897115,-2.7238088,3.279986,-1.7623059,-4.5568595,0.00048455206,0.004983023,0.053583264,0.01789573,0.0027057875,0.91292095,0.0070016943,0.00042502192,5,,,,0.0113449525,Test
2186,0,1.3359419,0.8418363,0.7229791,-3.1040554,-1.3273017,-1.2955164,-5.765549,-9.053093,0.4336127,0.2645542,0.23490682,0.005114883,0.030232212,0.031208593,0.00035724294,1.3341398e-05,0,,,,1.8731025,1.3036456,0.90465194,0.7743918,-3.1285968,-0.98926175,-1.2640457,-5.7428393,-8.36895,0.3952479,0.2658832,0.25286746,0.0051581454,0.03958998,0.040602624,0.00057549315,7.51634e-05,0,,,,0.06660287,Test
2187,0,-3.3246567,-1.6460061,1.8788596,-1.9547191,-0.42469236,0.6593732,-3.2414737,-0.87002814,0.0036121984,0.019355323,0.65709794,0.014214384,0.0656463,0.19409478,0.003925524,0.042053614,2,,,,1.5653985,-3.1203501,-1.5181692,1.744677,-1.8606256,-0.4701089,0.7087345,-3.0273423,-0.8683566,0.0054972265,0.02434205,0.6049907,0.017511295,0.066779,0.22540316,0.0060482947,0.049428277,2,,,,0.031863347,Test
2188,0,-3.9486408,-1.4284878,3.1485827,-2.068735,-0.54577416,2.3097465,-4.8209534,-5.1207075,0.0005612481,0.0069765933,0.67832804,0.003677795,0.016865566,0.29318237,0.00023459262,0.0001738332,2,,,,1.0889097,-3.826654,-1.1755145,2.9733653,-2.0544872,-0.58525,2.4179726,-4.6304917,-5.054738,0.0011338834,0.011769755,0.5994841,0.0051903524,0.023631563,0.35789022,0.00046673376,0.00043335214,2,,,,0.037521373,Test
2189,0,-2.5183172,0.80180424,4.435442,-3.052593,-0.25970677,0.42201468,-7.5244823,-9.546763,0.0009051185,0.025038935,0.94773006,0.00053048396,0.008661785,0.017126765,6.0611546e-06,8.022136e-07,2,,,,0.38148224,-2.4321404,0.4284276,4.022545,-2.8866534,-0.44034895,0.22495446,-7.2931747,-8.710698,0.0027373547,0.03417669,0.92020845,0.0016117872,0.011937148,0.029302452,1.8479283e-05,7.629821e-06,2,,,,0.014521007,Test
2190,0,-0.8070224,2.5402772,4.202602,-3.6773198,-1.4598879,0.15068442,-9.287872,-14.256934,0.005480728,0.1557945,0.8212787,0.000310659,0.0028530043,0.014281213,1.1367157e-06,7.8998e-09,2,,,,0.8076423,-0.860741,2.5882268,4.365834,-4.0040164,-1.0370333,0.2845846,-9.892552,-14.42485,0.0076438403,0.16454123,0.80257016,0.00040495076,0.0060110544,0.018826444,2.233996e-06,7.2664434e-08,2,,,,0.027622657,Test
2191,1,-3.4829516,0.27011257,6.322548,-3.5126674,-0.14544642,0.9301141,-9.864206,-12.065729,5.4679167e-05,0.0023321535,0.9915085,5.3078245e-05,0.0015391546,0.0045122406,9.257173e-08,1.0241632e-08,2,,,,0.08366181,-3.5511506,0.21643654,6.471325,-3.6783276,-0.6150468,1.3552706,-10.3724575,-13.607373,0.0001565505,0.0037246663,0.9851874,5.9707825e-05,0.0010639031,0.009807588,1.8744578e-07,5.658181e-09,2,,,,0.004004823,Test
2192,0,-0.9935039,2.1215296,3.8646946,-4.067388,-1.2828679,0.32902014,-9.141356,-12.526665,0.0063745286,0.14364482,0.82098824,0.0002947659,0.004772863,0.023922853,1.8445088e-06,6.246835e-08,2,,,,0.85137326,-0.8460296,1.7643986,4.092849,-4.1972823,-1.3353598,0.5991613,-9.234861,-12.757722,0.028389663,0.12435663,0.80408317,0.0008323962,0.005069376,0.037256785,1.16971105e-05,3.0268637e-07,2,,,,0.04535889,Test
2193,0,-2.4820979,0.071536474,4.244155,-2.8406212,-0.66600126,0.21708174,-7.045594,-7.989122,0.0011499564,0.014781231,0.959082,0.00080348295,0.0070697158,0.017097004,1.1988918e-05,4.6667155e-06,2,,,,0.31831518,-2.3985577,-0.07348401,4.139214,-2.6832962,-0.6113354,0.22604303,-7.009454,-8.352023,0.002170226,0.020800117,0.9406768,0.0016893481,0.011515562,0.023103094,3.395856e-05,1.0895129e-05,2,,,,0.012430835,Test
2194,1,-2.8079064,-1.2599754,1.9493531,-1.9877104,-0.28106004,0.40172058,-3.3277102,-1.4254727,0.006014599,0.028279025,0.70025814,0.013658822,0.075266555,0.14898068,0.0035765036,0.023965687,2,,,,1.4825827,-2.715002,-1.3154056,2.0474534,-2.0208318,-0.21810913,0.2889204,-3.1311495,-1.2972052,0.0073837684,0.02656953,0.71388286,0.014267604,0.075313754,0.13064262,0.0052567394,0.026683101,2,,,,0.022145834,Test
2195,0,-3.7537377,0.23605877,6.8593583,-3.678701,-0.13975097,1.2040337,-10.416404,-13.109848,2.445022e-05,0.0013213853,0.9942416,2.6355481e-05,0.00090743887,0.0034786898,3.12409e-08,2.1133724e-09,2,,,,0.059279066,-3.9800625,-0.22210073,6.925101,-3.6065838,-0.36899883,1.3499378,-10.360909,-13.6655,4.2302483e-05,0.0017511256,0.990049,4.2886113e-05,0.0009770347,0.0071375645,8.744043e-08,2.429466e-09,2,,,,0.0024401848,Test
2196,0,-3.8689272,-2.1645246,0.6800235,-0.8052534,-2.0480483,1.335764,-1.3549557,-1.3903598,0.00298492,0.016411394,0.28217396,0.063895375,0.018438706,0.54362756,0.036875404,0.035592698,5,,,,1.8220513,-3.853028,-2.3637161,0.64590645,-0.7327919,-2.176867,1.4044344,-1.385593,-1.3691427,0.0031020842,0.013391125,0.26803392,0.07070647,0.015845314,0.5542545,0.03752681,0.037139717,5,,,,0.036210567,Test
2197,0,-3.4955654,-1.907582,3.0051467,-2.2892747,0.27669343,0.018350448,-4.222488,-1.1885376,0.0013115851,0.0064187283,0.8730116,0.004382098,0.057025325,0.044042386,0.00063401315,0.013174252,2,,,,0.7877612,-3.5486526,-1.8947729,2.98032,-2.2445493,0.305265,0.11730094,-4.3150487,-1.3041422,0.0018442429,0.008259406,0.85422736,0.0058007175,0.06086247,0.05511146,0.0010072102,0.01288714,2,,,,0.0135237,Test
2198,0,-4.1471505,-1.9254736,1.3473451,-1.3182144,-1.5963885,2.3202045,-2.8266227,-3.498417,0.0010720955,0.009887704,0.26089305,0.01814783,0.013740901,0.69019204,0.004015423,0.0020510426,5,,,,1.1916072,-4.613093,-2.3396122,1.5965415,-1.412534,-1.843895,2.5802474,-3.2477994,-3.7882442,0.00063150225,0.0053986395,0.26791283,0.014533207,0.0090953745,0.69859606,0.0024548764,0.0013775595,5,,,,0.017746232,Test
2199,0,10.06453,-3.2983758,-3.676647,2.4833877,-5.337408,-7.663708,-1.9279476,-12.708958,0.99948126,1.5715858e-06,1.0766066e-06,0.0005097137,2.045492e-07,1.9975527e-08,6.1873898e-06,1.2863965e-10,0,,,,0.0064872084,10.61891,-4.1733866,-4.014655,2.4266238,-5.2531238,-8.341139,-1.7794603,-12.846125,0.99951875,1.2070672e-06,1.2654251e-06,0.00047023347,3.5067728e-07,2.0459731e-07,8.092798e-06,7.6369633e-10,0,,,,0.00012035712,Test
2200,0,0.6907226,2.1504872,1.9066762,-3.0173001,-1.5138725,-1.5504347,-6.229627,-9.826381,0.11209975,0.48258337,0.37816957,0.0027493546,0.012364063,0.011920167,0.00011069675,3.0344838e-06,1,,,,1.571148,0.776235,2.5259166,1.7339888,-2.5895598,-1.8131473,-1.2402886,-5.933706,-10.020303,0.11950555,0.567095,0.2844723,0.004519751,0.008242532,0.015884306,0.00027737295,3.2563207e-06,1,,,,0.05705663,Test
2201,0,-2.1280224,1.195209,4.946776,-3.2395804,-1.1498903,0.803057,-8.909324,-12.920401,0.00081149547,0.022518907,0.95902973,0.00026701926,0.0021581594,0.015213806,9.2088266e-07,1.668077e-08,2,,,,0.3036207,-1.9040753,1.2609059,4.8348074,-2.8916004,-1.1727765,0.44071063,-7.986459,-12.366799,0.0025217563,0.04934082,0.9294116,0.0007444493,0.0027547404,0.015218499,8.020705e-06,1.3609846e-07,2,,,,0.018768268,Test
2202,0,5.890326,-2.1836593,-0.832051,0.49296084,-3.1942978,-6.8288474,-3.1177,-7.9272585,0.9937557,0.00030959392,0.0011961578,0.00450022,0.000112688045,2.974492e-06,0.00012165882,9.916963e-07,0,,,,0.062418208,6.2791185,-2.1820836,-1.0926596,0.53032184,-3.349205,-6.9854355,-3.0116675,-7.8565154,0.9912286,0.00039278629,0.0013263742,0.006642776,0.00015778445,5.751082e-06,0.00024204518,3.9822116e-06,0,,,,0.002434194,Test
2203,1,-4.109345,-1.6516601,0.6367257,-0.9393069,-2.3153956,3.0174663,-2.2853959,-4.2573023,0.00070942636,0.008284496,0.081676945,0.016890293,0.0042658886,0.8831653,0.004395803,0.00061185716,5,,,,0.69216716,-3.9434845,-1.8037093,0.6115289,-0.8257785,-2.4654527,3.1283932,-1.9461763,-4.2195196,0.0009430262,0.007400344,0.0772659,0.018863862,0.0040330486,0.8837266,0.0070181726,0.00074905966,5,,,,0.012143172,Test
2204,0,-2.5873985,-0.13084552,1.4579965,-2.1307292,-1.4164981,2.1026373,-3.9220285,-5.2686076,0.0054409695,0.06346637,0.31086296,0.008590239,0.017546553,0.592288,0.0014323654,0.00037259923,5,,,,1.4440179,-2.3741329,-0.09938111,1.2965347,-1.869298,-1.3780425,1.9339393,-3.6156135,-4.994875,0.009583147,0.08722952,0.30835652,0.014366001,0.021361101,0.55520004,0.003249839,0.00065383065,5,,,,0.034256194,Test
2205,0,-5.124444,-2.3221798,5.086612,-2.3060713,0.03178803,1.8158864,-6.4202037,-4.944437,3.5156067e-05,0.0005794393,0.9563248,0.0005888487,0.0060999054,0.03632012,9.621854e-06,4.2089705e-05,2,,,,0.29405412,-5.5212603,-2.349561,5.3885703,-2.5852752,0.24274373,1.9440998,-6.6610174,-4.427893,6.783381e-05,0.0007230195,0.95002234,0.00059273664,0.0069426834,0.041544247,1.5721538e-05,9.140661e-05,2,,,,0.011857767,Test
2206,0,15.237068,-4.0060043,-5.0442915,4.702362,-8.300145,-10.555782,-3.9421647,-20.411354,0.9999734,4.3936783e-09,1.555627e-09,2.6596452e-05,5.996626e-11,6.284863e-12,4.683313e-09,3.2966694e-16,0,,,,0.00044287465,14.9967785,-3.776767,-4.36983,4.6134343,-8.185495,-11.163547,-3.729134,-18.678148,0.9999334,3.3168323e-08,1.1211165e-08,6.6494e-05,2.5875452e-10,2.1536323e-11,8.814021e-08,1.4776498e-13,0,,,,1.8034878e-05,Test
2207,0,3.3089566,0.0154677015,-0.6160153,-0.67954266,-2.6342933,-2.145539,-3.745676,-8.280936,0.9232184,0.03427365,0.018226814,0.01710493,0.0024220543,0.003948637,0.00079710665,8.548261e-06,0,,,,0.539838,3.6087852,0.26215702,-0.8422704,-0.8086235,-2.878127,-2.2114723,-4.3821106,-8.8607,0.9234896,0.03907695,0.01585646,0.012697948,0.0021769528,0.00628011,0.0004140834,7.87226e-06,0,,,,0.015410009,Test
2208,1,-0.8678003,-0.4590312,1.4944593,-2.261924,-0.4472717,-1.4737486,-3.6452882,-2.204719,0.06344736,0.095486015,0.6734881,0.015738137,0.096615516,0.034614146,0.00394608,0.01666469,2,,,,1.6779763,-0.68763,-0.6211826,1.6381022,-2.2383685,-0.28614488,-1.708717,-3.6106553,-2.077995,0.07524945,0.07689278,0.6786811,0.01562722,0.10240779,0.028423425,0.0043936274,0.018324655,2,,,,0.027471088,Test
2209,0,8.365519,-0.7253483,-2.2844894,0.4654422,-4.1196113,-7.4403205,-3.1152563,-11.87074,0.999479,0.00011263161,2.3688299e-05,0.0003705221,3.7805107e-06,1.3657927e-07,1.032135e-05,1.6265891e-09,0,,,,0.0070583858,8.45398,-0.70466745,-2.082213,0.18193479,-3.6147804,-7.535829,-3.4054477,-11.750196,0.9991652,0.00028548954,8.410135e-05,0.00041855645,2.7471056e-05,1.2930102e-06,1.7982433e-05,6.9745725e-09,0,,,,0.00023739587,Test
2210,0,-0.86303484,2.3172996,2.6814456,-3.537335,-2.1892273,1.050745,-8.027971,-12.0437975,0.014972218,0.36015365,0.5183635,0.0010324103,0.0039749155,0.10149161,1.15769335e-05,2.0870976e-07,2,,,,1.48988,-0.9567607,2.313413,2.762498,-3.838365,-2.208214,1.3665892,-8.676716,-11.338629,0.016720211,0.36441687,0.4792792,0.0007122387,0.004412514,0.1344509,7.1672316e-06,9.2781056e-07,2,,,,0.065013796,Test
2211,0,0.39498487,2.3322792,1.5604122,-3.244691,-1.3071848,-0.84094745,-6.139687,-8.980723,0.08585245,0.5958116,0.27535397,0.0022545592,0.015649838,0.024945611,0.00012467545,7.2766984e-06,1,,,,1.5098037,0.5635478,2.3599505,1.4840333,-3.2855563,-1.6396668,-0.9569529,-6.5014024,-9.522054,0.1107046,0.5978497,0.25343746,0.0025931213,0.013099971,0.022185206,0.000121516445,8.417199e-06,1,,,,0.022680288,Test
2212,0,-5.1054316,-1.2990088,8.382563,-3.2479415,0.57411367,1.2920879,-10.734361,-12.815158,1.3856998e-06,6.234151e-05,0.9986897,8.879052e-06,0.00040575542,0.00083191047,4.978011e-09,6.2140953e-10,2,,,,0.016019307,-5.150128,-1.0672411,7.918334,-3.5729852,0.21732989,1.2435778,-10.361621,-12.867483,6.4228925e-06,0.00018981591,0.9969411,1.471561e-05,0.00074254285,0.002105455,3.0586396e-08,2.8428837e-09,2,,,,0.0008195624,Test
2213,0,0.16430601,2.0687318,2.496064,-3.1637235,-1.027903,-1.3590542,-6.7454076,-9.333702,0.053850178,0.36163357,0.5544428,0.0019312676,0.016346224,0.011738164,5.374484e-05,4.0388204e-06,2,,,,1.4199371,0.4290344,2.4296567,2.3585439,-3.005446,-1.2242551,-1.6344182,-5.9135942,-8.88142,0.0764587,0.4629073,0.43374962,0.0024367557,0.015137561,0.0091283815,0.00017366052,8.029153e-06,1,,,,0.055392686,Test
2214,0,-4.356019,-1.2543231,5.4464455,-3.2118454,0.07073121,1.7710955,-8.0715,-8.083334,5.3629545e-05,0.0011924867,0.96952796,0.00016838848,0.004486599,0.024568357,1.3055434e-06,1.2901845e-06,2,,,,0.22415337,-4.764451,-1.2839117,5.6711087,-3.197583,-0.04366061,1.5769557,-8.271465,-8.181349,7.741475e-05,0.0018344652,0.9668543,0.0002493477,0.0049493886,0.026026234,6.12679e-06,2.7366966e-06,2,,,,0.0077531086,Test
2215,0,-1.8526466,1.4415243,3.531318,-3.146818,-1.1802716,1.1886443,-7.6332216,-11.0655575,0.003717363,0.10020173,0.80995536,0.001019022,0.0072818818,0.07781275,1.1475279e-05,3.707821e-07,2,,,,0.95755863,-1.5439401,1.5741698,3.8333027,-3.0325334,-1.2764304,1.073117,-7.6854386,-10.870824,0.0046853046,0.10853424,0.8175529,0.0010127533,0.005450934,0.06274982,1.20890345e-05,1.9949016e-06,2,,,,0.032840993,Test
2216,0,-0.05756165,1.6116023,3.2428346,-3.0595691,-1.6699753,-0.18047132,-8.228741,-12.736272,0.028931143,0.15355866,0.78471047,0.0014375084,0.005769036,0.025585067,8.17839e-06,9.017196e-08,2,,,,1.0293591,0.01990726,1.9109814,3.5520394,-2.8240128,-1.4662622,-0.04006493,-8.485512,-13.029803,0.042572454,0.18412383,0.7429299,0.0018484484,0.0061331657,0.022374019,1.8117275e-05,9.997028e-08,2,,,,0.04746014,Test
2217,0,1.4209932,3.4524107,1.8224678,-3.5161386,-2.4881856,-0.93152654,-7.9313107,-13.295746,0.097643286,0.74451894,0.14588161,0.00070060504,0.0019584273,0.009288722,8.472048e-06,3.9650015e-08,1,,,,1.137543,1.6007057,3.6592572,1.7661769,-3.443355,-2.5382838,-0.9551569,-7.7643967,-13.034767,0.11787691,0.7278578,0.13619286,0.00072126614,0.0031703126,0.014155805,2.4132803e-05,9.2255715e-07,1,,,,0.038510803,Test
2218,0,4.356005,0.6726185,-1.3294919,-1.393182,-2.6320605,-3.7432125,-3.2034397,-9.185814,0.96761686,0.024323657,0.003284909,0.0030822158,0.00089294574,0.00029393952,0.0005042875,1.272232e-06,0,,,,0.24721904,4.4374804,0.8799707,-1.4497328,-1.4828316,-3.0052943,-3.9401882,-3.31821,-9.361073,0.94540787,0.04189659,0.005978034,0.0040239273,0.00097628764,0.0009743278,0.00072316104,1.9895753e-05,0,,,,0.015606244,Test
2219,0,-3.261757,-1.0890174,2.7366948,-1.8836551,-0.84369123,0.40079808,-3.9175346,-3.3303094,0.002135876,0.018757926,0.8603408,0.008473797,0.023973342,0.08321535,0.0011086016,0.0019943623,2,,,,0.82788473,-3.0008557,-1.0235388,2.6841922,-1.8190784,-0.86489487,0.27230904,-3.9081511,-3.474855,0.0040367693,0.024610039,0.8507266,0.010377663,0.025622819,0.08088727,0.0015009553,0.0022378913,2,,,,0.013086691,Test
2220,0,2.3398788,1.1724687,-0.5028426,-2.1656418,-2.105463,-2.7858717,-3.7799778,-6.8048854,0.71404755,0.22219147,0.04160532,0.007888679,0.008377986,0.0042426963,0.0015700267,7.624416e-05,0,,,,1.182007,2.3420987,1.0205077,-0.20583363,-2.0136938,-1.9994421,-2.9757187,-3.6304772,-6.574788,0.7122308,0.19984034,0.05908654,0.01063462,0.010928135,0.0049219076,0.0022209017,0.00013675672,0,,,,0.023417983,Test
2221,0,4.5252438,2.221394,-1.3380593,-1.9864613,-2.9202337,-4.248094,-4.1357603,-9.831603,0.9048839,0.09037403,0.0025715362,0.001344607,0.000528522,0.00014008139,0.00015673523,5.266154e-07,0,,,,0.48838013,4.3557997,2.3989434,-1.3050249,-2.017791,-2.9700305,-4.3458548,-4.1896353,-9.9255495,0.85465086,0.1356239,0.004936581,0.0021506103,0.0018085416,0.00044840208,0.00037866097,2.3491684e-06,0,,,,0.017788116,Test
2222,0,0.13197209,2.2692385,2.22343,-3.6786692,-1.201421,-0.254082,-7.81371,-10.549199,0.053941,0.45721662,0.43674466,0.0011939293,0.014217844,0.03666552,1.9105264e-05,1.2392111e-06,1,,,,1.5394492,0.59802264,2.1480532,2.3228536,-3.6660736,-1.1054301,-0.48516297,-7.893515,-10.191448,0.096848,0.40661836,0.45659876,0.0011785625,0.015090281,0.023624655,3.599837e-05,5.3513595e-06,2,,,,0.07765121,Test
2223,0,-0.7267151,2.3409696,2.5665119,-3.2891586,-1.7770879,0.45215482,-7.2519917,-11.417868,0.018832102,0.4047411,0.5071414,0.0014522577,0.006587607,0.061217487,2.7606238e-05,4.2834145e-07,2,,,,1.4413974,-0.62944406,2.2464137,2.7924294,-3.4984424,-1.473103,0.6462801,-7.623207,-11.302206,0.02778246,0.3537025,0.5470897,0.0020313098,0.010180672,0.05917532,3.705128e-05,1.052981e-06,2,,,,0.07415235,Test
2224,0,-3.6340253,-2.5941086,3.7090456,-2.31185,0.7422961,-2.702912,-4.029986,1.8227377,0.0005347238,0.0015127242,0.82638943,0.002006055,0.042534538,0.001356772,0.00035988682,0.12530594,2,,,,0.8515774,-3.5607135,-2.7362957,3.6753757,-2.4646034,0.7269165,-2.595581,-4.1746473,1.8211291,0.00070724747,0.0014729494,0.7942661,0.002069048,0.0439172,0.0019277625,0.00048240562,0.15515727,2,,,,0.03192666,Test
2225,0,1.8204027,1.4463614,-0.15009493,-2.3567958,-1.8432722,-2.3027027,-3.845535,-6.239783,0.5295804,0.36432403,0.07381687,0.00812452,0.013577448,0.008576102,0.001833354,0.00016727763,0,,,,1.5121979,1.5746083,1.2384714,-0.03472831,-2.2762692,-1.789888,-2.1361306,-3.678637,-5.4946527,0.49235478,0.36358553,0.098895855,0.011230901,0.018137129,0.012252935,0.0028737932,0.00066906004,0,,,,0.037042536,Test
2226,1,-1.1142172,-1.3169702,2.0712779,-2.2100904,0.093524575,-2.6025975,-3.2929885,-0.33547437,0.031062126,0.025361598,0.75105894,0.010382439,0.103931375,0.0070119007,0.0035156265,0.06767603,2,,,,1.349877,-1.0678179,-1.2762358,2.0238254,-2.1689732,-0.19164737,-2.6761785,-3.0074513,-0.26185402,0.0376494,0.031942237,0.74079716,0.012402985,0.08293996,0.008470803,0.005734974,0.08006249,2,,,,0.0235165,Test
2227,0,10.481287,-1.7881415,-3.89324,1.6026965,-5.3378882,-8.4418745,-2.2477636,-13.609513,0.9998523,4.692355e-06,5.716867e-07,0.00013931983,1.3482025e-07,6.049391e-09,2.9633259e-06,3.4469406e-11,0,,,,0.002150241,10.339586,-1.5008299,-3.7368674,1.3354163,-5.065538,-8.158809,-2.410886,-12.676696,0.99978304,1.2316834e-05,2.2939953e-06,0.00019574452,9.480934e-07,4.9751996e-08,5.6675553e-06,1.2821983e-09,0,,,,4.3945092e-05,Test
2228,0,10.717456,-2.9571977,-3.3571334,2.1682184,-5.4375563,-9.062767,-2.7951536,-13.680668,0.999803,1.1510327e-06,7.716106e-07,0.00019365462,9.635668e-08,2.5672748e-09,1.3535139e-06,2.534799e-11,0,,,,0.0027398362,10.851177,-3.0317664,-3.2719963,2.1959615,-5.3861036,-9.249533,-2.7547874,-13.68855,0.99929035,2.4471444e-06,2.7785254e-06,0.0006955025,2.9210082e-07,7.395844e-09,8.679278e-06,3.18432e-10,0,,,,0.00032301102,Test
2229,0,5.433904,-0.22653416,-1.612603,-0.87004095,-2.6184847,-6.0888095,-2.2732048,-7.885508,0.9930882,0.00345693,0.0008644279,0.0018164325,0.00031614013,9.834151e-06,0.00044651178,1.6309498e-06,0,,,,0.07237653,5.291099,-0.13924226,-1.8005921,-0.6638515,-2.6208396,-5.8687563,-2.1251922,-7.880812,0.98400414,0.009968622,0.0013708159,0.0031954758,0.0005891731,2.6590264e-05,0.00084046833,4.6696605e-06,0,,,,0.0057678097,Test
2230,0,-1.3562759,1.2119666,3.2499707,-2.957014,-1.0359586,0.41745588,-6.809272,-9.503048,0.008221842,0.10723651,0.8230696,0.0016587366,0.01132612,0.04844969,3.5217876e-05,2.3816121e-06,2,,,,0.9342787,-1.4925455,1.2364129,3.1040366,-3.2721817,-1.1701196,0.25553048,-7.005843,-8.89523,0.011009528,0.1594294,0.7643652,0.0019156955,0.014724033,0.04850187,4.815219e-05,6.142697e-06,2,,,,0.046107043,Test
2231,0,-5.0018497,-1.1212921,7.1959667,-3.1061862,0.46616027,1.3950325,-9.3276205,-10.368189,5.018853e-06,0.00024316965,0.9955177,3.3410342e-05,0.0011894088,0.0030111696,6.6366155e-08,2.3444077e-08,2,,,,0.046734553,-4.294263,-0.7287385,6.988131,-2.5560784,0.9312889,1.5962821,-8.781722,-10.488656,2.2391538e-05,0.0010100125,0.98433226,0.00011255759,0.0033889413,0.011133422,3.4291583e-07,4.7140546e-08,2,,,,0.005382616,Test
2232,0,-5.600087,-1.4019576,9.102123,-3.320037,0.56050825,1.2097039,-11.280632,-13.032931,4.1176585e-07,2.7407845e-05,0.99939966,4.0259056e-06,0.00019505771,0.00037334042,1.4048213e-09,2.4356042e-10,2,,,,0.008017226,-5.611638,-1.7807903,8.310244,-3.28151,-0.06761272,1.2005584,-9.975397,-11.955679,5.1933393e-06,0.00024551013,0.9979485,2.6898953e-05,0.00053323095,0.0012399238,1.0045443e-07,5.161688e-07,2,,,,0.00051694724,Test
2233,0,-1.2613457,1.7795241,4.0909243,-3.1861892,-1.0805602,-0.21753249,-8.145841,-12.189648,0.0042159315,0.08821178,0.8899281,0.0006150985,0.0050513535,0.011973355,4.315146e-06,7.5647186e-08,2,,,,0.6135955,-1.5213832,1.4788958,4.086298,-3.3937943,-0.87865335,0.5367377,-8.187403,-11.766195,0.008172933,0.115146816,0.8377639,0.00097662,0.007076098,0.030819943,4.3067477e-05,5.824912e-07,2,,,,0.039990693,Test
2234,0,0.51686937,-0.6991995,0.3416394,-1.7345207,-1.0940175,-2.1271708,-2.5166583,-2.9344285,0.3858704,0.114369296,0.32384712,0.04061395,0.077062346,0.027425177,0.018577922,0.012233813,0,,,,2.2141783,0.53680646,-0.74091846,0.23973365,-1.7495091,-1.0067413,-2.047566,-2.5531697,-3.133801,0.39559275,0.117017195,0.30273098,0.040199116,0.08339262,0.031903446,0.01868025,0.010483662,0,,,,0.040841818,Test
2235,0,-3.7142127,-1.8816085,1.7738366,-1.9038951,-0.6535896,1.6492205,-3.3779974,-1.6622508,0.0020034944,0.012522127,0.48441517,0.0122461375,0.042756278,0.42765903,0.002804172,0.015593513,2,,,,1.5173231,-3.7958355,-2.0471053,1.7995322,-2.0110106,-0.7344478,1.791672,-3.4408638,-1.7612346,0.0019968208,0.011506035,0.4613596,0.011467945,0.037786614,0.45735994,0.0031846077,0.015338434,2,,,,0.025964078,Test
2236,0,-2.0191674,-0.019194448,3.2702806,-2.6134806,-0.28701305,-0.54651207,-5.7187915,-5.6334167,0.0046032034,0.034012403,0.9125111,0.002540698,0.02602107,0.02007364,0.00011385021,0.00012399715,2,,,,0.59733945,-2.3492208,-0.16496377,3.685667,-2.848042,-0.090505205,-0.4829867,-6.3255796,-5.719419,0.0040270416,0.028392836,0.9246925,0.0019656871,0.023550035,0.017189998,8.333211e-05,9.859633e-05,2,,,,0.0131976595,Test
2237,0,-3.0054274,-0.1746859,5.0319796,-2.7285683,-0.25263882,0.7512065,-7.4304967,-9.037436,0.00031522274,0.0053455564,0.97548145,0.00041577272,0.0049446826,0.0134928245,3.7742802e-06,7.567452e-07,2,,,,0.20538947,-3.6085105,-0.21612294,5.3976407,-2.977615,-0.10876495,1.0060301,-7.8818297,-9.063544,0.00029420923,0.007069698,0.9663084,0.00045784618,0.0066751977,0.019186024,6.6684415e-06,1.9896866e-06,2,,,,0.008809952,Test
2238,0,-2.0764716,-0.836482,2.3108258,-2.2904916,-0.5877784,-0.8903677,-4.0634623,-2.201187,0.010591969,0.036601376,0.8518357,0.00855124,0.046936214,0.03468128,0.0014522377,0.009350046,2,,,,0.9520201,-2.1006742,-1.0040033,2.4531686,-2.450645,-0.5892099,-0.6319801,-4.2972884,-2.221571,0.012756343,0.03451735,0.84310997,0.0072375573,0.041749544,0.048582993,0.0013198436,0.01072639,2,,,,0.018781323,Test
2239,1,4.936085,0.6764783,-1.7032604,-1.1651844,-2.622363,-4.41679,-2.4288094,-8.107088,0.98143196,0.01386553,0.001283598,0.0021984288,0.0005119975,8.510563e-05,0.0006213367,2.1246246e-06,0,,,,0.15726754,4.9332857,0.52086484,-1.6296432,-1.2290295,-2.4719746,-4.5367765,-2.4669437,-8.156351,0.9719442,0.020305527,0.0022784926,0.003259837,0.0008939036,0.00015060099,0.0011605966,6.8661066e-06,0,,,,0.0075525925,Test
2240,0,-1.8162924,2.1884222,4.4931107,-3.7479272,-1.3441708,0.80456984,-9.340107,-13.384887,0.0016101266,0.08832536,0.88511336,0.0002333253,0.0025816648,0.022135327,8.6957857e-07,1.5229402e-08,2,,,,0.6267257,-1.5585277,2.2936015,4.71478,-3.5216053,-1.1724038,1.1111261,-9.4161625,-12.9966,0.0027139008,0.10954789,0.8476492,0.00042335782,0.0036883983,0.03597364,3.5023545e-06,1.7364344e-07,2,,,,0.028945036,Test
2241,0,-3.5364258,-1.2549554,2.8236237,-2.8892734,-0.2942999,3.0705392,-5.984502,-6.7991266,0.000736962,0.007215644,0.42616668,0.0014076667,0.018857433,0.54552364,6.3717554e-05,2.8214481e-05,5,,,,1.1830297,-3.374923,-0.6845787,2.6405804,-2.9540086,-0.4812944,3.1272511,-5.728534,-6.668677,0.0012153026,0.018915001,0.36764207,0.001807753,0.022685077,0.5874248,0.00022879751,8.117331e-05,5,,,,0.038609058,Test
2242,0,-0.8573859,0.24375531,1.3062607,-2.3008306,-1.188735,-0.8362983,-3.8502872,-3.6403825,0.067577675,0.2032464,0.5881161,0.015955968,0.048517704,0.06901786,0.003388463,0.0041798735,2,,,,1.8143702,-0.8334014,0.07826446,1.3884737,-2.4508686,-1.2210014,-1.0152768,-3.8493607,-3.6859746,0.070816055,0.17548098,0.6230602,0.014279398,0.04765579,0.06056434,0.0035221844,0.004621028,2,,,,0.026724495,Test
2243,0,-2.9884007,-1.2893692,1.1906284,-1.6383725,-1.4158189,0.75968426,-2.3387015,-2.1684642,0.007869511,0.043035578,0.513898,0.0303569,0.03792375,0.33397985,0.015069835,0.017866584,2,,,,1.7993294,-2.8344178,-1.299962,1.1481063,-1.6445577,-1.3682306,0.73175824,-2.4580095,-1.8323824,0.0113757895,0.046925772,0.49075538,0.03131468,0.041351415,0.33652496,0.014842322,0.026909705,2,,,,0.04323071,Test
2244,0,-1.8657662,0.7782645,3.2305593,-2.6941855,-0.77162117,0.75217605,-6.5239186,-8.575812,0.0051116464,0.07191984,0.8353468,0.002232456,0.015266584,0.07006783,4.8478665e-05,6.2290924e-06,2,,,,0.9101317,-1.4634126,0.79828,2.8662636,-2.3289669,-1.0381677,0.6686378,-6.001603,-8.025904,0.014752112,0.12427801,0.7505918,0.0055729356,0.016705405,0.08792967,0.000150257,1.9779138e-05,2,,,,0.030529136,Test
2245,0,-3.8491335,-0.115269154,5.61842,-2.9868326,-0.19029377,1.6320933,-8.462216,-10.158651,7.5429605e-05,0.0031560126,0.9755474,0.0001786629,0.0029278982,0.018113764,7.4835117e-07,1.371998e-07,2,,,,0.19379887,-3.982119,-0.09167446,5.497065,-2.9923358,-0.7054795,1.4791138,-8.023142,-9.631968,0.00035408963,0.008723199,0.9619713,0.0005102719,0.00248995,0.02594325,5.9391014e-06,1.8673578e-06,2,,,,0.010655464,Test
2246,0,-3.913839,-1.5321132,2.448022,-2.148941,-0.7411465,2.1946588,-4.0901413,-3.6563637,0.0009322664,0.010090452,0.54008394,0.005445348,0.022254765,0.41920558,0.00078157935,0.0012060364,2,,,,1.2649733,-4.17798,-1.7222084,2.6789935,-2.2957091,-0.7334698,2.2227986,-4.40387,-3.4953885,0.0007515524,0.008288226,0.57400274,0.00459876,0.019372508,0.39097917,0.00058529974,0.0014217386,2,,,,0.03687399,Test
2247,0,-2.1601758,0.43501022,4.702647,-2.8979104,-0.9578796,0.9358205,-8.182218,-11.38296,0.0010036342,0.013447777,0.95953673,0.00047993398,0.0033398434,0.022189606,2.4335257e-06,9.912222e-08,2,,,,0.3054951,-2.1829584,0.6456213,4.4279494,-2.8538413,-1.024062,0.9121601,-7.4961157,-11.263214,0.0023294264,0.026688557,0.9282244,0.0008634514,0.004973955,0.03690558,1.3264251e-05,1.3817349e-06,2,,,,0.013173797,Test
2248,0,-4.1375585,-2.0370479,1.4314221,-1.0929717,-1.4353589,1.4790972,-2.3899896,-1.5539712,0.0016633277,0.013589953,0.4360692,0.034932133,0.02480437,0.45736238,0.0095485505,0.022030054,5,,,,1.6246152,-4.0237947,-1.938158,1.3604097,-1.0359702,-1.4242383,1.4434358,-2.5060332,-1.608283,0.002539733,0.016675804,0.42061678,0.040375587,0.029443566,0.45635337,0.010308021,0.023687167,5,,,,0.041010972,Test
2249,0,7.283436,-0.060383976,-2.6443193,-0.018247055,-3.8374367,-6.1234837,-2.394964,-10.786897,0.99855334,0.0006456407,4.8730617e-05,0.0006734272,1.47787505e-05,1.5025196e-06,6.253102e-05,1.4175095e-08,0,,,,0.017860582,7.758742,-0.31148952,-2.7362611,-0.13065885,-3.9558086,-6.8342896,-2.6530623,-10.891332,0.9989275,0.00043277675,8.303773e-05,0.00048339568,2.1600383e-05,3.7324257e-06,4.7883917e-05,3.081734e-08,0,,,,0.00017972218,Test
2250,0,-3.9717345,-0.9794976,4.6854296,-3.2586946,-0.16983767,2.8767316,-8.335115,-9.605975,0.00014789824,0.002947643,0.8505922,0.00030173943,0.006623777,0.1393843,1.8835213e-06,5.284978e-07,2,,,,0.6730092,-3.9340615,-1.0534124,4.721963,-3.537089,-0.2015959,2.737675,-8.318391,-9.679964,0.00023208109,0.0036319338,0.83472025,0.00036422221,0.007871963,0.1531739,4.373271e-06,1.2588827e-06,2,,,,0.033723667,Test
2251,0,-0.6587016,0.06397766,0.87717754,-2.2339602,-0.9352431,-0.38464618,-3.429525,-3.3792021,0.09886845,0.20366357,0.45928428,0.020461228,0.074982055,0.13004047,0.0061901957,0.0065096766,2,,,,2.1836154,-0.6716939,0.044421792,0.8624546,-2.4430957,-0.9522478,-0.6094862,-3.6465306,-3.303517,0.10480547,0.21147878,0.4645912,0.017856937,0.077927664,0.109373845,0.005609472,0.008356607,2,,,,0.030777406,Test
2252,0,-3.741807,-1.6845776,0.7731258,-1.2540231,-1.7892001,2.2033842,-2.2627735,-2.697568,0.0019668788,0.015389377,0.17971659,0.023670562,0.013860667,0.7511755,0.008632045,0.005588366,5,,,,1.1798402,-3.8586223,-1.85455,0.7884262,-1.2158012,-1.7901767,2.305842,-2.217485,-3.0180867,0.001963166,0.014260138,0.17330742,0.024125919,0.013685356,0.75846565,0.009964281,0.0042281263,5,,,,0.019595405,Test
2253,1,4.8975253,-1.9687421,-1.1238341,0.20198493,-2.797496,-5.350405,-2.680284,-6.854779,0.9865681,0.0010283598,0.0023937782,0.009013216,0.00044897446,3.4954846e-05,0.00050480803,7.765443e-06,0,,,,0.12270024,4.6272874,-2.0084338,-0.8610595,0.3180668,-2.743546,-5.029448,-2.779251,-6.717572,0.9557732,0.0037213205,0.015424246,0.020806257,0.0026098466,0.00020251967,0.001335237,0.00012736095,0,,,,0.016267791,Test
2254,0,-3.3137178,0.4919789,6.7330356,-3.5658627,-0.3661841,0.71557146,-10.045895,-13.080165,4.309837e-05,0.0019375541,0.99474144,3.34931e-05,0.00082140666,0.0024230296,5.137043e-08,2.4714213e-09,2,,,,0.055624016,-3.22376,-0.03823399,6.5794287,-3.7727165,-0.43082172,0.54347795,-10.254358,-12.187869,0.00010230248,0.0033818,0.98963135,5.556363e-05,0.0013483798,0.005480406,1.5202008e-07,1.846439e-08,2,,,,0.0030660648,Test
2255,0,-3.8028688,-1.9172431,3.3759632,-1.8885654,-0.26330584,-0.54093564,-3.7090065,-0.9302236,0.0007117021,0.0046904567,0.93330884,0.0048269145,0.02451946,0.018575387,0.0007817398,0.0125855515,2,,,,0.49930584,-4.0767045,-1.9838539,3.4166222,-1.8551966,-0.311297,-0.53719825,-3.5717587,-0.90519345,0.0005899715,0.005410441,0.9277341,0.0052073402,0.023587517,0.02262931,0.000921687,0.013919602,2,,,,0.008286374,Test
2256,0,6.0928264,5.257711,-0.41819054,-4.016392,-3.9231584,-5.3106704,-8.780489,-17.895151,0.69666594,0.3022307,0.0010359192,2.8356113e-05,3.1127038e-05,7.772288e-06,2.4189427e-07,2.6618166e-11,0,,,,0.89632094,6.585585,5.745263,-0.83261967,-3.963663,-4.224411,-5.5496817,-8.89677,-19.235748,0.6457614,0.35313222,0.00089703186,3.5716475e-05,8.610601e-05,8.71177e-05,4.1315894e-07,8.265476e-11,0,,,,0.058877524,Test
2257,0,-2.9016519,-1.7638141,2.711893,-2.2040439,0.21150671,-1.6411948,-3.3186655,0.32044625,0.0030120313,0.009397583,0.8256406,0.0060509946,0.06774652,0.010623533,0.0019849644,0.07554381,2,,,,0.9934083,-2.7958915,-1.6609294,2.5412602,-2.1429079,0.02347738,-1.7109144,-3.1379685,0.30835682,0.00461204,0.015478636,0.79386395,0.0076784724,0.06667791,0.013144943,0.0037481356,0.09479588,2,,,,0.019544795,Test
2258,0,-2.1841125,0.23406371,3.1669667,-2.798591,-0.5796706,0.7482236,-6.047957,-7.3167396,0.00404244,0.04537786,0.8522905,0.0021866483,0.020111466,0.07588237,8.4839296e-05,2.385458e-05,2,,,,0.8476048,-2.267706,0.08680387,3.236309,-2.880488,-0.70585316,0.73856425,-6.2995195,-7.301963,0.004012352,0.04584427,0.84997386,0.0025728275,0.018824425,0.07861653,0.00010584069,4.9936778e-05,2,,,,0.01995208,Test
2259,0,-1.0290793,0.41666776,1.757251,-2.6541326,-0.8422295,-1.5363735,-4.2115993,-3.6121824,0.042394634,0.17996612,0.6876995,0.008347552,0.051104438,0.025526768,0.0017585715,0.0032024577,2,,,,1.4646603,-1.2768549,0.4415087,1.7598444,-2.6645863,-0.6165191,-1.4009048,-4.147933,-3.6565483,0.034099944,0.1906911,0.6620553,0.008145735,0.0646058,0.034426615,0.0021272367,0.0038482784,2,,,,0.03124216,Test
2260,0,-1.5461814,0.25359908,3.7052736,-2.5928242,-0.3621801,-0.24765879,-6.4667,-8.4038725,0.004873701,0.02947771,0.9301156,0.0017112279,0.015924439,0.01785666,3.5555327e-05,5.1239113e-06,2,,,,0.49967337,-1.4397128,0.12145523,3.867808,-2.6493797,-0.024244096,-0.26760146,-6.4228044,-7.82216,0.0096618915,0.03390465,0.9118167,0.0025134427,0.023188788,0.018775743,8.9312016e-05,4.952206e-05,2,,,,0.018464599,Test
2261,0,-2.9511206,0.24091238,5.197714,-2.9115672,-0.27484918,-0.36554137,-7.4799323,-8.685809,0.0002846134,0.0069268784,0.9845756,0.0002960962,0.004135664,0.0037770958,3.0719712e-06,9.1983867e-07,2,,,,0.14181326,-2.6985364,0.34743214,5.0755363,-3.0344176,-0.19502796,-0.19986801,-7.6508894,-8.126616,0.0011381289,0.01916894,0.9661009,0.0005215277,0.006671256,0.006383038,9.818216e-06,6.334021e-06,2,,,,0.010514722,Test
2262,0,9.680719,-2.254265,-3.2331274,1.9905598,-5.058097,-7.3494024,-2.923115,-13.2434225,0.9995302,6.5538748e-06,2.4625408e-06,0.00045709024,3.970172e-07,4.0152113e-08,3.357533e-06,1.1065423e-10,0,,,,0.005978538,9.316391,-2.6547568,-3.2841854,1.3869843,-4.4324594,-7.1615043,-3.0163136,-11.84845,0.99932206,1.7755141e-05,6.3693233e-06,0.00062720425,3.4003037e-06,6.8868724e-07,2.2577722e-05,5.6321965e-09,0,,,,0.00022574296,Test
2263,0,6.384666,0.9882607,-2.017216,-0.82203853,-3.5434978,-5.282347,-3.4647791,-10.984425,0.9944224,0.0045075635,0.00022319262,0.0007374606,4.8509217e-05,8.524157e-06,5.248209e-05,2.8462333e-08,0,,,,0.055120133,6.3099184,0.8497036,-2.222117,-0.91902095,-3.379113,-5.2827625,-3.3417447,-10.677594,0.9923948,0.005719938,0.00030211805,0.0012615274,0.00015676071,2.9875087e-05,0.00013465594,3.0038578e-07,0,,,,0.0016316003,Test
2264,0,3.0947359,-1.1007599,-0.8442398,-0.82862866,-1.5720596,-3.9011288,-1.6995183,-4.039717,0.93136036,0.014029338,0.018131861,0.018417137,0.008756975,0.0008528099,0.007709027,0.00074244494,0,,,,0.52331775,3.0625153,-1.0430735,-0.9917556,-0.73491424,-1.7740027,-3.9116657,-1.5819508,-4.099748,0.91223633,0.021777106,0.020736612,0.022757208,0.00982112,0.0011522621,0.010070963,0.0014483272,0,,,,0.01594232,Test
2265,0,1.1569278,1.995934,2.0877042,-3.2975001,-0.7556848,-2.302517,-6.4436054,-8.92088,0.16551211,0.38300595,0.41981778,0.0019244042,0.024445146,0.0052048955,8.278665e-05,6.951733e-06,2,,,,1.674452,1.3945156,2.100797,1.8605366,-3.3198752,-1.0348474,-2.1842725,-6.3869753,-8.992464,0.22358291,0.39037806,0.35216695,0.0024301664,0.02412631,0.007158292,0.00013334026,2.4017998e-05,1,,,,0.06446378,Test
2266,0,-4.124674,-1.9003865,1.6978012,-1.7004987,-0.9055969,2.641274,-3.6415114,-3.0229795,0.0007956901,0.0073576607,0.2687898,0.008985659,0.019896254,0.6904906,0.0012899674,0.0023944394,5,,,,1.1454982,-3.9939332,-1.6993988,1.5284257,-1.7047373,-1.1106856,2.5338778,-3.3756084,-2.8524067,0.001333775,0.011806329,0.26694208,0.010536739,0.020313185,0.6824169,0.002354203,0.0042967806,5,,,,0.035969682,Test
2267,0,-1.8928882,1.3436319,3.8608253,-3.2384725,-1.0665193,1.0145816,-7.85709,-11.012864,0.0027573798,0.0701616,0.8695662,0.00071798754,0.0063006333,0.050488755,7.0839683e-06,3.0181533e-07,2,,,,0.7389047,-1.8459183,1.3618009,3.8330047,-3.148538,-0.5964939,1.2288035,-8.216482,-10.680741,0.004156029,0.08793328,0.8314811,0.0011749801,0.011251237,0.063989505,1.2988082e-05,9.630081e-07,2,,,,0.020438781,Test
2268,0,-3.1995952,-2.242924,3.4670393,-2.29445,0.2745327,-1.7404993,-4.200884,0.101391494,0.00116836,0.003041261,0.9180351,0.0028885256,0.037702598,0.0050263647,0.0004292622,0.031708594,2,,,,0.5538055,-3.004597,-2.184616,3.262321,-2.1010923,0.27460366,-1.5647123,-4.0277777,0.047832053,0.002248845,0.005023325,0.88950646,0.005106802,0.047067825,0.007940458,0.0008301806,0.042276073,2,,,,0.012659188,Test
2269,0,-1.2538271,-0.7143741,1.3863987,-2.041577,-0.7375665,-0.3738149,-3.3384364,-2.690732,0.046221398,0.079272866,0.6478562,0.021024596,0.07745549,0.111436516,0.0057478957,0.010985079,2,,,,1.7706742,-1.1799629,-0.6118187,1.2509323,-2.0061402,-0.8759817,-0.5632339,-3.1382365,-2.5284386,0.059827637,0.098889306,0.6091088,0.025631541,0.07384574,0.10830667,0.008927731,0.0154626565,2,,,,0.030299248,Test
2270,0,-2.9593549,-1.3852808,1.8471992,-1.8959975,-0.79982924,0.10007475,-2.9147635,-1.2825012,0.005973414,0.028829305,0.73060465,0.017299468,0.051771715,0.12732565,0.0062458026,0.031949997,2,,,,1.4279377,-2.7573676,-1.3419111,1.9040521,-1.8911396,-0.71386755,0.21602106,-2.939343,-1.4477029,0.0076859677,0.03008549,0.71829695,0.01858238,0.052612998,0.13857117,0.007317236,0.026847819,2,,,,0.019268021,Test
2271,1,0.63453215,2.3836248,1.3727388,-3.0963705,-1.6828915,-0.7871166,-5.9972777,-9.2183695,0.10861599,0.62447494,0.2272442,0.0026036543,0.010701617,0.026210757,0.00014313156,5.712587e-06,1,,,,1.4898728,0.36231512,2.2751806,1.4721959,-3.2084796,-1.7080886,-0.4821331,-6.4710855,-8.976278,0.10448494,0.5697196,0.26348293,0.0027537283,0.013085255,0.04633875,0.00012127803,1.35337705e-05,1,,,,0.04272253,Test
2272,0,5.857517,-0.1054171,-2.229208,-0.28071815,-3.3553257,-4.3694,-2.4339046,-9.357379,0.9946037,0.0025584723,0.00030593554,0.002147081,9.921177e-05,3.5987887e-05,0.00024930516,2.4541723e-07,0,,,,0.05723613,5.776645,-0.49819303,-2.2127922,-0.13082494,-3.2351584,-4.264699,-2.0597868,-9.074074,0.9935323,0.0020978604,0.00045381277,0.0031284322,0.00016240278,6.517246e-05,0.0005592899,7.5093817e-07,0,,,,0.00084262085,Test
2273,0,-0.89379,0.28643224,1.1897732,-2.5580292,-1.0069176,-0.013154231,-3.9563744,-4.3338294,0.063044645,0.20521648,0.5064403,0.011936539,0.056301184,0.152091,0.0029483882,0.0020214273,2,,,,1.9834052,-0.7998258,0.46957117,1.1006417,-2.625792,-0.91292554,-0.036638215,-3.6895669,-4.3720317,0.07424794,0.24959573,0.45127463,0.011062677,0.06054423,0.14738683,0.003850998,0.0020369978,2,,,,0.046517964,Test
2274,0,7.768434,-0.902558,-2.783064,0.8790997,-4.2826805,-5.8129473,-2.655729,-11.227856,0.9987484,0.0001712743,2.6121526e-05,0.001017317,5.8307355e-06,1.2622266e-06,2.966878e-05,5.616582e-09,0,,,,0.015030671,7.86548,-0.38929555,-3.3244011,0.7662617,-4.9535055,-6.417961,-2.5316107,-11.313298,0.99807584,0.0005759027,2.9806673e-05,0.0012510235,8.780015e-06,1.286057e-05,4.5729277e-05,1.7304222e-08,0,,,,0.00044620628,Test
2275,1,-3.9903045,-1.0722675,5.2239256,-2.5044823,-0.16880496,1.2614442,-6.998846,-7.8215203,9.709176e-05,0.001796675,0.9747011,0.00042900917,0.004434435,0.018534787,4.792799e-06,2.1052617e-06,2,,,,0.19994357,-3.6707833,-1.1975324,5.3190956,-2.4214926,-0.03759461,1.3602506,-7.0063043,-8.122077,0.0002438194,0.002305541,0.96627694,0.0006018366,0.005986644,0.024569714,1.2268589e-05,3.3050906e-06,2,,,,0.007473171,Test
2276,1,-3.928522,-1.699684,4.094841,-2.0405312,-0.32706517,0.32657865,-4.8896914,-3.7343316,0.00031475944,0.002923821,0.960464,0.0020793271,0.011536438,0.022179183,0.00012037832,0.00038222107,2,,,,0.3047375,-3.8254364,-1.6074641,4.1434975,-2.2576613,-0.14493397,0.0048240097,-4.9309807,-3.4024448,0.00058851356,0.004270137,0.95987767,0.002029588,0.01586623,0.01647624,0.00019839787,0.0006932708,2,,,,0.0054472634,Test
2277,0,-1.778772,0.03209307,1.4855659,-2.2525668,-0.8514174,0.41904747,-3.7869632,-3.6616392,0.021871924,0.13376293,0.57223046,0.013618227,0.05528815,0.19696447,0.002935896,0.003327883,2,,,,1.7987823,-1.6057727,0.25230607,1.2171909,-2.217734,-1.0617505,0.2436754,-3.716687,-3.8041637,0.03172983,0.19376576,0.5006784,0.016672036,0.055481337,0.19298212,0.0043055667,0.0043849093,2,,,,0.027663695,Test
2278,0,-4.109485,-1.875963,0.8452315,-1.3649528,-1.8109955,3.546633,-2.7010553,-3.7940488,0.0004354093,0.0040635364,0.061759524,0.006773811,0.0043362994,0.92025393,0.0017806195,0.00059688406,5,,,,0.50107694,-4.2486315,-1.7500489,0.86293143,-1.4288265,-1.7554567,3.6118493,-3.1036234,-3.8521435,0.0005444462,0.006574726,0.063249804,0.007075033,0.0051968833,0.9146776,0.0017148263,0.0009666573,5,,,,0.013357177,Test
2279,0,-0.4090421,2.0977354,2.3841405,-3.0494955,-1.6406667,0.11868176,-6.851496,-11.11303,0.0315875,0.38743144,0.51591605,0.0022531028,0.009217806,0.05354301,5.0302897e-05,7.0930327e-07,2,,,,1.4890332,-0.224998,2.1714618,2.5852063,-3.1256242,-1.4231409,-0.0089878915,-6.77743,-11.25065,0.037540853,0.38365448,0.521207,0.0018177166,0.011838453,0.043880112,5.833885e-05,3.045294e-06,2,,,,0.056220558,Test
2280,0,-4.1885705,-2.139535,4.2142463,-2.1400046,0.49239707,-0.5060426,-4.691734,-1.3919001,0.00021548271,0.0016722349,0.96096903,0.0016714495,0.023245068,0.008564737,0.00013028408,0.0035317584,2,,,,0.3040799,-4.175873,-2.0859046,4.093812,-1.8893846,0.35552686,-0.35347658,-4.500058,-1.4796306,0.0006215371,0.003359368,0.9478219,0.0035933915,0.025548656,0.013608379,0.0005194951,0.0049272142,2,,,,0.00777112,Test
2281,0,-1.7755347,0.96169776,4.0576253,-3.2440715,-0.46155185,-0.4666114,-7.5438075,-8.774669,0.0027356972,0.04225061,0.9340652,0.0006299275,0.010179433,0.0101280585,8.549465e-06,2.496793e-06,2,,,,0.44943812,-1.2650722,0.80987275,3.6397057,-3.0774589,-0.62325966,-0.7547883,-7.089442,-8.391212,0.00931704,0.06923334,0.8921609,0.0012105831,0.014938173,0.013098255,3.4306922e-05,7.43145e-06,2,,,,0.01894535,Test
2282,0,8.105228,1.1816884,-2.304242,-1.3208432,-3.9347703,-7.611701,-3.8248203,-13.649632,0.99889344,0.0009832499,3.0112273e-05,8.050604e-05,5.8967676e-06,1.4919128e-07,6.582104e-06,3.5604392e-10,0,,,,0.013184597,8.210645,1.3746758,-2.2751184,-1.6642107,-3.9193482,-7.3705587,-4.518039,-13.969688,0.9980402,0.0017934686,5.55514e-05,8.159595e-05,2.0389338e-05,4.1818822e-07,8.368715e-06,3.3522505e-09,0,,,,0.00048679498,Test
2283,0,-0.5420738,2.6701658,3.811142,-3.8826013,-1.2832197,-0.731344,-9.079923,-12.847972,0.0095326705,0.23674046,0.74095553,0.00033763068,0.0045429603,0.007888882,1.8675571e-06,4.313507e-08,2,,,,0.97097534,-0.6121283,2.4612327,4.041304,-3.7653918,-1.2565057,-0.8050293,-8.924508,-13.388573,0.01661713,0.2219772,0.75022036,0.00038731136,0.0044263178,0.0063682245,3.428213e-06,4.928118e-08,2,,,,0.05191041,Test
2284,0,5.047483,0.64461213,-1.6882906,-1.1950713,-2.6710227,-4.6015787,-2.5966625,-8.562362,0.9838996,0.012045043,0.0011685343,0.0019135682,0.00043736727,6.344783e-05,0.00047112978,1.2085665e-06,0,,,,0.1394891,5.0393915,0.47628507,-1.6969216,-0.9288502,-2.6607966,-4.323412,-2.6081352,-8.721567,0.97976255,0.013273386,0.0020155744,0.003104283,0.00097405165,0.00012352705,0.000744062,2.674807e-06,0,,,,0.0036524532,Test
2285,0,1.4112093,2.77154,3.0911853,-3.7929337,-1.517214,-3.8362162,-8.410455,-11.443767,0.09683165,0.37739956,0.5195432,0.00053196953,0.0051786816,0.00050943566,5.2543946e-06,2.5303007e-07,2,,,,1.3983107,1.2712053,2.6391487,3.0005918,-3.9249287,-1.4024924,-3.903954,-8.173462,-10.678921,0.13752316,0.38595814,0.46867552,0.00081693346,0.0063619316,0.0006524372,1.0194628e-05,1.6122478e-06,2,,,,0.070128925,Test
2286,1,-2.7745147,-1.4001348,2.4626212,-2.221817,-0.25229487,-0.7276546,-3.5540636,-1.1474717,0.004533744,0.01792019,0.8529356,0.007879353,0.056473307,0.035107277,0.002079234,0.023071341,2,,,,0.93785095,-2.6863685,-1.4768089,2.2152545,-2.1720216,-0.37898594,-0.7354373,-3.3477485,-1.1256924,0.00856675,0.0255319,0.8081854,0.011511996,0.061863147,0.04710569,0.0038313381,0.033403855,2,,,,0.021664234,Test
2287,1,-1.1847066,-0.7326442,1.6500586,-2.0678508,-0.12576292,-1.8375996,-2.9929526,-0.794003,0.0399086,0.06271836,0.67949986,0.016501442,0.115069404,0.020773929,0.006542674,0.058985714,2,,,,1.6759173,-1.24235,-0.72020906,1.6446457,-2.0379634,-0.100605406,-1.8010342,-3.0069883,-0.8143153,0.04171794,0.07097926,0.66113794,0.018206816,0.116167925,0.023160957,0.008283608,0.060345482,2,,,,0.027912196,Test
2288,0,-2.1384645,-0.57759887,2.131508,-2.2344797,-0.24133997,-0.10508224,-3.864672,-2.5701869,0.010715241,0.051036086,0.7663507,0.009734265,0.07143528,0.081863195,0.0019068636,0.0069583673,2,,,,1.283105,-2.2545562,-0.8597601,2.2607665,-2.3402479,-0.12325015,-0.28725746,-3.8842921,-2.5752368,0.009330176,0.037854012,0.7935087,0.008754075,0.07620285,0.06381692,0.0018962113,0.008637026,2,,,,0.014332645,Test
2289,0,5.759485,0.5674413,-1.637707,-1.3922913,-3.161914,-5.798016,-3.637594,-10.653196,0.99286807,0.005520975,0.0006085999,0.0007778835,0.00013254922,9.495825e-06,8.237439e-05,7.3952776e-08,0,,,,0.06918498,6.0774465,0.28327966,-1.6973995,-1.5854816,-3.2020001,-5.8572836,-4.018387,-10.721268,0.99374235,0.004613988,0.000753434,0.0006789266,0.00013343003,1.1662647e-05,6.603399e-05,1.5926442e-07,0,,,,0.0012036194,Test
2290,1,-1.6796721,1.2332729,3.2503428,-2.9933536,-1.7469001,0.9709939,-6.8458405,-10.671564,0.0057748174,0.10631984,0.7991285,0.0015524363,0.0053993515,0.08179146,3.295336e-05,7.1847063e-07,2,,,,0.996335,-1.6996524,1.269716,3.007366,-2.9581807,-1.576085,0.7992624,-7.0315943,-10.240789,0.01589699,0.18244731,0.698351,0.0028782873,0.00836621,0.091986604,7.1474045e-05,2.1356332e-06,2,,,,0.052565444,Test
2291,0,8.883231,-2.5852008,-2.6718483,2.0977561,-4.6924353,-7.5738187,-2.5827107,-11.549735,0.99883944,1.0442854e-05,9.576094e-06,0.0011287595,1.2695759e-06,7.1168785e-08,1.0468879e-05,1.3352766e-09,0,,,,0.013257343,8.856014,-2.7669475,-2.3612416,2.305546,-4.3515725,-6.908956,-2.4987197,-11.984896,0.99701625,1.8512079e-05,4.194502e-05,0.0028852678,7.968285e-06,1.8442458e-06,2.812018e-05,5.936016e-09,0,,,,0.00094563555,Test
2292,0,10.911637,-1.4100846,-3.576324,1.5142652,-5.525974,-9.41691,-2.9597778,-14.637193,0.99991107,4.4535414e-06,5.1041087e-07,8.293435e-05,7.264367e-08,1.4838327e-09,9.455453e-07,8.021314e-12,0,,,,0.0013632167,10.720494,-1.0876439,-3.6933377,1.4940851,-5.4033933,-9.234346,-3.2526488,-14.161425,0.9997265,2.2025904e-05,2.6262126e-06,0.0002456306,4.707666e-07,1.4454699e-08,2.7725284e-06,4.179455e-10,0,,,,7.797346e-05,Test
2293,0,1.189644,2.099529,2.869099,-3.031456,-2.1376643,-1.633209,-8.205814,-14.160529,0.1116475,0.2773365,0.5987245,0.0016392632,0.004006981,0.0066358955,9.277979e-06,2.4063192e-08,2,,,,1.4046153,1.1261487,1.8249954,3.0870671,-2.9413416,-2.13601,-1.8918893,-7.714339,-13.509573,0.12075665,0.23553625,0.6317177,0.0019413434,0.004005088,0.0060188705,2.3795166e-05,3.5697218e-07,2,,,,0.07291592,Test
2294,0,-4.0536237,-1.0540835,4.090995,-3.0756624,0.527212,2.7602863,-7.4432282,-7.010356,0.00022338214,0.0044846903,0.76950514,0.0005939799,0.021801198,0.20337248,7.532895e-06,1.1613313e-05,2,,,,0.9228891,-3.9412074,-0.9673896,4.0027275,-3.2025387,0.63477004,2.929541,-7.637872,-7.2789917,0.0014610162,0.0067826016,0.69884014,0.0013387194,0.027777905,0.2637148,6.829298e-05,1.6508695e-05,2,,,,0.037457846,Test
2295,0,-3.7284677,-1.5220597,1.2994355,-1.4790388,-1.2440673,1.1571884,-2.646461,-2.0137577,0.0030764036,0.027943073,0.46949816,0.029171437,0.03689816,0.40724593,0.009077217,0.017089617,2,,,,1.696135,-3.8535984,-1.4396809,1.4579208,-1.5527346,-1.0555052,1.0739974,-2.749034,-2.0431585,0.002663359,0.032793254,0.50914764,0.027356604,0.042447843,0.3574968,0.008662862,0.01943169,2,,,,0.036929976,Test
2296,0,-3.7045946,-2.1014915,1.9015815,-1.5717208,-0.8141973,0.25820473,-2.601206,-0.03672173,0.002504401,0.012442937,0.68145204,0.021134853,0.045080375,0.13174248,0.007549175,0.09809365,2,,,,1.5636587,-3.4392333,-2.1937573,1.7345247,-1.473403,-0.85093766,0.314832,-2.3956802,-0.28156534,0.003884467,0.013977421,0.6347026,0.026403338,0.048045345,0.17307055,0.011561679,0.08835454,2,,,,0.035938937,Test
2297,0,-1.1389847,1.1155872,2.8164067,-2.7872596,-1.5405573,0.22951555,-6.5794325,-10.219647,0.014805408,0.14111349,0.77308106,0.0028482864,0.009908766,0.058177155,6.421902e-05,1.6855377e-06,2,,,,1.1053892,-1.1317255,1.2858534,2.7184117,-2.7666268,-1.7771164,0.20121281,-6.739682,-10.286261,0.023003543,0.20114017,0.69850177,0.0035750084,0.008526462,0.06516878,8.2257546e-05,2.0326502e-06,2,,,,0.042719766,Test
2298,0,2.0558033,2.0858607,-1.0302023,-2.368828,-2.9018023,-1.7627012,-3.1057353,-8.193894,0.47104603,0.4854194,0.021519298,0.005642483,0.00331133,0.010344463,0.0027004466,1.6660055e-05,1,,,,1.2978623,2.131292,2.196465,-1.0329546,-2.4623225,-2.8020768,-2.0777295,-3.1126318,-8.1729145,0.46316758,0.49320722,0.021405462,0.0054253833,0.0037604389,0.009942035,0.003068643,2.3275357e-05,1,,,,0.05023344,Test
2299,0,8.848787,-2.198301,-3.4412897,1.9345195,-4.7765617,-6.279983,-2.0558264,-11.715145,0.9989672,1.5917014e-05,4.5923875e-06,0.0009924828,1.2081957e-06,2.6866402e-07,1.8354298e-05,1.1715177e-09,0,,,,0.012044526,9.12351,-2.249827,-3.1331425,2.4499335,-4.9361444,-6.4259086,-1.970444,-11.069874,0.9976343,4.7879046e-05,1.7222408e-05,0.0022642221,2.4664964e-06,1.4636366e-06,3.2475713e-05,1.493234e-08,0,,,,0.00059104396,Test
2300,1,-2.8393996,-1.1243746,3.1927207,-2.6123054,0.13995121,-1.1500522,-4.7553205,-1.602375,0.0022070538,0.012264188,0.91945285,0.002769738,0.043423872,0.011953281,0.0003248921,0.0076040677,2,,,,0.5624082,-2.7379527,-1.0074365,3.2607808,-2.5918334,0.2161051,-1.1235893,-4.829931,-1.8581673,0.0028537947,0.016375475,0.9111535,0.003045251,0.044892617,0.014510514,0.0004178462,0.0067509846,2,,,,0.0090910075,Test
2301,0,-3.079129,-2.3100178,3.0995548,-2.2781389,0.3841191,-2.7041214,-3.260576,1.8935077,0.0015006928,0.003238266,0.72386914,0.0033431617,0.047902845,0.0021835116,0.0012516715,0.21671076,2,,,,1.125283,-3.3132007,-2.509687,3.1967416,-2.4019847,0.31062907,-2.9379838,-3.3168876,2.2255855,0.0016949459,0.00354358,0.6788037,0.0040421532,0.038880855,0.0030178998,0.0022422657,0.26777464,2,,,,0.028362304,Test
2302,1,5.5524054,4.855841,-1.4612098,-3.0443542,-4.6088076,-3.8885329,-6.7203455,-16.180603,0.66688836,0.33230674,0.0005998999,0.00012317648,2.5768813e-05,5.295486e-05,3.1193574e-06,2.429557e-10,0,,,,0.9271797,5.73013,5.315257,-1.4266464,-2.8865657,-4.930263,-4.040816,-6.788768,-16.84316,0.594374,0.40414277,0.0010667864,0.00030801276,4.455755e-05,5.9139886e-05,4.734062e-06,2.6077385e-09,0,,,,0.046768248,Test
2303,0,0.32061672,2.184457,2.1752243,-3.1786473,-1.7196159,-0.4929715,-6.755018,-10.7222185,0.06924254,0.4465073,0.4424038,0.002092483,0.009001424,0.030692773,5.8541504e-05,1.1079769e-06,1,,,,1.5415498,0.2654194,2.4606013,2.4426866,-3.4164882,-1.5115794,-0.4422365,-7.1717734,-11.335436,0.06363921,0.44688684,0.44676194,0.0015690399,0.010243554,0.030852128,4.642932e-05,8.355265e-07,1,,,,0.039810814,Test
2304,1,-4.1995053,-0.92648464,4.306155,-2.56832,0.33510068,1.9556762,-6.8108115,-6.9245243,0.00018051684,0.004764011,0.8922352,0.00092242827,0.016821794,0.08505097,1.3256909e-05,1.1831975e-05,2,,,,0.59701824,-4.263608,-1.0346515,4.440775,-2.6069577,0.39193824,1.9117302,-7.134913,-6.7057624,0.00019735433,0.0056124837,0.8974555,0.0008771374,0.017908048,0.07790558,1.2390556e-05,3.1476455e-05,2,,,,0.009609355,Test
2305,0,-2.5992122,0.30934837,3.8727956,-2.5034888,-0.80448127,1.3387597,-6.718808,-9.142879,0.0013801445,0.025298592,0.89265126,0.0015187861,0.008305511,0.070821315,2.2428827e-05,1.986306e-06,2,,,,0.6360848,-2.5935357,0.47186285,3.8451858,-2.5419285,-1.0165584,1.1472149,-6.703448,-8.972811,0.002587559,0.036313627,0.87600243,0.002714932,0.01017196,0.07203699,0.00015899152,1.3543201e-05,2,,,,0.019408485,Test
2306,0,-4.89134,-2.6018445,1.130911,-0.06955979,-2.1011949,-0.24133386,-1.1844114,0.38842916,0.001104382,0.010900197,0.4555641,0.1371487,0.01798307,0.11550244,0.044979826,0.2168172,2,,,,2.135112,-5.2457724,-2.9725535,1.2666447,-0.18838915,-2.0849454,-0.18116516,-1.2985402,0.58471376,0.00074411224,0.007121467,0.45892724,0.10723253,0.017084297,0.12843734,0.038397543,0.24205545,2,,,,0.040643234,Test
2307,0,6.2419477,0.8621846,-1.6030799,-1.1518937,-3.4143524,-5.849057,-4.236974,-11.389754,0.994319,0.00458273,0.00038946964,0.0006115349,6.365729e-05,5.5778764e-06,2.796326e-05,2.1886416e-08,0,,,,0.056126118,6.463979,1.0365862,-1.6061074,-1.3475237,-3.0323524,-5.766875,-4.646857,-11.444131,0.9899608,0.008262959,0.00089084654,0.000638566,0.0002068927,1.5863314e-05,2.397539e-05,7.4441104e-08,0,,,,0.0031434724,Test
2308,0,-2.367539,0.35971668,4.515542,-3.10665,-0.12537442,0.094678804,-7.4435997,-8.826546,0.0009866328,0.015086472,0.96258616,0.00047115472,0.009287852,0.011573991,6.160988e-06,1.5454129e-06,2,,,,0.29658377,-2.6610878,0.21769837,4.7374864,-3.235347,-0.045633033,0.13880923,-7.9521933,-8.973573,0.0009779993,0.013955852,0.9611529,0.0008469885,0.008939348,0.014106391,1.5056107e-05,5.4123034e-06,2,,,,0.0063473224,Test
2309,0,2.3323166,3.6613503,1.1297448,-3.4308336,-2.5407145,-3.0243402,-6.8588824,-11.628213,0.19633162,0.7416214,0.05898206,0.00061671686,0.0015019651,0.00092602725,2.0012578e-05,1.6982801e-07,1,,,,1.0521005,2.393315,3.8880055,0.9339224,-3.364249,-2.5833309,-3.2144113,-6.6135473,-11.334871,0.20870292,0.7389138,0.0478252,0.0008423239,0.0023143706,0.001229983,0.00016752999,3.900922e-06,1,,,,0.048016753,Test
2310,1,-3.44491,-0.6118824,6.612941,-3.0777848,0.17077719,0.7215265,-9.483126,-11.649433,4.2626834e-05,0.00072452176,0.9948376,6.1535204e-05,0.0015847331,0.0027488023,1.0169972e-07,1.1654766e-08,2,,,,0.054592475,-3.663887,-0.68182486,6.557513,-3.1253994,-0.10914093,0.516248,-9.270534,-11.262846,6.0697803e-05,0.0010438634,0.992856,0.000105464635,0.0020514356,0.0038820456,4.3348854e-07,2.8405529e-08,2,,,,0.001846564,Test
2311,0,-2.8557596,0.39106756,3.9872956,-2.5821545,-0.6913342,1.4377327,-6.5915656,-9.331893,0.00095481024,0.024546873,0.89499,0.0012552844,0.008316011,0.06991286,2.2775983e-05,1.4701711e-06,2,,,,0.6223997,-2.8334816,0.54717433,3.9543037,-2.288234,-0.7542548,1.748724,-6.322652,-9.409033,0.001861364,0.03906948,0.8356309,0.0024261703,0.011024123,0.1098765,0.000105800165,5.7015613e-06,2,,,,0.030834815,Test
2312,0,-4.3233476,-1.1479259,6.5527105,-2.779737,0.66144586,0.770096,-8.47061,-9.199485,1.8785173e-05,0.00044965924,0.99363625,8.7942164e-05,0.0027458929,0.0030610452,2.9694934e-07,1.432636e-07,2,,,,0.06456943,-4.3250623,-1.23382,6.8431826,-2.6517177,0.79214555,0.70848334,-8.676978,-9.693648,4.5673794e-05,0.00093034597,0.9901277,0.00018706518,0.0043491647,0.0043588094,9.946483e-07,3.2804672e-07,2,,,,0.002523083,Test
2313,0,-5.6375713,-1.3605744,8.922683,-3.5293362,-0.02795021,2.615742,-11.960901,-14.817562,4.739121e-07,3.4132947e-05,0.99801207,3.9020492e-06,0.00012939732,0.0018199779,8.5018004e-10,4.8851513e-11,2,,,,0.021688092,-5.3989096,-0.88760835,8.981703,-3.1847377,0.39243764,2.7525232,-12.2566805,-15.579756,1.2289081e-06,9.010521e-05,0.9945737,7.971718e-06,0.00022595876,0.0051010186,2.614201e-09,4.2700583e-11,2,,,,0.002042215,Test
2314,0,-1.276824,1.5569601,3.521636,-3.107794,-1.2225589,0.32985178,-7.478552,-10.772464,0.006871082,0.11687508,0.8336233,0.0011011463,0.007254244,0.03426065,1.3920311e-05,5.165605e-07,2,,,,0.85954976,-1.1248976,1.440193,3.2928855,-2.910241,-1.5092413,0.3060089,-7.4188232,-11.43885,0.012559608,0.18684122,0.74713683,0.0018889183,0.008303832,0.043239348,2.8993072e-05,1.3039207e-06,2,,,,0.055921048,Test
2315,0,7.02721,2.3062372,-2.2675214,-1.7767152,-3.8179076,-7.3828893,-4.0832763,-11.830302,0.99090004,0.008825459,9.1070855e-05,0.00014877623,1.9322135e-05,5.467683e-07,1.4818583e-05,6.4020025e-09,0,,,,0.07696052,6.467189,1.9071989,-2.232235,-1.7619053,-3.8342528,-7.1693106,-3.8655198,-10.782809,0.969278,0.029650185,0.00031387436,0.00052065455,0.000115388386,4.8166153e-06,0.00011674613,4.5637194e-07,0,,,,0.01045644,Test
2316,0,7.353386,-2.8539038,0.108471185,1.3794367,-3.8041952,-6.8427505,-4.9432645,-14.815753,0.9966966,3.6778445e-05,0.00071143726,0.002535769,1.4219587e-05,6.811759e-07,4.551932e-06,2.3476204e-10,0,,,,0.034929734,7.3659315,-2.9465709,-0.090703115,1.2482566,-3.7645097,-6.6058936,-4.8959618,-14.398623,0.9940876,4.0140825e-05,0.0019749843,0.003849499,3.513679e-05,3.6995175e-06,8.9515215e-06,4.1480437e-09,0,,,,0.0019914175,Test
2317,0,8.130509,-2.2713697,-2.1979825,1.2436419,-4.3845973,-7.88989,-2.8318338,-10.743774,0.9988959,3.0341806e-05,3.2652246e-05,0.0010199801,3.6667277e-06,1.1014107e-07,1.7323477e-05,6.3463403e-09,0,,,,0.01301264,7.880082,-1.7926172,-2.1594582,1.2379091,-4.230381,-7.8320756,-2.826878,-9.990215,0.9964863,0.00010486989,0.00014399552,0.0031532687,2.1961921e-05,2.152495e-06,8.716995e-05,2.8954662e-07,0,,,,0.0012495079,Test
2318,0,-3.1762557,-1.142906,1.6735177,-1.8958148,-0.88490766,1.548819,-3.5821235,-3.0201359,0.0037819783,0.028892934,0.48300195,0.013608412,0.03739718,0.42637613,0.0025203044,0.0044210055,2,,,,1.527622,-3.1650817,-1.2787426,1.640939,-1.7545522,-0.88240623,1.6352339,-3.4024537,-3.223859,0.004726025,0.026361357,0.4532625,0.017315926,0.037884615,0.45247737,0.0038673363,0.0041048257,2,,,,0.024717491,Test
2319,0,-4.2949867,-2.662859,0.90351635,-0.17927356,-2.1702218,-0.5511462,-1.0189446,0.75235575,0.002078476,0.010630876,0.37620637,0.12740205,0.017398775,0.08783634,0.0550189,0.32342824,2,,,,2.164329,-4.1848483,-2.7330344,0.88101405,-0.17347017,-2.1080096,-0.49728337,-1.2596673,0.8734415,0.002599627,0.00992509,0.34717855,0.12894362,0.017961156,0.09560969,0.04219971,0.35558257,7,,,,0.039352167,Test
2320,0,-4.9354844,-0.7379431,7.0147843,-3.2192721,0.16526759,1.8856798,-9.692652,-11.288804,6.4097203e-06,0.00042639105,0.99260134,3.565994e-05,0.0010521254,0.0058780466,5.505893e-08,1.1159049e-08,2,,,,0.070014276,-5.058408,-0.8423232,7.0980515,-3.40336,0.021438992,1.3822706,-9.592949,-11.534376,7.768966e-06,0.0007514198,0.9915382,4.6371384e-05,0.0010488483,0.0066072047,1.09939606e-07,1.1085726e-08,2,,,,0.002271533,Test
2321,0,4.498401,3.5803313,-0.6595288,-3.007062,-2.9251215,-4.4149685,-5.9317675,-12.948375,0.7110587,0.2839179,0.004091146,0.00039113275,0.00042453196,9.5692514e-05,2.0996213e-05,1.883073e-08,0,,,,0.90877974,4.4170322,3.5331254,-0.9487473,-3.02922,-3.087524,-4.4276443,-5.948165,-12.512986,0.6828645,0.30870444,0.0064811534,0.00069949095,0.0008106522,0.0003852323,5.44967e-05,1.13308296e-07,0,,,,0.032769393,Test
2322,0,-3.5565376,-0.8306999,1.784225,-1.8609815,-1.6962137,3.38145,-3.9865544,-6.072028,0.0007884933,0.012039662,0.16453628,0.004297031,0.0050667147,0.8126951,0.0005129134,6.37286e-05,5,,,,0.8353488,-3.6425729,-0.91885835,1.9036404,-1.7678068,-1.6591269,3.60282,-3.9363837,-5.897838,0.0007489254,0.01130495,0.17253889,0.003966843,0.0053777313,0.8055068,0.00047399578,8.1844824e-05,5,,,,0.030732922,Test
2323,0,-2.6715431,-1.5202227,1.8519349,-1.7630711,-0.6202904,-0.85937494,-2.6814811,-0.12488444,0.007907995,0.025007974,0.7287657,0.019616015,0.061505534,0.04842627,0.0078297965,0.10094067,2,,,,1.4799293,-2.7938776,-1.5651592,1.8703182,-1.7644726,-0.62409085,-0.97462654,-2.6275241,0.06004585,0.007869716,0.026252896,0.70676637,0.020439848,0.059287835,0.045183834,0.0095829535,0.12461655,2,,,,0.024540843,Test
2324,0,0.47011784,2.2675037,3.5013416,-3.8857794,-1.3557115,-1.3215469,-9.443501,-13.548244,0.03559089,0.21475023,0.73753494,0.0004566638,0.0057331244,0.0059323777,1.7616052e-06,2.9056398e-08,2,,,,1.063478,0.467861,2.0615754,3.4036224,-3.756118,-1.7493107,-1.4401593,-9.584672,-14.166425,0.06713493,0.23511115,0.6816405,0.00083762594,0.004961369,0.010309773,4.641398e-06,2.9700313e-08,2,,,,0.050215974,Test
2325,0,-3.3857627,-0.0029581133,5.8434677,-3.0365653,-0.18832909,0.9376477,-8.635397,-10.674819,9.687582e-05,0.0028533093,0.98723245,0.00013736304,0.0023705184,0.0073088477,5.0854385e-07,6.6163466e-08,2,,,,0.1180241,-3.0076149,0.044920873,6.108597,-2.987366,0.034311235,0.85344,-8.802202,-11.073038,0.00038426818,0.003533816,0.9838866,0.00025304098,0.003926305,0.008014324,1.361541e-06,2.4925714e-07,2,,,,0.0052181412,Test
2326,0,-3.2986627,-1.914269,1.1738958,-1.61179,-1.315014,1.8494025,-2.8927624,-2.5967562,0.0035604788,0.014214872,0.31182852,0.019235693,0.025881892,0.6127519,0.0053430414,0.0071836044,5,,,,1.4109899,-3.095475,-1.7661175,1.1294991,-1.6903816,-1.0940894,1.6488445,-2.8579693,-2.391048,0.005391767,0.020311955,0.34237814,0.020091819,0.0387225,0.5553712,0.006807917,0.0109247165,5,,,,0.029452782,Test
2327,0,-4.3794913,-2.9566772,3.8776054,-2.133858,0.55343837,-0.89167744,-4.2985697,0.8618083,0.00023635167,0.0009805711,0.9111092,0.0022326733,0.032802206,0.007732096,0.0002562729,0.044650503,2,,,,0.5739559,-4.2513566,-2.8309255,3.912848,-2.0985947,0.5863361,-0.9936158,-4.2391925,1.2103375,0.00043559703,0.0013661603,0.8818222,0.002874589,0.03555622,0.007622163,0.00043571828,0.06988729,2,,,,0.016595986,Test
2328,0,-3.8383706,-2.1757312,2.0141032,-1.6819401,-0.47585505,0.7499684,-3.0513947,-0.13664189,0.0018764733,0.009895037,0.6531899,0.016213182,0.054158214,0.18451543,0.00412213,0.0760296,2,,,,1.5736306,-3.81076,-2.2051349,1.9998991,-1.8023415,-0.35049364,0.5843679,-3.091434,0.13541754,0.002288017,0.010482087,0.6239205,0.016201913,0.0643047,0.16501889,0.0043968344,0.11338701,2,,,,0.038101785,Test
2329,0,-2.9820783,-0.4717946,4.6999187,-3.8648758,-0.5637631,2.4417198,-9.840968,-12.146091,0.0004131145,0.005084789,0.8960237,0.00017087419,0.004638008,0.09366905,4.33803e-07,4.3270333e-08,2,,,,0.5434141,-2.6357098,0.10080953,4.2948985,-3.7215245,-0.36774546,2.0734873,-9.636378,-12.590972,0.001453547,0.018081525,0.83959055,0.0005142979,0.010363078,0.12999439,2.5413383e-06,1.0639933e-07,2,,,,0.031727,Test
2330,0,-2.288484,0.7579932,4.989451,-3.0132945,-0.58546156,0.53917485,-8.457723,-12.385155,0.00066982873,0.01409393,0.96990865,0.000324476,0.0036777067,0.011324018,1.4018364e-06,2.7608046e-08,2,,,,0.24320991,-2.5131705,0.6138018,5.0935564,-3.380593,-0.5501969,0.650324,-8.837377,-11.964426,0.001018699,0.025892982,0.9474433,0.0007145224,0.0058399765,0.019081771,8.286105e-06,4.888292e-07,2,,,,0.012074,Test
2331,0,-1.3460873,0.121332556,1.3987572,-2.479501,-0.97752094,0.140114,-4.1448245,-4.5958986,0.03678127,0.15955815,0.5723972,0.01184108,0.053173225,0.1625832,0.002239497,0.0014264338,2,,,,1.818635,-1.5216429,-0.052927427,1.5998776,-2.5717344,-0.92479336,0.23697376,-4.3283854,-4.475501,0.03184365,0.12603101,0.6155264,0.011071535,0.050991185,0.16061279,0.0021965099,0.001726941,2,,,,0.028925933,Test
2332,0,0.33183968,-0.01974058,1.2902048,-2.184697,-0.37749088,-2.1442254,-3.7153144,-3.8586297,0.19998391,0.14070375,0.521444,0.01614645,0.09838677,0.016813327,0.003494125,0.0030275923,2,,,,1.9305197,0.088546,-0.21206665,1.3757334,-2.3741522,-0.21166794,-1.9180806,-4.0454574,-3.815663,0.16713904,0.12078027,0.5548795,0.013610624,0.1132537,0.024034332,0.0026972662,0.003605292,2,,,,0.030536097,Test
2333,0,-1.7023051,1.7542276,5.1452065,-3.7517235,-1.2339916,0.22568028,-9.723738,-13.973691,0.0010174558,0.03226031,0.95797,0.00013105827,0.0016251798,0.006995663,3.340808e-07,4.7656337e-09,2,,,,0.2961184,-1.6809155,1.8592722,5.2731175,-3.572338,-0.8588006,0.2575845,-9.394785,-14.077623,0.0056538894,0.08034664,0.90102166,0.0004580717,0.0037594358,0.008756699,3.5809178e-06,5.3905854e-08,2,,,,0.039116967,Test
2334,0,0.4755686,0.58605313,0.92254996,-2.3232677,-0.8491615,-1.5477006,-3.8560038,-5.285848,0.24063472,0.26874545,0.3762529,0.0146500515,0.06397869,0.031817324,0.0031635903,0.00075719354,2,,,,2.0699835,0.61045164,0.7668265,0.91905195,-2.2974386,-0.8378606,-1.8032591,-3.7214494,-5.1283927,0.26069412,0.29273197,0.34225363,0.014877135,0.059888918,0.024611104,0.0038920795,0.0010510136,2,,,,0.03500855,Test
2335,0,-2.4568572,0.68694985,4.035565,-2.9900177,-0.5722206,0.8959308,-7.432821,-9.604133,0.001388748,0.03220783,0.9167408,0.00081484485,0.0091434615,0.039693624,9.584952e-06,1.0929517e-06,2,,,,0.5430342,-2.6611743,0.5199873,4.0797615,-2.999255,-0.7029611,1.1917633,-8.1504135,-10.290186,0.0017281389,0.033167023,0.89587736,0.0010768123,0.0088927755,0.059242237,1.4074173e-05,1.5466791e-06,2,,,,0.013896064,Test
2336,0,5.4776177,0.26457223,-2.0119486,-0.73240197,-3.0019891,-4.679776,-2.2974665,-9.027862,0.9913946,0.005398208,0.0005540758,0.001991908,0.00020587337,3.8454415e-05,0.00041645707,4.972751e-07,0,,,,0.08466453,5.5264807,-0.082327284,-2.128281,-0.6362213,-2.9286273,-4.8806396,-2.0800471,-9.194018,0.99052143,0.004922716,0.00062574795,0.0029159947,0.00026815993,5.50227e-05,0.00069038186,5.5806856e-07,0,,,,0.0016739558,Test
2337,0,-2.218274,1.2361739,4.757449,-3.2831073,-0.5417314,0.14692724,-8.457696,-11.533158,0.0008934061,0.028268099,0.95624024,0.0003080335,0.004777076,0.009511365,1.7430202e-06,8.047224e-08,2,,,,0.32054672,-2.4080124,1.0897725,4.774089,-3.258131,-0.44294733,0.35307908,-8.763654,-11.410385,0.0016733318,0.035863455,0.93871915,0.00057851675,0.0075304336,0.015628936,4.7139974e-06,1.4541804e-06,2,,,,0.014120993,Test
2338,0,1.8415511,0.47897366,0.4552232,-2.0067785,-1.520915,-2.5668359,-4.3513885,-6.8166676,0.63437724,0.16240063,0.15858899,0.01352195,0.021980984,0.007723415,0.0012965462,0.0001101872,0,,,,1.5368017,1.8009201,0.31166822,0.61796135,-2.0561318,-1.3907268,-2.4578273,-4.7253895,-6.830307,0.58544266,0.14791314,0.21464956,0.012919774,0.027427623,0.010438013,0.001025031,0.00018434835,0,,,,0.054355312,Test
2339,0,-2.3547409,0.07220098,3.3162673,-2.7241142,-0.8485135,0.92987424,-6.1011486,-7.537811,0.0029888214,0.033846002,0.86773574,0.0020657757,0.013478645,0.07979766,7.054331e-05,1.6769542e-05,2,,,,0.7624715,-2.565958,-0.089751944,3.4413407,-2.7043939,-0.74645114,0.5790027,-6.1020403,-7.601606,0.003390345,0.038237385,0.8794346,0.0031923316,0.019679517,0.055800755,0.00021078021,5.431613e-05,2,,,,0.021134252,Test
2340,0,-3.9764745,-1.8229443,3.4028242,-2.0266147,-0.114965245,1.290583,-4.476483,-3.1826956,0.0005366798,0.004623613,0.86001086,0.0037716266,0.025512172,0.10403255,0.0003255101,0.0011869954,2,,,,0.7491632,-4.1936703,-1.9730068,3.5128503,-2.191425,-0.0676461,1.4991019,-4.8295193,-3.505677,0.00051470625,0.004602409,0.8322198,0.003195192,0.027577255,0.13042364,0.00028131556,0.0011856703,2,,,,0.024383247,Test
2341,0,-3.8088193,-0.64827466,5.347983,-2.7732503,-0.04873614,1.3712165,-7.656116,-8.83392,0.000102809085,0.002424591,0.97449625,0.0002895833,0.004415856,0.018268062,2.1936723e-06,6.755514e-07,2,,,,0.20224178,-3.8008072,-0.6642386,5.499044,-2.8524506,0.18919162,1.4710102,-7.981008,-8.7157545,0.000365218,0.0045186086,0.96513426,0.0006431845,0.005897267,0.023424748,1.1118469e-05,5.6516906e-06,2,,,,0.0064687678,Test
2342,0,-1.5321844,0.24551159,0.9710106,-2.2715116,-1.3327837,1.230299,-3.6225908,-4.8805175,0.02714905,0.16061947,0.33180153,0.012961906,0.033140056,0.43001726,0.0033566228,0.0009540958,5,,,,1.8979915,-1.6635501,0.33156446,1.178992,-2.4354982,-1.3793708,1.4537199,-3.9769511,-5.090624,0.020728078,0.15576103,0.33965346,0.009617911,0.027397502,0.44395113,0.0021443223,0.00074659137,5,,,,0.03422316,Test
2343,1,-4.0835567,-0.32293788,7.1981454,-3.2676735,-0.04946457,1.1087631,-10.041663,-12.934515,1.2556689e-05,0.00053962384,0.9964514,2.8392846e-05,0.0007093475,0.0022587648,3.2456537e-08,1.7986763e-09,2,,,,0.038878575,-3.7784123,-0.3607425,7.2887993,-3.417564,0.18224308,0.57234174,-9.7287655,-12.875012,0.00017325093,0.0019933188,0.993991,0.00012397875,0.0016811264,0.0020367494,5.257203e-07,7.832756e-09,2,,,,0.0019155528,Test
2344,0,-3.9906688,-2.0855176,2.0670638,-1.776199,-0.72178924,1.6774786,-3.417707,-1.8101594,0.0012975452,0.008720055,0.5545776,0.011881042,0.034101915,0.37563634,0.0023012122,0.0114843305,2,,,,1.4107798,-4.018144,-2.3419445,2.2241068,-1.786416,-0.6608525,1.6548294,-3.5310764,-1.7077868,0.0013723534,0.006645944,0.58652747,0.011635297,0.034650173,0.34267694,0.0023636338,0.0141282305,2,,,,0.032613494,Test
2345,0,0.93194133,2.898539,2.444895,-3.5092103,-1.821753,-1.6719987,-7.39547,-11.967309,0.077905014,0.5567343,0.35369825,0.0009179053,0.0049619363,0.005763533,1.883721e-05,1.9475654e-07,1,,,,1.37802,0.9131487,2.66641,2.485381,-3.194414,-2.12845,-1.7344021,-6.6082177,-11.560424,0.103361666,0.4617425,0.42329293,0.0013576464,0.0042550727,0.005913549,7.578697e-05,8.6373046e-07,1,,,,0.07501062,Test
2346,0,-4.023048,-1.4566247,0.46481884,-0.53638995,-2.2959716,1.6951587,-1.5652094,-3.35065,0.002177471,0.028348867,0.19364578,0.07115223,0.0122465,0.6627319,0.02543185,0.0042655095,5,,,,1.5343535,-3.916795,-1.4066588,0.41809997,-0.4412578,-2.146474,1.694796,-1.4774998,-3.2675102,0.0027157716,0.03123782,0.18657097,0.08411917,0.015119659,0.6443728,0.030938685,0.004925127,5,,,,0.033637755,Test
2347,0,3.5812666,0.7385356,-0.6939528,-1.5896095,-1.9911466,-4.1293,-2.818638,-7.0495677,0.9226877,0.05376162,0.01283366,0.0052404893,0.0035074083,0.00041342643,0.0015332445,2.2291635e-05,0,,,,0.50211674,3.7073712,1.1857669,-0.9771477,-1.575805,-2.441656,-4.0653443,-2.921301,-7.664151,0.89955676,0.0795417,0.011239758,0.005027988,0.0025266665,0.00045982614,0.0016206622,2.6665943e-05,0,,,,0.012652511,Test
2348,0,-4.425658,-0.43016496,7.953456,-3.6138287,-0.01248963,1.0695058,-11.128811,-13.935299,4.198739e-06,0.00022821248,0.9983891,9.455663e-06,0.0003465242,0.001022441,5.152005e-09,3.1126765e-10,2,,,,0.01945576,-5.252005,-0.8363395,8.715561,-4.204323,0.014444935,1.385773,-12.45896,-13.732799,3.5722035e-06,0.00017220425,0.9975923,5.566623e-06,0.0003656135,0.0018608395,3.38702e-09,1.094679e-09,2,,,,0.0008092774,Test
2349,0,-2.3399398,-1.4870833,1.319876,-1.7638085,-0.43031332,0.33255193,-2.77962,-0.5787791,0.013952905,0.03273826,0.5421288,0.024824204,0.09419003,0.20198222,0.008989056,0.08119459,2,,,,2.0010831,-2.3457544,-1.5310633,1.2667617,-1.7590783,-0.45683917,0.22677395,-2.8160772,-0.66034424,0.01583961,0.03422868,0.53932464,0.027866375,0.09819781,0.19337122,0.010451732,0.08071996,2,,,,0.020946734,Test
2350,0,-2.6200209,-1.9600799,2.5827713,-2.0671952,-0.16168022,-2.1973114,-2.907131,1.0127394,0.004197608,0.008121019,0.7630374,0.007296106,0.049050752,0.0064059314,0.0031500065,0.15874119,2,,,,1.1467507,-2.2086806,-1.7228807,2.262835,-1.9730457,-0.31925973,-2.336607,-2.628438,1.0614176,0.009761683,0.014801258,0.67758995,0.010365617,0.055598356,0.008345276,0.0059076226,0.21763022,2,,,,0.025455968,Test
2351,0,-2.8199525,0.1362039,4.4132404,-2.7793021,0.199674,0.23374039,-6.8735995,-7.8297114,0.0006907971,0.013279841,0.9565029,0.0007194569,0.014150041,0.014640383,1.1991508e-05,4.6093496e-06,2,,,,0.3353467,-2.461513,0.24439803,4.473083,-2.7913287,0.28960606,0.21742383,-6.861351,-8.244238,0.0015736569,0.020313032,0.94208014,0.0010172392,0.018424604,0.01655104,3.418697e-05,6.077693e-06,2,,,,0.009616887,Test
2352,0,-3.4339368,-0.94457096,2.7993865,-2.323934,-0.3962984,1.5058063,-4.5896955,-4.235064,0.0014558425,0.017548181,0.7416726,0.004417559,0.030362947,0.20343116,0.00045832622,0.0006534151,2,,,,1.1028283,-3.455878,-1.045839,2.9571342,-2.370449,-0.12868837,1.410117,-4.9144335,-4.5550294,0.0017420796,0.018802743,0.765206,0.004334446,0.03892044,0.17001268,0.00039755972,0.00058409746,2,,,,0.019050086,Test
2353,0,-1.792758,1.9482388,4.790126,-3.7909672,-1.3430121,0.8555116,-9.719326,-13.7972355,0.0012794373,0.053915456,0.9245473,0.0001734634,0.0020060479,0.018077897,4.6190672e-07,7.8260225e-09,2,,,,0.4689097,-1.7286012,2.2624242,4.760299,-3.6924915,-1.1345402,0.7437409,-10.21406,-13.710025,0.010358717,0.13824657,0.83039874,0.00040184078,0.002648215,0.017943896,1.8946512e-06,1.0949016e-07,2,,,,0.05722986,Test
2354,0,1.9722255,2.4924507,0.83376044,-2.8262563,-1.963553,-2.591134,-5.7234664,-9.403018,0.3287978,0.5531715,0.105317324,0.0027100337,0.006421582,0.0034283644,0.0001495313,3.7733178e-06,1,,,,1.4420532,2.1088748,2.4678664,0.780086,-2.8247693,-1.948563,-3.0793824,-5.5166965,-9.3509445,0.37678844,0.50114024,0.10828252,0.0028078055,0.0080084205,0.0027549244,0.0002118672,5.8346154e-06,1,,,,0.050266612,Test
2355,0,3.5291436,1.1139321,-1.075323,-1.4864585,-2.7124922,-2.613461,-3.2236242,-8.697377,0.8998813,0.080403,0.009005148,0.0059694853,0.0017517707,0.0019341308,0.0010507406,4.408337e-06,0,,,,0.5785942,3.6614213,1.2775166,-1.1266068,-1.5100886,-2.9005623,-2.8343525,-3.1362045,-9.09874,0.88148195,0.09780517,0.009609613,0.005635798,0.0018588265,0.0021579473,0.0014458941,4.7827384e-06,0,,,,0.02049217,Test
2356,0,6.8340483,1.278357,-2.615047,-1.0561379,-3.995067,-5.725741,-3.3121798,-11.593339,0.99563795,0.0038485345,7.841727e-05,0.00037276666,1.9727706e-05,3.4950556e-06,3.905267e-05,9.88983e-09,0,,,,0.04340922,7.014643,1.1030312,-2.786902,-0.89819753,-3.9102256,-5.8379583,-3.3016498,-11.872408,0.9947926,0.004475985,0.00016759122,0.0004684409,3.2731605e-05,5.0423528e-06,5.7570687e-05,2.0451864e-08,0,,,,0.0017605216,Test
2357,0,13.289347,-1.5502193,-5.0799847,2.462746,-7.004085,-9.601568,-3.1235557,-18.32966,0.9999796,3.591281e-07,1.0526691e-08,1.9863604e-05,1.5369704e-09,1.14444024e-10,7.4465994e-08,1.8536633e-14,0,,,,0.0003492762,13.93782,-1.3659914,-5.2899632,2.4110403,-6.949994,-9.748945,-3.4955554,-19.739391,0.9999825,1.173954e-06,3.6159264e-08,1.6292917e-05,7.0148163e-09,2.3368923e-10,6.198639e-08,5.1149547e-13,0,,,,4.0010577e-06,Test
2358,0,4.4976406,2.4053395,-0.8153872,-2.7007303,-2.7211552,-4.1611657,-5.5560555,-11.34973,0.88493466,0.10920345,0.0043600607,0.0006617568,0.00064837764,0.00015361712,3.807559e-05,1.16007435e-07,0,,,,0.55551267,4.4642725,2.3764646,-1.0012611,-2.615146,-2.896418,-4.1716385,-5.4381046,-11.402679,0.86589926,0.12340041,0.007852046,0.0012554964,0.0011175765,0.0003274275,0.00014666743,1.1311388e-06,0,,,,0.02148867,Test
2359,0,-0.070613064,-0.09271133,2.9223454,-2.7329326,0.14052574,-2.6137352,-6.242189,-7.1877694,0.042901635,0.04196399,0.855656,0.00299394,0.052987117,0.0033729512,8.9576155e-05,3.4796216e-05,2,,,,0.8583909,0.25473335,-0.07709656,2.6360345,-2.8164773,0.24975863,-2.7392216,-6.164214,-6.9748483,0.097591676,0.061410904,0.75909436,0.004687411,0.07238783,0.0044044848,0.00032502256,9.8384044e-05,2,,,,0.03643976,Test
2360,0,-2.8867917,0.78201425,6.4190063,-3.4042444,-0.9186573,0.8102234,-10.167368,-14.130314,9.017211e-05,0.003535202,0.99203897,5.3745873e-05,0.0006453895,0.0036363471,6.210948e-08,1.1805174e-09,2,,,,0.07851148,-3.2976062,0.68671906,6.701829,-3.476434,-0.8263151,1.0921047,-10.487444,-13.328756,7.764544e-05,0.004714752,0.9901245,6.329517e-05,0.00081970246,0.0042000217,1.481562e-07,1.832365e-08,2,,,,0.0017648874,Test
2361,0,-3.0263796,0.15393665,6.0786505,-3.3086,-0.3821304,-0.5208889,-8.831914,-10.402336,0.00011046568,0.0026571816,0.994241,8.3302955e-05,0.0015545693,0.0013531569,3.3259508e-07,6.916553e-08,2,,,,0.061006706,-3.2742279,0.26598397,6.2121353,-3.365368,0.28146908,-0.41167173,-9.530135,-9.888445,0.0003568547,0.013218343,0.97918683,0.00041423202,0.0035951075,0.0032253466,2.9631078e-06,3.7647644e-07,2,,,,0.01044968,Test
2362,0,-2.2302601,1.2410771,4.9407578,-3.5492764,-0.60385853,0.28523588,-8.919832,-11.6463175,0.0007396041,0.023800263,0.96234924,0.00019776878,0.0037612868,0.009150931,9.199304e-07,6.0208514e-08,2,,,,0.2840452,-2.3958983,0.93871725,5.2669816,-3.9443154,-0.3578281,0.23353107,-9.657109,-12.157447,0.00094770006,0.017263837,0.970768,0.00013158518,0.004101868,0.00678624,7.9062374e-07,5.8386735e-08,2,,,,0.0047065853,Test
2363,0,-3.6183078,-1.8463591,1.4448527,-1.3467367,-1.3264065,0.057491224,-2.1341202,-0.49481606,0.0039812536,0.023418946,0.6293938,0.03859674,0.039389443,0.15718062,0.017562823,0.09047634,2,,,,1.779643,-3.4121346,-1.9631722,1.3594382,-1.2330391,-1.2673954,0.03589579,-1.9752197,-0.41671854,0.005659516,0.022626787,0.58761287,0.050050385,0.043326255,0.16309863,0.025104454,0.102521144,2,,,,0.026337167,Test
2364,0,8.658057,-1.5518537,-3.3427134,1.4206835,-4.6079197,-6.4567795,-1.9781173,-11.581442,0.9992124,3.677474e-05,6.134644e-06,0.00071863155,1.7310804e-06,2.7250073e-07,2.4011873e-05,1.6208971e-09,0,,,,0.009695589,8.916689,-1.4465764,-3.2898183,1.4861659,-4.647674,-6.2553306,-2.1772141,-11.578396,0.99880093,0.00015446181,1.5211059e-05,0.0009982351,3.742683e-06,1.5095709e-06,2.5865349e-05,3.8558423e-09,0,,,,0.00037426705,Test
2365,0,11.051937,1.4832268,-4.5814686,-0.10128997,-5.9233522,-8.717219,-3.5580769,-16.564672,0.99991524,6.9875525e-05,1.623534e-07,1.4327761e-05,4.2431573e-08,2.5961346e-09,4.5176725e-07,1.01443e-12,0,,,,0.0013319106,11.716477,1.5436051,-4.4977164,0.2934854,-6.4418197,-8.706767,-3.851799,-17.382421,0.9997919,0.00013198072,4.3293258e-07,7.321853e-05,5.7617733e-08,2.4873653e-08,2.379938e-06,1.1529772e-11,0,,,,8.267033e-05,Test
2366,0,-4.1719284,-1.6417856,1.392442,-1.514594,-1.5871897,2.5452135,-2.949756,-3.6907659,0.00088222395,0.011076585,0.23022597,0.012578959,0.011698135,0.72911596,0.0029947578,0.0014273988,5,,,,1.0941268,-4.217365,-1.6090145,1.4253747,-1.5861957,-1.6427609,2.5220246,-2.9356735,-3.9311547,0.0018667415,0.013967248,0.24028261,0.014559741,0.012905253,0.70872754,0.0047300817,0.002960755,5,,,,0.02295953,Test
2367,0,-1.5621166,0.5703132,4.5919714,-3.1617167,-0.6230411,-0.13667305,-8.453963,-10.519946,0.0020534168,0.01732127,0.9664148,0.0004147436,0.005251851,0.0085416045,2.0863451e-06,2.643268e-07,2,,,,0.2704836,-1.4311346,0.7009319,4.849049,-2.842242,-0.1232795,-0.03366222,-8.481102,-10.361571,0.0032299676,0.026321623,0.95267284,0.0005575473,0.008734362,0.008479187,3.7123914e-06,7.3496085e-07,2,,,,0.008934266,Test
2368,0,-2.337724,1.2754046,4.6481757,-3.3328516,-0.6765461,0.9655745,-8.783437,-11.86241,0.000867905,0.032183554,0.9384474,0.00032084383,0.0045699626,0.023608943,1.3776375e-06,6.3380206e-08,2,,,,0.42126063,-2.249559,1.4105786,4.599853,-3.3218307,-0.38975087,0.9207166,-8.89313,-11.688677,0.0014115865,0.05414146,0.9050728,0.00050524715,0.007557354,0.03130921,2.059628e-06,2.689724e-07,2,,,,0.015303308,Test
2369,0,-3.793803,-0.77910894,5.3749714,-2.857666,0.18954875,0.6288264,-7.4188304,-7.562474,0.000102523554,0.002089723,0.98349434,0.00026144652,0.0055051805,0.008541756,2.7320846e-06,2.3665248e-06,2,,,,0.14679265,-3.9548829,-0.9727233,5.454175,-2.6813166,0.22939858,0.50959194,-7.1517973,-7.320571,0.00016974281,0.0027081326,0.9812155,0.00042880102,0.006642297,0.0088200085,7.847486e-06,7.640019e-06,2,,,,0.0030504393,Test
2370,0,-6.058061,-2.1681788,8.94311,-2.8777432,0.91042453,1.2964152,-10.00284,-11.529707,3.0529245e-07,1.4930362e-05,0.9991757,7.343619e-06,0.00032440727,0.0004772263,5.9090888e-09,1.2835437e-09,2,,,,0.0105851125,-5.9784746,-1.9724249,9.322966,-3.1624682,1.1332095,1.4648887,-9.808712,-12.558237,9.959638e-07,4.328747e-05,0.9987956,1.1318799e-05,0.00039876258,0.0007501151,3.331153e-08,8.407013e-10,2,,,,0.00028762646,Test
2371,0,-2.907967,-1.1419343,1.5715592,-1.8083895,-1.058721,1.7630117,-3.6701188,-4.1065125,0.004717673,0.027587105,0.4160651,0.014166687,0.029980939,0.5038579,0.0022015553,0.0014230042,5,,,,1.4755881,-3.0003457,-1.2582691,1.5054275,-1.6652244,-1.1573658,1.8144767,-3.5220935,-4.1769886,0.0054429895,0.030014936,0.3899208,0.018334718,0.028825637,0.5224978,0.0032910383,0.0016720935,5,,,,0.029786862,Test
2372,0,-4.7214785,-2.463077,3.9223166,-2.395339,0.28699118,0.74000645,-5.3966374,-2.4984572,0.00016419018,0.0015709358,0.93175054,0.0016810348,0.024575246,0.03865805,8.358515e-05,0.001516328,2,,,,0.45536715,-5.2262793,-2.3571632,4.0418677,-2.7128406,0.4140721,0.82156754,-5.7525883,-2.2199757,0.00014911007,0.0020760144,0.92095214,0.0013841722,0.026352847,0.046631027,0.000111936984,0.0023427561,2,,,,0.010999108,Test
2373,0,-5.4409246,-1.3509624,6.854099,-3.2155695,-0.85576826,3.726285,-9.992529,-12.450906,4.37922e-06,0.0002616042,0.95732063,4.0537434e-05,0.0004292445,0.041943546,4.620189e-08,3.953672e-09,2,,,,0.26073435,-5.3269415,-1.2789372,6.302542,-2.9570222,-0.6686622,3.496823,-9.138883,-10.748091,3.8568156e-05,0.001025557,0.9268886,0.00019925702,0.0015256085,0.07032095,1.1701628e-06,2.8249517e-07,2,,,,0.011615318,Test
2374,0,-3.936283,-1.41702,2.4159136,-1.5109065,-1.2774405,1.4966108,-3.3246186,-3.6562703,0.0011838039,0.014702186,0.6792095,0.0133846635,0.016904425,0.2708667,0.0021823398,0.0015663467,2,,,,1.2071586,-3.856718,-1.3715189,2.196468,-1.4799298,-1.4077742,1.38399,-2.9302304,-3.6725278,0.00180722,0.022087747,0.640673,0.017479813,0.01823868,0.29327172,0.0044338964,0.002007974,2,,,,0.02595241,Test
2375,1,6.983822,1.7138577,-1.4069365,-1.6038047,-3.6974552,-6.69612,-5.0618653,-13.852215,0.99444383,0.0051152147,0.00022569406,0.00018536233,2.2843386e-05,1.1388258e-06,5.8372057e-06,8.883917e-10,0,,,,0.05243333,7.4551477,1.8397558,-1.3837608,-1.4387099,-3.630973,-6.547914,-5.490788,-14.450098,0.99526584,0.0040183263,0.0002775018,0.00038368528,4.201523e-05,3.3283402e-06,9.314625e-06,1.33084e-09,0,,,,0.00056969153,Test
2376,0,8.958551,-3.7958653,-2.6001806,2.55171,-4.991273,-8.0353775,-2.6121628,-11.235242,0.9983298,2.8847046e-06,9.536313e-06,0.0016474727,8.728554e-07,4.1581917e-08,9.422731e-06,1.6951988e-09,0,,,,0.018027397,8.662483,-3.2671561,-2.5074346,2.5059185,-4.9127517,-8.041263,-2.601815,-10.860003,0.9961562,3.2036834e-05,5.633031e-05,0.0037034948,6.816948e-06,5.0531344e-07,4.4473447e-05,3.053653e-08,0,,,,0.0008692388,Test
2377,0,-3.0976639,0.55873764,5.9632087,-3.5269353,-0.20285316,0.5142568,-9.508779,-11.599454,0.00011484804,0.00444712,0.98903286,7.476419e-05,0.0020764624,0.004253643,1.8871752e-07,2.3326171e-08,2,,,,0.10502372,-3.0452812,0.55845296,6.1506405,-3.460649,0.001616329,0.72882867,-9.37533,-11.955952,0.000726954,0.008086572,0.98122185,0.0001535665,0.003207333,0.006602557,1.1984424e-06,8.084507e-08,2,,,,0.0046230955,Test
2378,0,-4.195448,-0.27821395,6.354615,-3.0201597,-0.016663818,1.5338199,-8.945561,-11.16387,2.5901778e-05,0.0013018551,0.988926,8.3897845e-05,0.0016910342,0.007971115,2.2406887e-07,2.4377098e-08,2,,,,0.10104013,-3.6760516,0.05766686,5.7179704,-2.531263,-0.0073768375,1.012151,-8.184271,-10.964784,0.00026193188,0.0063138334,0.9716328,0.00051596866,0.006769949,0.014502828,2.5134018e-06,1.6102886e-07,2,,,,0.009070602,Test
2379,0,-1.8976364,-0.8730924,2.459414,-2.4193308,0.05263704,-1.1769857,-4.6287355,-2.3911214,0.0108497515,0.03022551,0.8465698,0.0064394786,0.076280385,0.0223046,0.00070683577,0.0066237203,2,,,,0.93460083,-1.9162805,-0.63890475,2.562387,-2.447084,0.17523459,-1.0998542,-4.891824,-2.5700927,0.011403277,0.03735027,0.8356687,0.0063214265,0.08106187,0.022283591,0.0005698257,0.0053410567,2,,,,0.014275628,Test
2380,0,13.687015,-1.3530108,-4.8544707,1.787317,-6.752664,-11.240948,-3.3413575,-18.170088,0.99999297,2.938981e-07,8.862013e-09,6.792413e-06,1.3278759e-09,1.4925196e-11,4.0241023e-08,1.460944e-14,0,,,,0.00013457103,13.664904,-1.0213425,-4.9101405,1.2320015,-6.4549584,-11.7403755,-3.6963615,-18.927563,0.99998796,1.5662652e-06,5.5291842e-08,9.023044e-06,2.2239698e-08,1.5863373e-09,1.5084162e-06,7.2588815e-13,0,,,,4.096789e-06,Test
2381,0,8.239469,0.7176447,-2.3852067,-0.4073576,-4.2091775,-7.013932,-4.0972204,-13.116297,0.9992508,0.0005407393,2.42905e-05,0.00017555199,3.92009e-06,2.3725026e-07,4.3844843e-06,5.3086374e-10,0,,,,0.009665052,8.705361,0.5821587,-2.327255,-0.45003828,-4.4455276,-7.783656,-4.107281,-13.553935,0.9990937,0.00066675356,4.1921296e-05,0.00018629192,4.894556e-06,6.8755463e-07,5.800039e-06,4.026312e-09,0,,,,0.00035008875,Test
2382,0,-0.3224494,-1.4457045,1.2987698,-1.9703412,-0.3325022,-3.0466788,-2.2882254,-0.40489888,0.11502942,0.037409794,0.58196306,0.022138005,0.113878824,0.007545554,0.016109543,0.10592574,2,,,,1.9616055,-0.3576467,-1.183885,1.2135093,-1.9790554,-0.48979697,-2.9524665,-2.2267258,-0.49982172,0.13605914,0.054878462,0.54839647,0.024327133,0.10037355,0.009556387,0.021116676,0.10529224,2,,,,0.037400596,Test
2383,0,-1.9373206,-1.0440642,4.1066895,-2.7923324,0.8315814,-1.2946745,-6.7095942,-5.62111,0.0022556824,0.0055107963,0.9509511,0.00095929235,0.035958104,0.0042891935,1.9085594e-05,5.6679837e-05,2,,,,0.34714252,-2.2184281,-1.0380096,4.1442566,-2.7836454,0.96285486,-1.0699232,-6.9270263,-5.6797266,0.0026529257,0.009993742,0.93426466,0.0013093423,0.045919493,0.005730015,4.2033083e-05,8.785712e-05,2,,,,0.012610636,Test
2384,0,-2.6168442,0.6220171,4.8564706,-3.0342908,-0.12489541,0.36079067,-7.8091755,-9.781264,0.0005496535,0.014018723,0.96762776,0.00036207138,0.006642453,0.010795914,3.0555425e-06,4.252268e-07,2,,,,0.2609874,-2.4896278,0.41281137,4.7942514,-3.1057966,-0.28903404,0.6605237,-7.5599236,-9.776356,0.0015264864,0.020795478,0.94857883,0.0006494561,0.007875144,0.020559654,1.3518827e-05,1.547807e-06,2,,,,0.01016768,Test
2385,1,-2.0317903,0.6325201,4.1687126,-3.38777,-0.078996,-0.42086387,-7.4000006,-8.281781,0.0019205838,0.02757583,0.94684184,0.0004949244,0.013536953,0.009617221,8.954661e-06,3.7076325e-06,2,,,,0.38891438,-2.1616535,0.74784786,4.482298,-3.3608632,0.18173134,-0.46379957,-7.622991,-8.321046,0.0031812675,0.039038975,0.93279016,0.00059860887,0.0137674855,0.010607708,1.1828213e-05,3.916096e-06,2,,,,0.015276787,Test
2386,1,-3.3585308,0.59035313,5.5543513,-3.2044642,-0.52515894,1.2243567,-8.946731,-11.50534,0.0001316503,0.0068296776,0.9777713,0.00015357904,0.0022384094,0.012874919,4.9260365e-07,3.81336e-08,2,,,,0.18504761,-3.4189906,0.7965925,5.399423,-3.3182569,-0.59033334,1.227926,-8.7816105,-11.194889,0.00046342736,0.020161923,0.9564676,0.00036711333,0.0030994562,0.019438675,1.6766047e-06,1.6568845e-07,2,,,,0.009398224,Test
2387,0,-1.6872232,0.08865915,2.1638007,-2.961259,-0.2765338,-0.16834821,-5.486357,-5.2283673,0.015887232,0.093821876,0.7473545,0.004443668,0.06511826,0.07255831,0.00035571755,0.0004604144,2,,,,1.3043656,-1.581687,0.21875882,2.0696428,-2.9549115,-0.26822418,-0.2931114,-5.3374934,-5.013964,0.024134133,0.12144734,0.69456995,0.0067195045,0.072121546,0.07905731,0.0011339819,0.000816287,2,,,,0.033614315,Test
2388,0,-1.1992168,1.412984,5.25185,-3.8575428,-1.462643,-0.001247067,-10.612106,-15.736263,0.0015333692,0.020898307,0.9712019,0.00010743613,0.0011782628,0.0050806403,1.2522204e-07,7.4522544e-10,2,,,,0.22350203,-1.5882955,1.3434713,5.4885244,-3.6551557,-1.6033022,0.9538409,-11.191026,-15.833923,0.0019600026,0.03263535,0.9483349,0.00022917602,0.0009480831,0.015892128,4.3395977e-07,4.134226e-09,2,,,,0.013008045,Test
2389,0,-1.2881558,2.2564156,5.839175,-3.971979,-1.1966339,-0.4745616,-10.77963,-15.488177,0.0007784567,0.026953934,0.9696051,5.316976e-05,0.0008530644,0.0017561993,5.8767824e-08,5.2996035e-10,2,,,,0.21726552,-1.3452743,2.2994177,5.8262277,-4.2555103,-1.3367786,-0.87882006,-11.133661,-16.716648,0.0019344926,0.06467682,0.9308287,0.00011415881,0.0011272457,0.0013185292,1.3456969e-07,1.1633541e-09,2,,,,0.022057401,Test
2390,0,9.995996,0.70005494,-3.3688605,-0.34018573,-4.979746,-8.841508,-3.3817267,-14.809048,0.9998723,9.178432e-05,1.5691376e-06,3.2433774e-05,3.133735e-07,6.5905237e-09,1.5490768e-06,1.687527e-11,0,,,,0.001965812,10.568904,0.55999976,-3.5385194,-0.6009915,-4.730143,-10.312162,-2.7338638,-14.745089,0.9997495,0.00021073416,2.4784795e-06,3.1936383e-05,2.1751184e-06,5.509646e-09,3.2561497e-06,6.1108546e-10,0,,,,9.828909e-05,Test
2391,0,-3.2315807,-0.80923545,2.6324031,-2.3634498,-0.53416204,1.6311309,-4.7722282,-4.597543,0.0019551707,0.022039209,0.688463,0.0046581044,0.02901742,0.2529494,0.00041888028,0.00049883267,2,,,,1.2057265,-3.2114265,-0.62808514,2.6067097,-2.4751372,-0.5225015,1.7817923,-4.815993,-4.634253,0.0032854918,0.029905766,0.636653,0.004703506,0.029277284,0.2950763,0.0004918746,0.00060672016,2,,,,0.033714544,Test
2392,0,0.27015516,1.4067712,2.49549,-3.2463977,-0.8151161,-2.2340586,-6.823277,-8.816502,0.07234329,0.22543654,0.66965157,0.002148714,0.024438294,0.00591333,6.00841e-05,8.186784e-06,2,,,,1.3406762,0.2200867,1.2959484,2.3927872,-3.1570904,-0.78075546,-1.9817146,-6.7752104,-8.874314,0.08951615,0.22232871,0.641041,0.0033230647,0.030256737,0.013414381,0.00010979948,1.0173575e-05,2,,,,0.03657614,Test
2393,0,-2.4653707,0.3569903,4.120952,-3.1356235,-0.9290583,1.27692,-7.8614373,-10.015776,0.0012653668,0.02127905,0.9175296,0.00064733543,0.00588069,0.053391553,5.737655e-06,6.654524e-07,2,,,,0.5205511,-1.9287322,0.55888194,3.8930683,-2.665385,-0.6613355,1.0851465,-7.2479563,-9.532202,0.0031468358,0.044493392,0.87690943,0.0018908193,0.011606062,0.061932273,1.8460118e-05,2.6987884e-06,2,,,,0.021850621,Test
2394,0,0.42844298,1.2131785,1.0521901,-2.6173086,-1.1838642,-0.7949577,-4.4461994,-6.8229437,0.17833906,0.39088842,0.33276406,0.008481904,0.03556562,0.052472327,0.0013621225,0.00012647633,1,,,,1.9688346,0.6468004,1.3358705,0.72805136,-2.6131947,-1.2176293,-0.72391236,-4.5116973,-6.8812094,0.21557316,0.43402657,0.24148083,0.0093020825,0.036785014,0.061077766,0.0015751391,0.00017947615,1,,,,0.036069397,Test
2395,0,-0.54946154,-0.26842478,1.0042074,-2.0004408,-0.9276036,-0.8919085,-2.720965,-3.2748604,0.11283725,0.14945321,0.53358346,0.02644236,0.07730854,0.080117926,0.012864135,0.0073931026,2,,,,2.0975566,-0.3907849,-0.24142992,0.87200177,-1.8188738,-0.969911,-0.87916934,-2.2829406,-3.1832585,0.14131844,0.1598554,0.47046614,0.034247376,0.07818163,0.08259252,0.023399832,0.009938674,2,,,,0.03395795,Test
2396,0,-4.015856,-1.6407912,3.5633006,-2.3573196,0.049025886,1.9138378,-5.4815655,-4.6219296,0.00041510063,0.00446304,0.8123425,0.0021799502,0.024182936,0.15609413,9.585253e-05,0.00022643256,2,,,,0.8544929,-3.5760803,-1.4103498,3.212035,-2.0557883,0.011453217,1.9236901,-5.010542,-4.4879103,0.00095236796,0.008071856,0.7358414,0.004423232,0.032852944,0.21719782,0.00024745116,0.0004129238,2,,,,0.02379768,Test
2397,0,-2.5149462,1.144538,5.5880346,-3.60324,-1.0945867,0.8599827,-9.676625,-13.575724,0.00029604702,0.01149885,0.97822887,9.970584e-05,0.0012252223,0.008651144,2.2965871e-07,4.6529287e-09,2,,,,0.18108197,-2.050115,1.3612406,5.656066,-3.127885,-0.9807792,0.7796537,-9.978242,-14.372988,0.0023922785,0.034781717,0.945588,0.00095590984,0.003209718,0.013068063,4.3276364e-06,1.5380559e-08,2,,,,0.018139089,Test
2398,1,0.031207995,-2.1489744,1.2799975,-1.304512,-0.2061442,-3.5286024,-2.1505501,0.369936,0.13898015,0.015707664,0.48450148,0.036547437,0.109615505,0.0039531807,0.015682928,0.1950116,2,,,,2.1058977,0.0037774243,-2.0011127,1.4038885,-1.4073803,-0.24701758,-3.5810516,-2.3637154,0.31898552,0.13533817,0.018935667,0.51715237,0.032595053,0.099757336,0.0046912795,0.012586929,0.17894325,2,,,,0.027522426,Test
2399,0,-4.547425,-0.9053157,7.552262,-3.3718672,0.474865,0.6040122,-10.054162,-10.977175,5.5499327e-06,0.00021185346,0.997964,1.7981492e-05,0.00084224896,0.0009583592,2.2529003e-08,8.951236e-09,2,,,,0.024112934,-4.997926,-1.1676337,7.257197,-3.3646522,0.4341933,0.57681066,-9.754352,-10.251708,1.571423e-05,0.0005448402,0.99561423,4.3294283e-05,0.0015885938,0.0021929734,1.4264398e-07,1.2135907e-07,2,,,,0.0011960702,Test
2400,0,-1.843079,1.6126605,4.9396915,-3.517556,-0.69924915,0.087584704,-8.91789,-12.484577,0.0010805982,0.034235198,0.9536392,0.00020251074,0.0033917453,0.0074497345,9.1435135e-07,2.5829758e-08,2,,,,0.32561547,-1.9303478,1.6974659,4.704189,-3.2301145,-0.91869724,0.08805237,-8.909631,-12.62348,0.0027555653,0.07060278,0.90034103,0.00062677125,0.0045358194,0.021134444,3.4687102e-06,7.454823e-08,2,,,,0.023418566,Test
2401,0,-2.3085327,1.5545754,6.125929,-3.9834416,-1.0923967,0.19859931,-10.532546,-14.258394,0.00021425041,0.010201129,0.98619276,4.0134524e-05,0.00072290766,0.0026287863,5.7448474e-08,1.384085e-09,2,,,,0.12053729,-2.3694866,1.433861,5.776374,-3.8699882,-1.3454906,0.26462603,-9.811468,-13.691974,0.0016712879,0.030548546,0.95920295,0.00031601597,0.0009106464,0.007348987,1.5449428e-06,7.720373e-09,2,,,,0.013807262,Test
2402,0,0.8056418,2.1607704,1.3702619,-3.094189,-1.5624415,-0.7831511,-5.985534,-9.430205,0.14377576,0.55745596,0.25286984,0.0029107896,0.013466051,0.029354973,0.00016155306,5.15601e-06,1,,,,1.6336067,0.39357543,1.8183517,1.6872734,-3.1311264,-1.2684497,-0.4887982,-6.221626,-8.823931,0.11837842,0.41896635,0.39165014,0.0031029356,0.019213876,0.04849442,0.0001803047,1.3604525e-05,1,,,,0.055904016,Test
2403,0,5.0684953,2.3349104,-1.1832222,-2.4784255,-3.0948622,-4.455205,-5.585964,-12.19169,0.9364853,0.06085834,0.0018047395,0.0004942139,0.00026680855,6.84558e-05,2.2096741e-05,2.988806e-08,0,,,,0.3607623,4.972818,2.327114,-1.1427438,-2.6334074,-2.796599,-4.5540547,-5.336665,-12.468406,0.89885414,0.09561655,0.0036590926,0.0008523863,0.00074999104,0.00019238188,7.534057e-05,9.428969e-08,0,,,,0.025952036,Test
2404,1,8.474763,1.6306305,-2.7479086,-1.1381259,-4.6611133,-8.286659,-4.686677,-13.8381815,0.9988514,0.0010644664,1.3352315e-05,6.6784625e-05,1.970891e-06,5.2493814e-08,1.921145e-06,2.0375687e-10,0,,,,0.01338595,8.557811,1.1589462,-2.649836,-0.849048,-4.639308,-7.8799467,-4.8266296,-14.093523,0.99865866,0.0011010953,4.9783244e-05,0.00017073707,1.524886e-05,7.113966e-07,3.6737117e-06,2.1508173e-09,0,,,,0.00039295809,Test
2405,0,-1.4795492,1.1223464,4.5581293,-3.0842752,-0.59431267,-0.34420732,-8.07531,-11.721056,0.0022771424,0.030717026,0.95393926,0.00045757956,0.005518787,0.0070870095,3.110913e-06,8.120074e-08,2,,,,0.33637404,-1.8064657,1.2896092,4.0034323,-2.8680668,-0.6885817,-0.11738402,-7.387184,-10.320791,0.004591637,0.0810707,0.8799068,0.0021629836,0.010969272,0.021276841,2.0895555e-05,1.0081845e-06,2,,,,0.019989429,Test
2406,0,1.6313725,1.5050993,0.40896893,-2.150611,-2.1179552,-4.213539,-3.772648,-6.262786,0.44843605,0.3952399,0.13207403,0.010214239,0.0105532985,0.0012980388,0.0020172715,0.0001672288,0,,,,1.6033412,1.4293969,1.43981,0.3635014,-2.2457492,-2.212562,-4.128705,-3.817842,-5.7685003,0.40426183,0.4087813,0.15935472,0.010805787,0.011706294,0.0021443847,0.0024560944,0.0004896676,1,,,,0.05230349,Test
2407,0,-4.238459,-2.2126853,1.9172903,-1.6777898,-0.64238286,1.3863907,-3.3175282,-1.1951693,0.0012046485,0.009133614,0.56789535,0.015593544,0.043915346,0.33396545,0.003025628,0.025266452,2,,,,1.5165694,-4.261052,-2.0872636,1.9706692,-1.8170769,-0.57018214,1.2557237,-3.4237843,-1.3478129,0.001209468,0.010963623,0.584178,0.013510902,0.04933203,0.31287608,0.0028271761,0.025102774,2,,,,0.035174225,Test
2408,0,-4.9183974,-1.7932419,3.99609,-2.4096885,-0.979326,4.3238783,-6.67848,-8.202818,5.601896e-05,0.0012751833,0.416723,0.00068841974,0.0028777411,0.5783679,9.636972e-06,2.0985974e-06,5,,,,1.0279049,-4.914314,-1.8648897,4.0374446,-2.218576,-0.9036819,4.1447773,-6.4809585,-8.141647,0.00017300464,0.0030450202,0.46345454,0.001536128,0.005827604,0.5259016,4.251857e-05,1.9607716e-05,5,,,,0.049818315,Test
2409,0,-3.4341936,-1.470682,1.1591537,-1.8084605,-1.3273344,2.65575,-3.274065,-3.5484705,0.0017739433,0.012638111,0.17530942,0.009015437,0.014586033,0.7830126,0.0020820093,0.0015823769,5,,,,0.9960871,-3.5608609,-1.8255631,1.1843815,-1.7509251,-1.3355429,2.7259555,-3.3483024,-3.7692962,0.0022651083,0.010182522,0.17794915,0.011043026,0.015806453,0.7787571,0.002364645,0.0016320056,5,,,,0.020948397,Test
2410,0,-3.0153823,0.9176142,5.251371,-3.1901174,-1.1043558,1.6068234,-8.711362,-12.437462,0.00024668992,0.012595928,0.9601889,0.00020714046,0.0016676298,0.025092842,8.287415e-07,1.9961538e-08,2,,,,0.29007363,-2.9046905,1.184806,4.927579,-3.4360504,-1.169018,1.2592672,-8.554708,-12.039132,0.0012339295,0.034872748,0.9290627,0.00030644872,0.0027382842,0.03178316,2.4886697e-06,1.12824445e-07,2,,,,0.013235816,Test
2411,0,-3.5396173,-0.6611371,3.3856785,-2.596809,-0.9515952,2.7787817,-6.1838684,-7.675568,0.0006222293,0.011067728,0.63323987,0.0015973748,0.008277788,0.34514078,4.4214725e-05,9.947862e-06,2,,,,1.0985565,-3.4932067,-0.69002235,2.9499092,-2.7454047,-1.1905738,2.608437,-6.0466413,-7.1586814,0.0011818772,0.014840135,0.55107194,0.0027083796,0.009146813,0.4209157,0.00010438434,3.083101e-05,2,,,,0.039876018,Test
2412,0,-4.22634,-1.8116814,4.9754963,-1.9697123,0.2874564,0.29980037,-5.4977813,-4.506859,9.879709e-05,0.0011051388,0.9796041,0.0009435933,0.009016974,0.009128968,2.7705357e-05,7.463046e-05,2,,,,0.17532219,-3.950814,-1.5127003,4.6447015,-1.5624163,0.23578103,0.14599654,-4.9584813,-4.60517,0.000347077,0.0030533122,0.96364754,0.0026211622,0.0141868945,0.015874133,0.0001310677,0.00013876721,2,,,,0.0066870986,Test
2413,0,5.5793633,0.8375769,-2.1985238,-0.8595744,-3.3463175,-4.2163982,-2.4847906,-9.83088,0.9888815,0.0086260615,0.00041423875,0.001580335,0.0001314529,5.5067998e-05,0.0003111192,2.0070598e-07,0,,,,0.100564435,5.4910126,0.6818065,-1.9791123,-0.67453015,-3.2074375,-4.019727,-2.632052,-9.603907,0.9859495,0.010197773,0.0007659818,0.0024321782,0.00021696233,9.7635224e-05,0.00033936178,6.2549344e-07,0,,,,0.0023640876,Test
2414,0,-2.6416419,0.16112375,5.318333,-2.934569,-0.41160187,0.9894095,-8.6684475,-11.292581,0.0003413792,0.005629409,0.9777108,0.00025469513,0.0031749082,0.012887917,8.238136e-07,5.9728556e-08,2,,,,0.18811019,-2.9328067,0.4646716,5.3155427,-2.9851723,0.023767376,1.2925836,-8.860011,-10.332857,0.00046861646,0.011959875,0.95727605,0.00058817957,0.007340097,0.02236168,3.5000976e-06,2.005334e-06,2,,,,0.0071637807,Test
2415,0,-4.058326,-1.7074723,1.6554056,-1.8035467,-1.1893433,3.1829157,-3.774213,-4.1790037,0.00057481596,0.00603242,0.174169,0.0054798275,0.010127729,0.802343,0.0007636908,0.0005094706,5,,,,0.8664783,-4.070392,-1.7208796,1.6962833,-1.7702711,-1.0882952,3.0028472,-3.738299,-3.9275131,0.0008017173,0.008175797,0.22021481,0.0080051115,0.014971772,0.74546033,0.0013189473,0.0010515449,5,,,,0.035254315,Test
2416,0,0.7204666,2.4028778,0.30865324,-2.5142462,-2.5423036,-0.77376044,-4.3285217,-9.261306,0.13606377,0.7318202,0.09013517,0.0053570373,0.005208821,0.030535707,0.00087296084,6.2909153e-06,1,,,,1.2767118,0.6244883,2.3340337,0.37034205,-2.3994813,-2.3076313,-0.7379223,-4.2651043,-8.967384,0.13818228,0.68331116,0.11940435,0.007104917,0.011524922,0.039138302,0.0013117581,2.2308914e-05,1,,,,0.04079685,Test
2417,0,4.184933,4.576461,-0.51823765,-3.2317002,-2.785754,-3.9062479,-6.021845,-13.002487,0.401576,0.5940268,0.0036408822,0.00024141537,0.00037708276,0.00012297374,1.4825876e-05,1.378369e-08,1,,,,1.0134498,4.3991857,4.703574,-0.36374366,-3.2532563,-2.4783614,-4.1434393,-5.961017,-12.343397,0.42727536,0.56259525,0.008474966,0.0003782677,0.0011032077,0.00014888219,2.3970368e-05,9.261497e-08,1,,,,0.042843103,Test
2418,0,-6.389881,-2.1673458,9.337334,-2.9573884,0.73799115,1.6555676,-10.4898815,-12.04088,1.477307e-07,1.0076146e-05,0.99934024,4.5728148e-06,0.00018410536,0.00046085552,2.448292e-09,5.191263e-10,2,,,,0.008595401,-5.954057,-1.6935122,9.085626,-2.9399114,0.82122916,1.7552135,-10.622172,-11.56412,3.3504766e-06,8.109683e-05,0.99789965,1.9665762e-05,0.00086245546,0.0011336553,5.3121134e-08,8.676939e-08,2,,,,0.0006504734,Test
2419,1,16.290619,-6.3320837,-5.7676992,6.9078045,-9.2176285,-10.451758,-3.0233157,-20.43058,0.99991584,1.4964015e-10,2.6312202e-10,8.415093e-05,8.353575e-12,2.4316224e-12,4.0928736e-09,1.1275851e-16,0,,,,0.001260665,16.319498,-6.7606597,-5.330159,7.0153913,-9.205544,-10.139346,-3.6845212,-20.958017,0.99972457,1.2738841e-09,2.126349e-09,0.00027545335,1.556139e-09,5.2842836e-10,9.308762e-09,4.4618862e-15,0,,,,0.00010880218,Test
2420,0,-4.228948,-2.619652,1.9370724,-0.98388463,-1.1195501,-0.8683121,-2.0894394,1.29044,0.0012237773,0.0061180177,0.5828691,0.03140621,0.02742185,0.035253968,0.01039631,0.3053108,2,,,,1.5710323,-4.2535257,-2.7372572,2.1063583,-0.9888526,-1.1993859,-0.95474786,-2.2476313,1.3285087,0.0012384765,0.005359693,0.60374767,0.028937608,0.023930263,0.030027077,0.008494534,0.29826468,2,,,,0.042856473,Test
2421,0,-4.1623006,-1.1729503,4.226939,-2.1014202,-0.43104336,1.9210305,-6.0118136,-6.9704447,0.00020372255,0.004048533,0.89627206,0.0015998093,0.008501662,0.08932982,3.204839e-05,1.2287905e-05,2,,,,0.56158173,-4.2959166,-1.2413461,4.3523064,-2.359667,-0.46429834,2.0152287,-6.1716256,-7.405618,0.00025001803,0.004519093,0.8893151,0.0014456428,0.008291839,0.0961176,5.134137e-05,9.403713e-06,2,,,,0.016414309,Test
2422,0,-1.5272038,0.91497856,4.649973,-3.318634,-0.6252819,-0.59752494,-8.613801,-10.451719,0.0020028278,0.023028722,0.96462226,0.00033391448,0.0049356376,0.0050745537,1.6748405e-06,2.6654817e-07,2,,,,0.2737587,-1.2356105,0.4724508,4.870155,-3.189929,-0.41217747,-0.5492092,-8.732379,-10.1883955,0.0042032273,0.021795522,0.9620574,0.0007516014,0.0061463723,0.0050370404,8.182402e-06,5.800641e-07,2,,,,0.009651804,Test
2423,1,-0.92507404,1.8031797,3.707987,-3.6109107,-1.2811104,-0.4613561,-8.346017,-11.770784,0.008230881,0.12598297,0.84636784,0.0005610509,0.005765296,0.013086891,4.926879e-06,1.6040364e-07,2,,,,0.76809686,-1.2836949,1.7245085,3.7834976,-3.5113227,-1.1815445,0.13196133,-8.511215,-11.386782,0.008814205,0.1613655,0.795736,0.0008163971,0.0073811235,0.02587435,1.17560285e-05,6.300177e-07,2,,,,0.048542045,Test
2424,0,4.009687,3.0629454,-0.64365876,-2.8941631,-2.8398728,-3.8775318,-5.750693,-11.008794,0.7142703,0.2771392,0.0068067573,0.0007170651,0.0007570709,0.0002682175,4.1208186e-05,2.1449613e-07,0,,,,0.92794764,4.1484733,2.8354244,-0.63567674,-2.8553622,-2.5167747,-3.462606,-5.766035,-10.941931,0.75589955,0.22669196,0.014067605,0.0009329732,0.0016281742,0.00070754444,7.1672766e-05,5.0024073e-07,0,,,,0.031407703,Test
2425,0,4.4933534,1.0321461,-1.1183053,-1.5607123,-2.4553638,-4.146427,-3.5120378,-9.022376,0.96258724,0.030217381,0.0035182585,0.0022604389,0.00092395453,0.00017030652,0.00032117587,1.299072e-06,0,,,,0.2692469,4.692702,0.80456173,-1.083539,-1.4490573,-2.2070303,-4.74191,-3.1440818,-8.754143,0.966204,0.024039082,0.0046594194,0.0027442789,0.001680829,0.0001769908,0.0004924528,2.955728e-06,0,,,,0.004950556,Test
2426,0,5.4129395,-0.80328643,-1.4121028,-0.61338633,-2.7947493,-6.016707,-2.566813,-7.651603,0.9939121,0.0019846105,0.0010796172,0.0023996504,0.0002708905,1.0802284e-05,0.00034024008,2.1061494e-06,0,,,,0.065443814,5.487013,-1.0745163,-1.5211941,-0.91509473,-2.732234,-6.0632505,-2.6207952,-7.7144966,0.9925519,0.0022356105,0.0018188894,0.0023776365,0.00046160474,2.397049e-05,0.00051604526,1.4340595e-05,0,,,,0.0017692134,Test
2427,0,-2.3692505,-0.2441508,1.9000039,-2.4433455,-0.73786056,1.157103,-4.5421405,-4.756415,0.008258515,0.069154605,0.5902224,0.0076687224,0.04220906,0.2807876,0.00094021665,0.0007588741,2,,,,1.5511094,-2.4593596,-0.50877726,2.04301,-2.413332,-0.6318967,1.2915261,-5.0139656,-4.975583,0.0076791532,0.04685145,0.59673184,0.007966571,0.04585613,0.29362738,0.0006031423,0.0006843555,2,,,,0.027973317,Test
2428,0,-5.012403,-1.044544,8.005894,-3.4126697,0.06808138,1.776467,-10.667981,-12.889977,2.2139059e-06,0.00011705191,0.9975479,1.09626235e-05,0.00035611124,0.001965749,7.744143e-09,8.394071e-10,2,,,,0.027037336,-5.2714663,-1.4218699,7.868352,-3.0162396,0.17659566,1.5467013,-10.35823,-12.992537,5.5213977e-06,0.0003682035,0.9961562,4.1898762e-05,0.0007706044,0.0026576223,5.4387165e-08,2.6844738e-09,2,,,,0.00086585875,Test
2429,0,2.433346,2.138612,-0.5969682,-2.4592037,-2.586369,-1.6328589,-4.448026,-9.285944,0.5478503,0.40800035,0.026461422,0.0041101216,0.0036193223,0.009391425,0.0005624965,4.456963e-06,0,,,,1.2732916,2.4863183,1.9848331,-0.8026698,-2.7516906,-2.8251107,-1.8054218,-4.5443735,-9.736504,0.5807734,0.36692864,0.031358767,0.0037433158,0.0059244363,0.010510523,0.00075511896,5.767424e-06,0,,,,0.04056223,Test
2430,0,-0.22073898,2.3391926,3.5006669,-3.3642485,-1.0617894,-1.2682538,-7.667072,-11.842303,0.017830666,0.23063843,0.73680663,0.00076905725,0.0076896045,0.0062551466,1.0405576e-05,1.5995077e-07,2,,,,1.024281,-0.2974202,1.8025576,3.68537,-3.384936,-1.2364393,-1.476486,-8.015431,-12.309919,0.022078482,0.17164952,0.79252696,0.0010867199,0.0072953077,0.0053454274,1.7328217e-05,2.4827239e-07,2,,,,0.043769456,Test
2431,0,4.612648,1.8527399,-1.2017338,-1.9877653,-2.5025728,-4.727152,-4.0990014,-9.384467,0.93570954,0.05922815,0.0027924615,0.0012723834,0.000760396,8.2208644e-05,0.00015407067,7.8031724e-07,0,,,,0.37810218,4.58786,1.716238,-1.1869967,-1.9375489,-2.4186265,-4.6444383,-3.7233663,-9.454699,0.9212435,0.071254,0.0038090248,0.0019008124,0.0013326316,0.00016609521,0.0002913409,2.5165634e-06,0,,,,0.018887093,Test
2432,0,-3.1228733,-1.1868513,0.8559429,-1.4772028,-1.568091,1.6456363,-2.515291,-2.9492536,0.0052063637,0.036085963,0.27829957,0.026992325,0.02464722,0.6130163,0.009558819,0.0061935093,5,,,,1.5406668,-3.116499,-1.2218999,0.92823803,-1.5569035,-1.5611395,1.5252101,-2.6399913,-2.5789692,0.0061679096,0.03937217,0.3142365,0.026564112,0.027071599,0.56630033,0.009243676,0.011043602,5,,,,0.022492452,Test
2433,1,6.2096844,0.48688957,-2.2413828,-0.66824484,-3.1953197,-5.3864527,-2.3012123,-9.648802,0.99521565,0.0032549095,0.00021265002,0.0010253462,8.19173e-05,9.157541e-06,0.00020030036,1.2902213e-07,0,,,,0.05028628,6.7447815,0.36530003,-2.3918395,-0.6606051,-3.3824258,-5.7298403,-2.2955341,-10.705084,0.9953669,0.0032145847,0.00027940483,0.00079481816,9.214683e-05,2.8999324e-05,0.0002230766,9.2784205e-08,0,,,,0.0015102106,Test
2434,0,9.114255,-2.0634747,-3.3440783,1.9163455,-4.7415595,-6.9423447,-1.8901532,-11.813666,0.9992169,1.3971193e-05,3.8821695e-06,0.00074756244,9.597458e-07,1.06259456e-07,1.6615222e-05,8.1428986e-10,0,,,,0.009473706,9.1538,-2.1370854,-3.1319172,2.261817,-4.786964,-6.8462296,-1.7281545,-12.095058,0.9987036,2.8692933e-05,8.550458e-06,0.0012294997,3.578978e-06,4.7164062e-07,2.5604904e-05,1.8313144e-09,0,,,,0.00017726516,Test
2435,0,-2.868552,-0.9996535,3.2189114,-1.997238,-0.46532473,-0.42002013,-4.3680453,-3.2359526,0.0021109509,0.013681394,0.92945814,0.0050452766,0.0233446,0.02442654,0.00047125536,0.0014619012,2,,,,0.5164011,-2.7244012,-0.93534774,3.1938336,-1.8349469,-0.4800032,-0.4877612,-4.2286377,-3.2394397,0.0035818398,0.018570751,0.9130432,0.008271839,0.026424041,0.026691193,0.000999748,0.0024173348,2,,,,0.012178705,Test
2436,0,-2.6504135,-1.3591505,1.1965139,-1.9458933,-1.0819474,1.2826091,-2.9585602,-2.697693,0.009004295,0.032752015,0.4218412,0.01821457,0.043214135,0.45976898,0.0066164215,0.008588481,5,,,,1.6713924,-2.950175,-1.2623122,1.2437587,-2.0871751,-0.9422687,1.2817273,-3.1165462,-2.6423311,0.0069744936,0.03523474,0.42870918,0.016230654,0.05127517,0.44482008,0.0061783614,0.010577395,5,,,,0.030985096,Test
2437,0,11.054404,-0.48326758,-3.947141,0.63612354,-5.5682697,-9.421169,-3.273993,-15.254769,0.99995923,9.755174e-06,3.0541764e-07,2.9879995e-05,6.037361e-08,1.2810123e-09,5.9874e-07,3.7501907e-12,0,,,,0.0006905207,10.83779,-0.9306447,-3.7308326,0.90879935,-5.1179705,-8.872402,-3.3055356,-14.824722,0.99977285,2.112103e-05,5.907972e-06,0.00019522078,1.991075e-06,1.3245116e-07,2.8186478e-06,2.3517502e-10,0,,,,7.917916e-05,Test
2438,0,8.281462,3.9862776,-3.1923416,-2.1312435,-4.937125,-7.0875125,-4.543028,-15.205319,0.9865053,0.013450074,1.0258643e-05,2.964278e-05,1.7920086e-06,2.0865969e-07,2.6576292e-06,6.221851e-11,0,,,,0.103649534,8.813504,4.161633,-2.9501703,-2.0611763,-4.6710734,-7.6829376,-4.49105,-15.130438,0.9796592,0.020264411,3.0079633e-05,4.0072337e-05,2.8844943e-06,6.1235323e-07,2.7155784e-06,2.4845656e-10,0,,,,0.008704814,Test
2439,0,-6.442561,-2.431013,10.132613,-3.1521938,1.6779246,0.21484691,-10.85699,-11.454952,6.329613e-08,3.4959912e-06,0.9997327,1.6996731e-06,0.00021284286,4.9277944e-05,7.659759e-10,4.2123355e-10,2,,,,0.0037846297,-5.7267165,-2.035109,10.049899,-2.7960067,1.7841781,-0.23691583,-10.281164,-12.399657,5.5944173e-07,1.7138436e-05,0.9995273,6.6601074e-06,0.00037502864,7.335797e-05,4.31234e-09,6.2946415e-10,2,,,,0.00013317783,Test
2440,0,-3.604993,-1.0475107,2.4799123,-1.947336,-1.0828747,2.398538,-4.492279,-4.9633675,0.0011411506,0.014724603,0.50116867,0.005987624,0.01421298,0.46200168,0.00046989377,0.00029336518,2,,,,1.2549969,-3.2999463,-1.0728166,2.3498015,-1.9291328,-1.1240944,2.1806061,-4.2673097,-4.793973,0.00315519,0.020073276,0.5064856,0.008624611,0.020384112,0.4394083,0.0009625541,0.00090638536,2,,,,0.040167533,Test
2441,0,-2.1340082,1.1957171,4.8328166,-3.4352663,-0.78784317,0.36730483,-8.894382,-11.870993,0.0009040824,0.025251618,0.95909464,0.0002460814,0.0034740807,0.011028446,1.0476457e-06,5.339358e-08,2,,,,0.3040206,-2.5059974,1.0524077,4.5655637,-3.6989923,-0.98328847,0.40248045,-8.807291,-11.85137,0.0017277537,0.03874142,0.9289551,0.00032287097,0.0043156375,0.025934462,2.6830664e-06,1.9186726e-07,2,,,,0.015320968,Test
2442,0,10.896331,-2.7630515,-3.3915715,3.0068264,-6.1503987,-8.326681,-3.4543922,-14.750922,0.99962306,1.168536e-06,6.232738e-07,0.00037451397,3.9494395e-08,4.4811412e-09,5.85324e-07,7.267345e-12,0,,,,0.004855775,11.733405,-3.2676632,-3.4764695,3.0753198,-6.273324,-8.956398,-3.7264214,-15.347829,0.99955237,1.4548909e-06,8.843572e-07,0.00044460525,1.5661881e-07,1.3683757e-08,5.5609684e-07,3.84404e-10,0,,,,0.00014093355,Test
2443,0,2.1397538,3.031404,0.013396911,-3.0186417,-3.1448228,-1.7691933,-5.9086356,-11.646314,0.27858064,0.67950034,0.033226598,0.0016020944,0.0014121751,0.0055887774,8.9038906e-05,2.8690496e-07,1,,,,1.1269128,1.8080175,2.661731,0.19175711,-3.1934357,-2.7916808,-1.9871505,-5.770053,-10.655172,0.2911977,0.5973479,0.088913575,0.0018747288,0.0049938806,0.015490061,0.0001795569,2.6483256e-06,1,,,,0.053699613,Test
2444,0,-4.4878397,-2.3294275,0.26554513,-0.30162314,-2.7096632,2.0856814,-1.1928431,-2.5218782,0.001055597,0.009138707,0.1224241,0.06943028,0.0062481365,0.75568724,0.028477183,0.007538837,5,,,,1.2609957,-4.2116804,-2.2460854,0.329072,-0.31490588,-2.7213407,1.8584669,-1.125622,-2.5110095,0.0017718219,0.01244021,0.15753135,0.083415076,0.007357483,0.6894571,0.038011722,0.010015187,5,,,,0.020627579,Test
2445,0,-3.9421175,-1.6697798,0.4139461,-0.8152363,-2.3385284,2.1119218,-1.3437436,-3.0725622,0.00179185,0.017384622,0.13967411,0.040859096,0.008907001,0.76302254,0.024085796,0.0042750835,5,,,,1.2246462,-3.9002166,-1.6981862,0.43644357,-0.8096329,-2.3647206,2.0758815,-1.3322861,-3.084493,0.002160111,0.019115442,0.15743788,0.045177527,0.010157311,0.7338613,0.02674666,0.0053437874,5,,,,0.030570982,Test
2446,0,-3.162127,-0.15711233,2.6992993,-2.3730295,-1.0251104,2.4529505,-5.299813,-6.913891,0.0015203047,0.030689647,0.5339686,0.0033468131,0.012883243,0.4173763,0.00017928562,3.5691148e-05,2,,,,1.2891166,-3.2113533,0.09806444,2.4965339,-2.4865232,-1.0301573,2.3667696,-5.186573,-6.6845613,0.0026911856,0.05816124,0.48643312,0.004152148,0.015551361,0.43252236,0.00042062308,6.797101e-05,2,,,,0.04508932,Test
2447,0,-5.2248073,-2.5392869,4.125263,-3.300992,0.60965115,3.7359235,-7.495316,-5.7778177,5.0875668e-05,0.0007461345,0.58505183,0.0003483475,0.017393356,0.396375,5.253408e-06,2.9264489e-05,2,,,,1.0963238,-5.956276,-2.6475406,4.406493,-3.4784417,0.58553946,3.8552792,-7.884588,-6.06457,3.2020307e-05,0.0006468414,0.60986596,0.0002790591,0.017724479,0.37142134,4.135888e-06,2.61445e-05,2,,,,0.04063002,Test
2448,0,8.621091,0.8220889,-3.4151022,-0.976768,-4.2666116,-7.630765,-3.1451213,-12.874396,0.9995059,0.0004099414,5.9228837e-06,6.78404e-05,2.527709e-06,8.743676e-08,7.7586155e-06,4.6175738e-10,0,,,,0.0065485174,8.522007,0.7051573,-3.2022,-0.84508914,-3.8248196,-7.5562882,-2.7141442,-12.145823,0.99886274,0.0008729249,1.8952738e-05,0.00019204812,2.8453966e-05,1.4462788e-06,2.3424862e-05,2.2035726e-08,0,,,,0.00033232354,Test
2449,0,-2.1213984,1.2166735,5.2917542,-3.5828762,-0.3013566,-0.72256106,-8.917348,-11.121627,0.0005891833,0.01659421,0.97665626,0.00013662774,0.0036365073,0.0023864803,6.588808e-07,7.2694355e-08,2,,,,0.18975255,-2.2945487,0.68587524,4.9704866,-3.5558708,-0.46506315,-0.64576954,-8.508617,-9.738205,0.0025278511,0.046813928,0.93776715,0.0003773338,0.0062510036,0.006254296,5.4676866e-06,2.9597102e-06,2,,,,0.021413209,Test
2450,0,-0.33924642,2.3740687,2.295072,-3.2751918,-1.174472,-0.49767953,-6.722786,-9.292594,0.031892687,0.48091567,0.44438675,0.0016928803,0.013834304,0.027219774,5.3870986e-05,4.123841e-06,1,,,,1.4298046,-0.2729358,2.3930385,2.0242937,-2.9137926,-1.4431355,-0.60100174,-6.48293,-9.477407,0.044742707,0.5121375,0.3936053,0.00375284,0.014096533,0.031555083,0.00010052633,9.570873e-06,1,,,,0.05504348,Test
2451,0,-4.103805,-2.0936258,0.84478736,-0.95315903,-2.0211966,2.1624377,-2.01688,-2.5200918,0.001388414,0.010364034,0.19573364,0.03242106,0.011142545,0.7309938,0.01119075,0.0067657665,5,,,,1.2265025,-3.8481414,-1.8637911,0.6174879,-0.79387486,-2.0454168,2.2849221,-1.7710369,-2.735063,0.0024129967,0.013905463,0.1569378,0.04021197,0.011244391,0.753344,0.016082713,0.00586059,5,,,,0.027973084,Test
2452,1,-3.1398582,-0.46994507,5.704774,-3.0529828,0.6082369,-0.032419797,-8.233632,-8.945092,0.00014248274,0.0020572678,0.9884101,0.00015541451,0.0060469895,0.0031864394,8.7410655e-07,4.2912237e-07,2,,,,0.10978954,-3.2625701,-0.584212,5.526907,-3.1293337,0.4754013,-0.6082457,-7.789647,-8.598399,0.00043793372,0.00394721,0.98466694,0.0005682684,0.0072422638,0.0031150081,1.8468305e-05,3.923232e-06,2,,,,0.0029630044,Test
2453,0,-5.1304955,-0.9704717,7.011824,-3.020435,-0.08994007,2.5072436,-9.552254,-12.338728,5.264535e-06,0.00033731476,0.98787606,4.3425793e-05,0.0008136647,0.010924159,6.324338e-08,3.898205e-09,2,,,,0.10153471,-5.0591955,-0.9602539,6.530459,-2.613028,-0.0127296625,2.502727,-9.186729,-11.658331,1.746136e-05,0.00082630606,0.9587636,0.00023072,0.0021030684,0.038058605,2.8010948e-07,2.674273e-08,2,,,,0.012216023,Test
2454,0,-4.949249,-1.4467977,7.484393,-3.1527145,0.4877962,1.2207681,-9.523154,-10.401529,3.970508e-06,0.00013180781,0.9970293,2.3937055e-05,0.0009122724,0.0018986725,4.0966036e-08,1.7019662e-08,2,,,,0.032796327,-4.753442,-1.2581459,7.1032057,-3.500462,0.42437014,1.164629,-9.271765,-9.873393,1.5703934e-05,0.00046838578,0.99449223,3.869739e-05,0.0015577554,0.0034269274,1.8944849e-07,1.1281554e-07,2,,,,0.0010182555,Test
2455,0,1.0990771,2.3085752,0.85672134,-3.077245,-2.903313,-0.602163,-6.076595,-10.968866,0.18679601,0.6261032,0.14659321,0.0028682295,0.0034131203,0.03408226,0.00014289364,1.0723253e-06,1,,,,1.5013477,1.1594826,2.6173415,0.68826663,-3.00637,-3.1211085,-0.5771686,-5.8793225,-11.331139,0.17315964,0.6396406,0.14213389,0.0029597785,0.003420772,0.038496695,0.00018200853,6.6006323e-06,1,,,,0.072205536,Test
2456,1,-4.5566874,-0.8907116,7.7805305,-3.6890738,0.2976938,1.5427976,-11.101017,-12.96301,4.3736313e-06,0.00017098388,0.9973041,1.0414578e-05,0.00056114217,0.0019490124,6.2903602e-09,9.772884e-10,2,,,,0.029881252,-4.322036,-0.7951563,7.7676225,-3.4457607,0.48637185,1.5723522,-11.325521,-12.59282,1.8328892e-05,0.00031391848,0.99473107,2.9507728e-05,0.0012414872,0.0036657427,2.3308825e-08,3.545125e-09,2,,,,0.0011963698,Test
2457,1,-4.7452097,-1.84405,4.452494,-2.4544294,-0.31574512,2.865696,-6.569318,-6.6689963,8.327911e-05,0.0015152837,0.8223341,0.00082301855,0.0069859973,0.16823278,1.3438042e-05,1.2163158e-05,2,,,,0.7388702,-5.0322294,-2.1328998,4.477813,-2.6401284,-0.6383432,2.8679645,-6.911416,-7.0525427,0.000113721006,0.002134002,0.80578536,0.0011101381,0.0062250504,0.1845795,3.738234e-05,1.4788791e-05,2,,,,0.027022835,Test
2458,0,-2.95997,-1.2403177,2.8000207,-1.9700465,-0.64491516,-0.31407708,-3.9762187,-2.6131606,0.002835938,0.01583187,0.89997184,0.0076315906,0.02871523,0.039975457,0.0010264684,0.0040115677,2,,,,0.6840923,-2.5286167,-1.1273109,2.6103683,-1.8657331,-0.6591222,-0.42294297,-3.777245,-2.548571,0.0057418346,0.024906224,0.87029856,0.011069801,0.033441644,0.04473345,0.0022128623,0.007595566,2,,,,0.011902261,Test
2459,0,4.8922815,5.4666543,-2.0881166,-3.2818327,-4.6291137,-3.5940833,-5.1334515,-13.546791,0.36002928,0.6394179,0.0003348031,0.00010147637,2.63784e-05,7.426025e-05,1.5930065e-05,3.5346839e-09,1,,,,0.9500339,5.0802436,5.968701,-1.7820069,-3.2806163,-4.846756,-4.073981,-5.298389,-13.616251,0.29996282,0.6977642,0.0008553209,0.0001750169,0.00012179654,0.0010822405,3.8376216e-05,1.1508009e-07,1,,,,0.024488835,Test
2460,0,1.1286199,1.8664201,1.6474794,-3.2132692,-1.1403868,-2.4727912,-6.2131987,-8.533624,0.20342305,0.42542472,0.34177318,0.002646925,0.021036966,0.0055504367,0.00013179198,1.2946168e-05,1,,,,1.7046373,0.7065882,1.8225577,1.974094,-3.4110038,-0.93649876,-2.0815036,-6.333783,-8.292957,0.1318296,0.38327846,0.4443565,0.002524767,0.028547024,0.00930556,0.00013556899,2.249647e-05,2,,,,0.048556298,Test
2461,0,-2.8059692,0.35595107,5.135531,-3.4469957,-0.041114226,0.0061814897,-8.474861,-9.434445,0.00034852375,0.008230701,0.9799008,0.00018358529,0.00553342,0.0058014165,1.2029958e-06,4.6080964e-07,2,,,,0.17660308,-3.0500233,0.4101531,5.2955027,-3.157251,0.094563566,0.45939797,-8.542036,-9.252899,0.0004207121,0.014029579,0.9663029,0.0005360699,0.006711513,0.011993006,5.277986e-06,9.983324e-07,2,,,,0.008258353,Test
2462,0,-4.525449,-2.4779603,3.5289252,-1.120834,-0.6284003,0.230699,-3.299405,-2.0204375,0.00029694848,0.00230088,0.93465465,0.008938947,0.01462674,0.034534227,0.0010119175,0.0036357464,2,,,,0.47197852,-4.6508713,-2.5920162,3.6976287,-1.2436163,-0.7659596,0.3597645,-3.48142,-2.0548935,0.0002513986,0.0019079831,0.9400336,0.0074543506,0.011311394,0.034661468,0.00086782535,0.0035119522,2,,,,0.0043422547,Test
2463,0,3.7356436,-3.4882014,-0.38763535,1.0954801,-2.4420278,-5.2263947,-2.0701807,-4.1456246,0.914193,0.0006664412,0.014802003,0.06522731,0.0018971832,0.000117185584,0.002751696,0.00034533968,0,,,,0.51827306,3.9981766,-3.9278374,-0.45668226,1.0868925,-2.4285939,-5.4867635,-2.232041,-4.39771,0.9213382,0.0004999441,0.016190827,0.05682378,0.0024447185,0.00012068693,0.0021410063,0.00044077198,0,,,,0.010590965,Test
2464,1,-0.35926577,-1.3985153,1.4490609,-1.8216654,0.063401766,-2.8745813,-2.596948,0.0861543,0.09123799,0.032272708,0.55657285,0.021137988,0.13923164,0.007375442,0.009735597,0.14243582,2,,,,1.9769454,-0.5630347,-1.6193306,1.4745973,-1.7259414,0.04475411,-2.7755256,-2.4651382,0.28377524,0.074301064,0.026556065,0.5477004,0.024155715,0.13140468,0.008719253,0.013602585,0.17356022,2,,,,0.025418358,Test
2465,0,-3.0593805,0.53381115,4.6314383,-2.8630793,-0.6174302,1.3928771,-7.7411976,-10.338651,0.00043028183,0.015640704,0.94152784,0.00052360725,0.0049462784,0.036926992,3.985343e-06,2.9676053e-07,2,,,,0.39988762,-3.3386319,0.54967934,4.9557047,-2.9189775,-0.59176654,1.3412409,-7.651709,-10.067561,0.00059141754,0.027123455,0.92935354,0.0005530564,0.005498058,0.036865212,1.4112078e-05,1.1857488e-06,2,,,,0.020110995,Test
2466,0,2.909504,4.9579005,0.8742842,-3.95807,-3.3356519,-2.154763,-8.0708475,-15.582183,0.11241736,0.87184787,0.014687529,0.000117026386,0.00021807037,0.00071031385,1.914818e-06,1.047119e-09,1,,,,0.62803847,2.654599,4.605717,1.037544,-4.183606,-3.0520897,-2.1551003,-8.281319,-15.716455,0.15737289,0.7668217,0.068792075,0.00022107363,0.0008847654,0.005902831,4.728496e-06,3.1164782e-09,1,,,,0.058970552,Test
2467,0,6.4044495,-0.5541665,-1.5691336,-0.49766126,-3.4048462,-5.9531784,-4.079201,-10.511636,0.9976179,0.00094814727,0.00034362206,0.001003265,5.480766e-05,4.286617e-06,2.792369e-05,4.4916113e-08,0,,,,0.02817782,6.872837,-0.69423556,-1.7657154,-0.46902603,-3.5975184,-5.9470053,-4.420892,-11.673463,0.9978735,0.00075641694,0.0003167395,0.0009699569,5.3011812e-05,8.27473e-06,2.2003213e-05,3.3535628e-08,0,,,,0.000517654,Test
2468,0,0.977842,0.9574543,0.7769358,-2.3483946,-1.2097596,-1.0777209,-4.50822,-6.919516,0.32483795,0.3182823,0.26571393,0.011670797,0.036442105,0.041585997,0.0013461713,0.000120750185,0,,,,2.0149593,0.98226464,0.9806072,0.7054179,-2.3586516,-1.2577889,-1.2044113,-4.421012,-6.825966,0.3383061,0.31052235,0.25980586,0.010634785,0.0328486,0.046126377,0.0015820705,0.00017384611,0,,,,0.06110769,Test
2469,0,-4.0188417,-2.4130003,1.7097347,-0.9192755,-1.113096,-0.60631305,-1.9848391,1.4416268,0.0015944522,0.007943641,0.49034384,0.035378233,0.029144792,0.04837868,0.012188989,0.37502733,2,,,,1.7131147,-3.8115234,-2.148958,1.6552639,-0.92544985,-1.2328045,-0.35127562,-1.8360012,1.2904884,0.0024335636,0.013701627,0.48312324,0.038580902,0.028138403,0.07004005,0.015850948,0.3481313,2,,,,0.038674973,Test
2470,1,14.250023,-4.6016746,-4.3226995,3.87,-7.388181,-11.802987,-3.81344,-17.873955,0.999969,6.4982757e-09,8.58925e-09,3.1045583e-05,4.0052875e-10,4.845164e-12,1.42930245e-08,1.11871716e-14,0,,,,0.0005105942,14.323064,-4.7815075,-4.0424566,3.8914294,-6.822098,-11.800447,-3.4710777,-17.953297,0.9999196,1.2592051e-07,1.018488e-07,7.995211e-05,5.0064424e-09,1.4295179e-10,1.2612814e-07,1.1459158e-13,0,,,,3.0953208e-05,Test
2471,0,7.4395103,-0.64728945,-2.4944203,0.044643722,-3.9006824,-6.2566533,-3.507709,-11.211313,0.9989998,0.0003072649,4.845228e-05,0.0006137842,1.1873595e-05,1.1256343e-06,1.7589286e-05,7.936255e-09,0,,,,0.0127653675,7.2207656,-0.38379565,-2.4891076,0.18967909,-3.8861156,-5.631621,-3.6665826,-11.599296,0.9970627,0.0009593647,0.00011077428,0.0017416142,4.418748e-05,1.5909782e-05,6.553861e-05,8.572653e-08,0,,,,0.00079149246,Test
2472,0,3.910773,0.7035756,-0.3835855,-1.7005937,-2.3709428,-5.4093084,-3.6381905,-7.7574267,0.94315934,0.03816954,0.01286971,0.0034482556,0.0017638861,8.4513296e-05,0.00049672025,8.075146e-06,0,,,,0.39135382,3.7716892,0.54092586,-0.41756687,-1.743502,-2.3140893,-5.138201,-3.7549748,-7.519706,0.93616706,0.03974668,0.015866663,0.004851318,0.002469358,0.00022026474,0.00065601093,2.2650023e-05,0,,,,0.006052357,Test
2473,1,-2.4743052,-0.22623372,3.9845033,-2.7392209,0.10395917,0.16933827,-6.541756,-6.5983677,0.0014775224,0.01399133,0.9431026,0.0011336593,0.01946525,0.020780398,2.5296624e-05,2.3904337e-05,2,,,,0.41837445,-2.455387,-0.23481068,4.192611,-2.817177,0.23511681,0.09889919,-6.709146,-7.022734,0.0026946145,0.017845241,0.93255377,0.0018702798,0.022291481,0.022604749,0.00010554816,3.4271816e-05,2,,,,0.012715964,Test
2474,0,-3.143435,-0.8309791,2.2267053,-2.0300267,-0.8035942,2.0275466,-4.768191,-5.773265,0.002405158,0.024290157,0.51685154,0.0073230267,0.024964537,0.42351842,0.00047371935,0.0001733895,2,,,,1.3605443,-2.9359586,-0.76728946,1.8570629,-2.1759052,-0.933482,1.8157432,-4.466127,-5.746869,0.005999201,0.038570896,0.4637209,0.011536803,0.03109767,0.44741383,0.001340443,0.00032027886,2,,,,0.038694803,Test
2475,0,-2.965852,0.9524977,5.492939,-3.581931,-0.4807397,0.95980746,-9.402671,-11.940162,0.0002070008,0.0104157245,0.97628856,0.000111792375,0.0024845204,0.010492142,3.315103e-07,2.6210683e-08,2,,,,0.19687597,-2.8331819,1.0437167,5.1675696,-3.628839,-0.24766728,0.634655,-8.910393,-11.46435,0.001034298,0.02499849,0.9552578,0.0005073965,0.005185659,0.013011834,4.3020923e-06,1.7611825e-07,2,,,,0.008735425,Test
2476,0,-2.8455007,0.5294009,6.5606947,-3.4680688,-0.3741599,-0.14424317,-10.009987,-13.601956,8.1826336e-05,0.0023910813,0.99529535,4.3905122e-05,0.00096868584,0.0012190862,6.329887e-08,1.7435077e-09,2,,,,0.050840188,-2.5903797,0.66664,6.0777435,-3.3800273,-0.9434298,-0.12601615,-9.745605,-13.6073,0.0012505414,0.008246104,0.98360026,0.0004926188,0.00153211,0.0048772367,1.1826511e-06,2.1238137e-08,2,,,,0.0044315318,Test
2477,0,11.380875,1.8888634,-4.693476,-0.7138336,-5.721884,-9.675231,-3.5752025,-16.916254,0.99991846,7.5446056e-05,1.04463105e-07,5.588554e-06,3.7353473e-08,7.168259e-10,3.1961167e-07,5.1366235e-13,0,,,,0.001258582,11.1889,2.6471841,-5.3845205,-0.89678276,-5.810714,-9.155658,-3.7944007,-16.941265,0.99943733,0.00054477213,5.34734e-07,1.5383659e-05,2.1107027e-07,9.6243255e-08,1.7927523e-06,1.1503872e-11,0,,,,0.00018641379,Test
2478,0,-5.2213492,-1.3735412,8.264366,-2.8866043,0.46388364,1.2556105,-9.987944,-12.54279,1.3887462e-06,6.51186e-05,0.9986076,1.4341346e-05,0.00040896697,0.000902674,1.1817278e-08,9.1825225e-10,2,,,,0.016903717,-4.976475,-1.1465065,7.8572555,-3.3228898,0.30665255,1.1106523,-9.759753,-12.767782,4.5614324e-06,0.0002443015,0.99641764,2.8285294e-05,0.0010295945,0.0022755037,1.1268022e-07,2.0505228e-08,2,,,,0.00084837084,Test
2479,0,8.730667,-1.9660199,-3.2124534,1.4952266,-4.4086056,-7.14861,-1.8788766,-10.99721,0.99922407,2.2602208e-05,6.498773e-06,0.00072003086,1.9649399e-06,1.2687627e-07,2.4660198e-05,2.7036777e-09,0,,,,0.009514313,8.959215,-2.3027363,-3.3130612,1.385006,-4.7215357,-7.367424,-2.1254659,-10.847014,0.99905616,2.3065997e-05,7.934871e-06,0.0008798956,2.217783e-06,2.3968627e-07,3.0378322e-05,3.1867806e-08,0,,,,0.00028063622,Test
2480,0,0.3041612,2.6698375,2.8342493,-3.6420522,-1.6028738,-0.99692506,-8.207746,-12.31187,0.04057431,0.43216664,0.50939465,0.0007842103,0.0060260985,0.011045783,8.157872e-06,1.3464134e-07,2,,,,1.3308427,-0.111619234,2.341263,3.0726542,-3.7100506,-1.8743473,-0.2808388,-8.738249,-13.54274,0.030802373,0.32448405,0.604732,0.0011709299,0.0045956573,0.034204356,1.0503756e-05,1.7458952e-07,2,,,,0.06800208,Test
2481,0,0.20091468,3.225328,3.8445556,-4.1212134,-1.8687832,-0.88490885,-9.946739,-15.712297,0.016586535,0.34138286,0.63411623,0.00022013011,0.0020936176,0.0056000063,6.496591e-07,2.0358033e-09,2,,,,1.1073568,0.0028666973,3.7176566,3.7814262,-4.125261,-2.0970304,-0.9006359,-10.295631,-16.149391,0.013089207,0.47148067,0.5055482,0.000379798,0.0017982258,0.0077030384,9.339727e-07,2.1416042e-09,2,,,,0.045224458,Test
2482,0,-5.8185825,-1.4948004,8.759551,-3.414982,0.7687613,1.6773204,-11.012937,-12.387096,4.6587328e-07,3.51611e-05,0.9987822,5.1539278e-06,0.00033815423,0.0008388748,2.5845714e-09,6.5403066e-10,2,,,,0.014848081,-5.3931413,-1.499905,8.972007,-3.3613048,0.42671728,1.7489611,-10.940857,-12.423784,1.0241512e-05,0.00018534956,0.99802744,2.471048e-05,0.0003831516,0.0013690072,1.2854848e-07,3.9725485e-09,2,,,,0.0005968993,Test
2483,0,9.080173,-0.99121374,-3.2897334,0.55908364,-4.6322007,-7.7377586,-2.4070408,-12.533774,0.9997429,4.2261105e-05,4.2433285e-06,0.00019917122,1.1083581e-06,4.9653885e-08,1.025782e-05,4.1027065e-10,0,,,,0.003702326,8.960661,-1.3726525,-3.5304856,0.7441373,-4.469651,-7.5956573,-2.413057,-12.295166,0.99943316,6.344128e-05,6.0714983e-06,0.00047466817,2.1167787e-06,1.7659247e-07,2.0404948e-05,5.438352e-09,0,,,,0.00016305479,Test
2484,0,-2.8237858,0.026622994,2.3681545,-2.7367318,-1.7045462,2.897648,-5.7320204,-7.9252295,0.0019697896,0.03406721,0.3542018,0.0021489526,0.0060325274,0.6014602,0.00010749533,1.1991976e-05,5,,,,1.2204459,-3.0536065,-0.22100332,2.3661165,-2.7715752,-2.0504613,2.765026,-5.757926,-7.970561,0.0022242526,0.031176109,0.39094657,0.0028975762,0.005822168,0.5667364,0.00017645859,2.0538886e-05,5,,,,0.04493796,Test
2485,1,11.134833,-1.0435448,-3.7786908,0.68116826,-5.4223623,-10.196784,-3.2613506,-14.816,0.9999651,5.1402285e-06,3.3352114e-07,2.884137e-05,6.445938e-08,5.4422833e-10,5.595019e-07,5.366382e-12,0,,,,0.00059594086,10.970389,-1.2097032,-4.1240377,0.8111807,-5.4918833,-10.235995,-3.0361314,-14.539412,0.999914,2.2337243e-05,8.841772e-07,5.9417373e-05,1.5716432e-07,2.1603093e-09,3.1604438e-06,6.090113e-11,0,,,,1.807042e-05,Test
2486,0,2.1743796,4.0467834,2.502573,-3.9907823,-1.9979327,-2.9449291,-9.316846,-14.929901,0.11215945,0.72947526,0.15572864,0.00023568956,0.0017291148,0.000670731,1.1461992e-06,4.1835135e-09,1,,,,1.1295822,1.9038712,3.8587902,2.569178,-4.250087,-2.1224747,-3.4162107,-9.306475,-14.259369,0.1593883,0.64230525,0.19531377,0.00024441225,0.0021295906,0.00061641,2.282733e-06,1.4537365e-08,1,,,,0.05790369,Test
2487,0,4.7942243,0.44155142,-1.1856102,-0.61926657,-2.8711886,-3.797463,-3.4443722,-9.411133,0.9796459,0.012610353,0.0024777642,0.004365359,0.00045922192,0.00018186402,0.00025887633,6.633781e-07,0,,,,0.17474806,4.62021,0.3236646,-1.4034613,-0.49915043,-2.8902016,-3.6409314,-3.2193046,-8.923963,0.96821177,0.016235989,0.0037869099,0.0092123775,0.001200499,0.0007361803,0.00061332656,2.9938467e-06,0,,,,0.0060685948,Test
2488,0,-0.66805744,-0.61253244,1.906979,-1.9715371,-0.27511975,-1.7707976,-3.3599994,-3.1131496,0.057378177,0.06065421,0.7534785,0.015583058,0.084995806,0.019047273,0.003887329,0.0049757287,2,,,,1.3634015,-0.92556477,-0.5371283,2.0572982,-2.0947049,-0.08259414,-1.6219018,-3.5474548,-2.796802,0.043599937,0.06582205,0.75680053,0.013098294,0.08978722,0.021094631,0.003228218,0.00656913,2,,,,0.019822763,Test
2489,0,-1.9915423,0.8916024,4.1802974,-3.0778239,-0.43280125,-0.33357966,-7.146466,-8.874802,0.0019674092,0.035158355,0.94252,0.0006639394,0.009350768,0.010326157,1.13537635e-05,2.0161967e-06,2,,,,0.40638795,-2.3577745,0.31960866,3.9822204,-3.0786395,-0.87548053,-0.1747329,-7.074708,-8.495588,0.0042494205,0.036410578,0.92820007,0.0012314832,0.00826017,0.021595966,4.6675366e-05,5.6792355e-06,2,,,,0.01588545,Test
2490,0,9.550564,3.2179525,-3.8414721,-1.6227748,-5.1210465,-8.080976,-4.305406,-15.68386,0.99820876,0.001774203,1.5245226e-06,1.4018513e-05,4.24055e-07,2.197564e-08,9.586275e-07,1.0966045e-11,0,,,,0.019079736,8.907457,2.7109916,-3.7852764,-0.9564643,-5.262206,-7.4979005,-3.8747475,-15.645619,0.99560916,0.0042233984,2.4583536e-05,0.00012524633,7.313653e-06,8.1553617e-07,9.596077e-06,1.0540303e-09,0,,,,0.0009783381,Test
2491,0,-0.12897266,2.2959366,2.9253309,-3.3872411,-1.4687694,-0.60058457,-7.65892,-11.317147,0.029042317,0.32821319,0.61588335,0.0011168203,0.0076061515,0.01812228,1.5588952e-05,4.0185438e-07,2,,,,1.2760895,-0.21089682,2.3093915,3.0855317,-3.4840565,-1.6654495,-0.748845,-7.4295225,-11.271395,0.02758117,0.31555715,0.63244736,0.0011154726,0.006643412,0.01663242,2.2490034e-05,5.487711e-07,2,,,,0.04219036,Test
2492,0,-4.128283,-2.3228676,0.36398512,-0.20061389,-2.4470057,0.4577856,-0.8145487,-0.7723235,0.0032590718,0.019823296,0.29111272,0.16552323,0.01750908,0.31974092,0.08958399,0.09344771,5,,,,2.3463864,-4.0317144,-2.360772,0.2060651,-0.12395618,-2.388402,0.3816944,-0.705536,-0.69711506,0.00401215,0.020456739,0.2513813,0.18524078,0.019160595,0.30723938,0.10400025,0.10850878,5,,,,0.042745803,Test
2493,0,-4.2135687,-1.9761732,1.6378767,-1.4141091,-1.1795063,1.1838232,-2.8685946,-1.8907297,0.0015868101,0.014866659,0.5517919,0.02608043,0.032976262,0.35041475,0.0060903127,0.016192766,2,,,,1.5491556,-4.0733232,-2.2974553,1.6981118,-1.460945,-0.9932127,1.1552521,-3.241399,-2.111795,0.0021114056,0.012507659,0.5670577,0.026501259,0.03904005,0.333986,0.0046247216,0.014171098,2,,,,0.022166518,Test
2494,0,-3.5683012,0.57440764,7.0629444,-3.7492785,-0.61836433,1.2326604,-10.931602,-14.364661,2.403025e-05,0.001513261,0.99506074,2.0052134e-05,0.00045909185,0.0029227345,1.5237651e-08,4.919932e-10,2,,,,0.05166232,-4.2447977,0.10878865,8.037224,-3.7321954,-0.24655795,2.0237656,-12.130949,-15.606112,1.9531568e-05,0.0021862662,0.9858821,2.2633165e-05,0.0003753262,0.0115140695,1.8115575e-08,4.998247e-10,2,,,,0.0068130577,Test
2495,0,-3.0401776,0.24911752,5.2592406,-3.0183833,-0.7424166,0.57769376,-7.9935894,-9.857309,0.00024404543,0.006546263,0.9814368,0.00024942262,0.0024287095,0.009092691,1.7227854e-06,2.6719474e-07,2,,,,0.16273054,-2.9876525,0.25801444,5.1229277,-3.1229424,-0.70695007,0.7401263,-7.904664,-9.9428425,0.001140878,0.013016005,0.9626873,0.0007127415,0.0049482165,0.017487524,6.3084203e-06,9.385415e-07,2,,,,0.008214587,Test
2496,0,15.920085,-4.2415433,-5.556677,4.7100883,-8.334494,-11.53512,-3.1594424,-20.387257,0.9999864,1.753517e-09,4.7071214e-10,1.35379905e-05,2.92661e-11,1.1922038e-12,5.1744102e-09,1.7057508e-16,0,,,,0.00023867386,15.832731,-4.2635965,-5.7065554,4.9332123,-9.469273,-11.435519,-3.2087135,-20.54057,0.9998886,5.9009505e-08,3.0374032e-09,0.00011125832,6.447363e-11,3.7475405e-11,1.3172297e-08,1.9017465e-15,0,,,,7.089456e-05,Test
2497,0,-3.3281481,-0.64607346,2.5438323,-1.8116391,-2.0245812,1.4640572,-4.611289,-6.8628163,0.0020012858,0.029249573,0.7103591,0.009118442,0.007369552,0.24128903,0.00055468734,5.837439e-05,2,,,,1.1332048,-3.0573347,-0.7600211,2.4379973,-1.7388027,-1.9476074,1.3576835,-4.5693784,-6.7584047,0.0034895956,0.029987702,0.6903585,0.011917228,0.009181117,0.25407362,0.00089889066,9.331309e-05,2,,,,0.030700944,Test
2498,0,-0.9947463,1.7581679,3.7467878,-3.4042003,-1.6048363,0.2676511,-8.232683,-12.698646,0.007381927,0.11580979,0.846042,0.00066337216,0.004010617,0.026086874,5.3060785e-06,6.098615e-08,2,,,,0.79279125,-1.0246154,1.5374024,3.6649914,-3.4714608,-1.7744286,0.23879167,-8.182277,-12.881784,0.0093484055,0.1180556,0.82120436,0.0020484857,0.004901384,0.04438202,5.944576e-05,2.7064863e-07,2,,,,0.03149459,Test
2499,1,4.0453053,0.9691462,-0.019698747,-2.077929,-2.632913,-3.899626,-5.386518,-10.566766,0.9370461,0.043231677,0.01608245,0.0020534026,0.0011788202,0.00033214004,7.5088254e-05,4.2249263e-07,0,,,,0.41431996,4.2520666,0.9790398,-0.15386029,-1.9436684,-2.668467,-3.4053905,-5.713043,-10.943814,0.92376125,0.04889899,0.021004237,0.0032490548,0.0019685994,0.001034794,8.1408856e-05,1.6325515e-06,0,,,,0.018120078,Test
2500,0,-3.253404,0.9534809,6.9718227,-3.9343417,-0.8893504,1.0266289,-11.275542,-15.134095,3.6046404e-05,0.0024204082,0.9945379,1.8244604e-05,0.00038331622,0.002604093,1.1827469e-08,2.4954147e-10,2,,,,0.056419276,-3.047132,0.85110885,7.556478,-3.390808,-1.0172021,1.3180532,-11.240114,-15.3273945,0.000110406974,0.014162089,0.9821418,0.00014633985,0.0002812528,0.0031580229,1.06968706e-07,9.763952e-10,2,,,,0.010597069,Test
2501,0,6.8732896,-0.4339573,-1.9378533,-0.4925001,-3.555199,-7.3539014,-2.8847573,-10.039531,0.99846196,0.00066962955,0.00014883353,0.0006315528,2.9532242e-05,6.6151694e-07,5.77385e-05,4.5101064e-08,0,,,,0.019154973,6.149122,-0.03667682,-1.824845,-0.760527,-3.3339992,-6.8875465,-2.8337111,-9.133988,0.9940038,0.0036432985,0.00068567536,0.0013491884,0.00013293422,6.7543065e-06,0.00017751977,8.604987e-07,0,,,,0.0012956483,Test
2502,0,-0.6782449,2.2258768,3.1083846,-3.381704,-1.8603188,0.38014075,-8.100859,-12.305254,0.015012168,0.27396017,0.66214895,0.0010054167,0.0046033636,0.04326079,8.971044e-06,1.33936e-07,2,,,,1.2384222,-0.041554447,2.7223663,3.2849822,-3.0914626,-2.1325412,0.12194811,-7.760938,-12.177475,0.020958526,0.3778948,0.5645758,0.0009768148,0.0032891363,0.032292344,1.2401522e-05,1.7578259e-07,2,,,,0.07451942,Test
2503,0,-4.3589225,-3.3824115,3.3699474,-1.4634699,-0.2399803,-3.2411773,-2.6496234,4.0262547,0.00014822514,0.00039356403,0.33692065,0.002681644,0.009114985,0.00045326535,0.0008189573,0.6494687,7,,,,1.0376617,-4.2940173,-3.3556697,3.2249362,-1.3725035,-0.3952106,-3.323326,-2.6370456,4.087622,0.00019470887,0.000477994,0.30706975,0.0030483336,0.008241663,0.0004455535,0.0008668549,0.67965513,7,,,,0.029112808,Test
2504,0,1.6497793,3.4356275,2.1042552,-3.8448713,-2.2860658,-1.6145386,-8.608933,-13.813165,0.11625366,0.6934108,0.1831399,0.00047765055,0.00227034,0.0044435626,4.074779e-06,2.2383869e-08,1,,,,1.2357106,1.5584453,3.0009913,2.1716545,-3.9193788,-2.555861,-1.3152268,-9.140657,-13.910403,0.15380287,0.5479802,0.28660053,0.00060521293,0.0025288723,0.008477237,4.856387e-06,1.874022e-07,1,,,,0.055839073,Test
2505,1,3.1678896,1.160839,-1.0417994,-1.9317832,-1.8793486,-2.987692,-3.0711975,-6.8245454,0.85772103,0.11526437,0.0127380015,0.005231019,0.0055126227,0.001819747,0.0016739595,3.9236158e-05,0,,,,0.7429569,3.31251,1.0849468,-0.8776897,-2.0149708,-1.7314421,-3.1294055,-3.1624424,-6.800358,0.8537672,0.11244752,0.017478947,0.0052648257,0.0070624202,0.0023425745,0.001541546,9.505619e-05,0,,,,0.025922025,Test
2506,0,4.0532355,0.49724504,-1.1223414,-1.1720896,-2.3144681,-3.5264642,-2.8375661,-7.757987,0.9589236,0.02738022,0.0054207505,0.005157677,0.0016456047,0.0004897363,0.00097531965,7.1159916e-06,0,,,,0.3106257,4.482114,0.71411216,-1.3710954,-0.9921525,-2.4457014,-3.7852516,-2.840479,-8.334364,0.9635698,0.026268959,0.0032153185,0.0046240077,0.0011555663,0.00039526145,0.0007669513,4.0962477e-06,0,,,,0.0055984366,Test
2507,0,-2.0800576,0.060705073,2.082049,-2.550573,-0.92275333,0.6367379,-4.840097,-5.1258354,0.010780371,0.091697,0.6921713,0.006734285,0.034296084,0.16312592,0.0006822819,0.00051270693,2,,,,1.4089049,-2.1053758,0.048561774,2.1917517,-2.389113,-0.80148804,0.48893738,-4.525218,-4.8934555,0.011004964,0.09483796,0.70552415,0.007464215,0.038452033,0.14106777,0.00096493104,0.0006839202,2,,,,0.028599335,Test
2508,0,-2.0012956,-0.19845615,3.4494946,-2.3583062,-0.1859649,0.26393837,-5.7877536,-6.8397527,0.0038983936,0.023650976,0.9081005,0.0027279605,0.02394826,0.03755471,8.839911e-05,3.087241e-05,2,,,,0.6168971,-2.0012338,-0.07707815,3.4261997,-2.3581855,-0.18848331,0.52512276,-5.7785444,-6.9773545,0.0063001267,0.03514968,0.87434036,0.0034098304,0.025730383,0.054882415,0.00014728917,3.9942715e-05,2,,,,0.015009433,Test
2509,1,-3.4920726,-1.6684206,2.1475601,-1.671592,-1.0829664,-0.3162566,-2.421444,-1.4057997,0.0029345218,0.018177718,0.82565516,0.018120158,0.03264366,0.0702711,0.008560625,0.023637094,2,,,,1.0797031,-3.7181823,-1.7130525,2.3931231,-1.6667496,-0.94236374,-0.45137995,-2.6117852,-1.2535652,0.002289832,0.01556999,0.84931356,0.015638683,0.031045143,0.055463113,0.0061376,0.02454206,2,,,,0.014450325,Test
2510,0,-2.7503486,0.54825664,3.987741,-2.7573488,-0.62700456,1.4193091,-6.9630733,-9.173506,0.0010569891,0.028617822,0.8920427,0.001049616,0.008835418,0.06838012,1.5649752e-05,1.7160446e-06,2,,,,0.6397928,-2.844291,0.287006,4.319918,-2.7424576,-0.15692392,1.8630002,-7.2296457,-9.3581295,0.001141076,0.022462325,0.8759178,0.00087748206,0.010976623,0.08860995,1.3172474e-05,1.5944042e-06,2,,,,0.015691662,Test
2511,0,-2.9093637,-0.37539622,2.4184785,-1.9353615,-1.3337383,2.1148152,-4.459725,-6.7338037,0.002636032,0.033222996,0.54300416,0.0069815926,0.012741956,0.40079644,0.0005592904,5.7546284e-05,2,,,,1.3298643,-2.9593072,-0.61102223,2.4097283,-1.704032,-1.286627,2.0892649,-4.195101,-6.5080743,0.0031422272,0.03057226,0.5392551,0.011543838,0.014772487,0.39952666,0.0010958081,9.164482e-05,2,,,,0.033050418,Test
2512,0,-1.1009814,1.4996197,3.6505787,-3.2151175,-0.9269408,-0.196633,-7.437312,-10.3095665,0.007461594,0.10052137,0.8637897,0.0009008949,0.008880074,0.018432537,1.3212904e-05,7.474705e-07,2,,,,0.7444341,-1.0824897,1.5709816,3.7913902,-3.503566,-0.79560465,-0.25679374,-7.8790755,-10.738443,0.021469878,0.13138172,0.815708,0.0011033264,0.009672548,0.020602275,6.083079e-05,1.3802091e-06,2,,,,0.04888803,Test
2513,0,-1.1123346,0.6868111,4.957656,-2.8407066,-0.85325974,-0.747579,-8.414337,-11.960315,0.0022591965,0.013655671,0.9775015,0.00040117287,0.0029273115,0.0032536092,1.5231218e-06,4.3927464e-08,2,,,,0.19261791,-1.2395878,0.65529567,5.1445465,-3.4093025,-0.7529294,-0.678283,-9.192301,-11.617274,0.0020585575,0.01213567,0.9778062,0.00024327838,0.003137155,0.0046177367,1.3588619e-06,1.368875e-07,2,,,,0.0027721028,Test
2514,0,0.26073465,-0.47661164,1.7071545,-2.1085558,-0.75501895,-2.5388222,-4.5258155,-4.8963313,0.15982422,0.07645698,0.67891395,0.0149510885,0.05787705,0.009723231,0.0013331227,0.0009203588,2,,,,1.5013,0.33894882,-0.36313224,1.7805386,-1.8548787,-0.59787744,-2.423659,-4.266639,-4.642757,0.18094793,0.080849424,0.6385955,0.019152582,0.06402768,0.012734251,0.002187434,0.0015051428,2,,,,0.040987622,Test
2515,0,-2.9419944,-1.1883267,2.743216,-2.3053172,0.11539507,-0.85653913,-3.7491302,-1.4338648,0.002963575,0.017116856,0.8727128,0.005601716,0.06304102,0.023851598,0.0013221514,0.013390231,2,,,,0.8145597,-2.7261503,-1.2595742,2.6739082,-2.255647,0.06217631,-0.9098007,-3.6251843,-1.1024525,0.004530241,0.018233959,0.8557269,0.007489887,0.063750416,0.026178887,0.00199676,0.022092907,2,,,,0.010160651,Test
2516,0,-2.0211177,1.1293173,5.248581,-3.7372165,-0.33421922,-0.58482367,-9.526375,-11.404342,0.0006801556,0.015879061,0.9767834,0.00012226886,0.0036746762,0.002860111,3.7421097e-07,5.7217047e-08,2,,,,0.19065122,-1.568842,0.8135049,5.1481133,-3.176989,-0.29915324,-0.45186394,-9.15685,-10.97512,0.00867893,0.023585618,0.95650494,0.00050116616,0.0056289453,0.0050947084,4.615361e-06,1.0615789e-06,2,,,,0.016684517,Test
2517,0,-3.3741415,-1.5992624,1.8495667,-1.7577832,-0.97472394,1.1926069,-2.7644196,-2.3871336,0.0032328346,0.019072326,0.6000827,0.016276423,0.03561535,0.3110979,0.005948157,0.008674324,2,,,,1.4733224,-3.3583229,-1.6604917,1.8826075,-1.8668404,-0.97628796,1.118659,-2.831014,-2.4635587,0.003537909,0.018750343,0.61275065,0.015892722,0.03660446,0.2963861,0.006313653,0.009764156,2,,,,0.026714584,Test
2518,0,-0.83994174,1.8033991,2.513774,-3.0866106,-1.4227608,0.44046018,-6.6743712,-9.716407,0.02086195,0.293321,0.5968361,0.0022061695,0.011647686,0.07506308,6.1023136e-05,2.913098e-06,2,,,,1.4555036,-1.2148615,1.9234583,2.7912824,-3.3843772,-1.514165,0.5016999,-6.866832,-9.686583,0.016293356,0.28455022,0.6193766,0.0014716567,0.00934635,0.06888617,7.017686e-05,5.455955e-06,2,,,,0.032925785,Test
2519,0,-0.29815057,1.4730927,1.9965687,-2.5528655,-1.5788834,-0.94343525,-5.744103,-8.790742,0.056460254,0.33188224,0.5601789,0.005922875,0.015686557,0.02961415,0.00024355428,1.1573302e-05,2,,,,1.5218991,-0.47973925,1.107079,2.3296733,-2.747844,-1.147594,-1.0001506,-6.01468,-8.962807,0.05464993,0.22884068,0.6613202,0.004907582,0.02303825,0.026868213,0.0003540768,2.105855e-05,2,,,,0.0452852,Test
2520,0,3.1659434,1.4924887,-0.8329465,-1.8141626,-2.6440055,-2.2376742,-3.8549714,-8.893453,0.81886417,0.15361717,0.015014678,0.0056283274,0.0024546136,0.0036851098,0.00073125225,4.7411404e-06,0,,,,0.8430325,3.148099,1.7106956,-0.6873131,-2.0341585,-2.5524724,-2.2540758,-4.0991025,-9.043692,0.7699937,0.19694993,0.020547826,0.004537344,0.003031085,0.004112436,0.00082107895,6.6121524e-06,0,,,,0.025467822,Test
2521,0,-4.752761,-1.4408535,6.9159145,-2.5701368,0.52350956,1.3368074,-8.626389,-9.740698,8.508639e-06,0.00023345511,0.99426347,7.546779e-05,0.0016646206,0.0037542742,1.768337e-07,5.8026536e-08,2,,,,0.057865486,-5.1267986,-1.4398662,7.0376306,-2.580607,0.7074722,1.605102,-8.458136,-9.949726,8.128127e-06,0.00028032516,0.98949957,9.520007e-05,0.0030054082,0.0071109934,3.055855e-07,1.6598361e-07,2,,,,0.0023596236,Test
2522,0,-0.074533015,3.1219087,2.9753354,-3.5791097,-1.6525136,-0.4832697,-8.203405,-13.027118,0.021070734,0.5150823,0.44485724,0.0006333756,0.00434882,0.014001274,6.2137738e-06,4.9939405e-08,1,,,,1.2573661,-0.3842501,3.348535,3.483167,-3.852285,-1.1936022,-0.24100836,-8.912264,-13.79377,0.0116462875,0.45441547,0.506848,0.00046432897,0.005340603,0.02128214,3.1038248e-06,4.1506063e-08,2,,,,0.06647672,Test
2523,0,-3.9343863,-1.201775,5.902815,-2.6245313,0.6332986,-0.08010441,-7.3814263,-6.919037,5.2963485e-05,0.0008142064,0.9913311,0.00019626351,0.0051014875,0.0024995967,1.6863445e-06,2.6776836e-06,2,,,,0.08451294,-4.1384516,-1.3510382,5.7529387,-2.8365161,0.56992996,0.2566288,-7.3647547,-6.6397715,9.8393706e-05,0.001111603,0.98622304,0.00030285804,0.005833834,0.0064110993,1.0475831e-05,8.729056e-06,2,,,,0.002074313,Test
2524,0,-3.9957495,-0.17809477,6.816023,-3.2019303,0.30346823,0.75423056,-9.419189,-11.4373665,2.006451e-05,0.0009128825,0.9952258,4.437925e-05,0.0014775939,0.0023190957,8.8523485e-08,1.1764551e-08,2,,,,0.051236387,-4.1092715,-0.4805339,6.929698,-3.2163796,0.1666667,1.0964756,-9.846745,-11.162003,2.8608498e-05,0.0010656173,0.9932011,4.812045e-05,0.0013726002,0.00428369,1.3200604e-07,2.042689e-07,2,,,,0.0011237548,Test
2525,0,11.082771,-2.6714797,-4.1276155,2.6952343,-5.7261734,-8.078848,-2.2879682,-14.085237,0.9997695,1.0629292e-06,2.4780672e-07,0.00022763491,5.0103488e-08,4.7655653e-09,1.5597742e-06,1.1737439e-11,0,,,,0.0031452356,10.347166,-2.4849973,-3.922128,2.2826352,-5.0708656,-7.3265634,-2.167897,-13.108873,0.9995638,1.782538e-05,1.7093796e-06,0.00040952815,5.535787e-07,1.5243869e-07,6.4005812e-06,2.4751617e-10,0,,,,8.67325e-05,Test
2526,0,-4.345754,-0.39984298,6.946286,-3.1608875,0.026390867,1.4639271,-9.624874,-11.914026,1.2399322e-05,0.00064133515,0.9941881,4.0548864e-05,0.0009821916,0.004135331,6.319831e-08,6.4052856e-09,2,,,,0.05851457,-4.805976,0.034495294,7.2259073,-3.2077377,0.5061482,1.2779288,-9.375493,-11.493744,1.2506242e-05,0.0015408263,0.99323386,6.1141836e-05,0.0014182462,0.0037332405,1.6290934e-07,2.6385006e-08,2,,,,0.0015383372,Test
2527,0,-0.027798584,0.921517,1.1531388,-2.4660988,-0.8700926,-0.76252145,-3.7863827,-5.4398317,0.12711625,0.32846084,0.41407177,0.01109841,0.05475168,0.060969833,0.0029639357,0.00056726363,2,,,,2.011163,-0.036640305,0.96873415,1.1534665,-2.3801246,-0.8650794,-0.7261116,-3.6161656,-5.533953,0.12677969,0.33863083,0.39935717,0.011863928,0.05369333,0.06515125,0.003931765,0.0005920164,2,,,,0.04786952,Test
2528,0,-2.852285,0.63387626,4.683488,-3.340676,-0.38719347,0.6682537,-8.14716,-9.567466,0.0005118391,0.016716834,0.9591311,0.00031407093,0.0060215592,0.017301511,2.568021e-06,6.2053664e-07,2,,,,0.31140044,-2.760739,0.58368415,4.6203284,-2.9728925,-0.4120366,0.53988254,-8.041825,-9.777004,0.0015120294,0.02786002,0.94255143,0.00068643526,0.0070265583,0.020356823,5.3761532e-06,1.2768712e-06,2,,,,0.011665419,Test
2529,0,15.286475,-3.898321,-4.944727,3.856592,-7.676954,-11.505815,-3.7622204,-19.672136,0.99998915,4.6574105e-09,1.6356722e-09,1.0865761e-05,1.0644004e-10,2.3134051e-12,5.3364486e-09,6.5714865e-16,0,,,,0.00019515204,16.469952,-4.4459443,-5.476353,4.282714,-9.000496,-12.703851,-3.7775097,-20.67902,0.9999911,3.7720382e-09,2.903381e-09,8.869335e-06,9.1354695e-11,6.7714904e-13,1.2210066e-08,1.4387163e-15,0,,,,1.5431613e-06,Test
2530,0,-4.2883763,-2.103577,0.0030661076,-0.27657074,-2.7893677,2.7292538,-1.1912715,-3.206117,0.0007788721,0.0069232914,0.05691358,0.043029983,0.003487204,0.86932904,0.01723938,0.0022987172,5,,,,0.8135819,-4.0731826,-2.0330603,0.14517798,0.043660313,-2.573504,2.6107829,-1.1198202,-3.1629894,0.001193849,0.008531238,0.08123259,0.06698029,0.005093751,0.81084573,0.022801002,0.0033215717,5,,,,0.021982381,Test
2531,1,4.1658354,0.35022756,0.7648451,-2.3582501,-2.5484984,-3.417888,-7.6898394,-14.398312,0.94467825,0.020805899,0.0314958,0.0013864671,0.0011462674,0.0004805237,6.705479e-06,8.184212e-09,0,,,,0.38069922,4.1855083,0.21212366,1.1637949,-2.6498003,-2.3723104,-3.5239303,-8.168241,-14.27773,0.88595235,0.020759385,0.08886799,0.0011220912,0.0021741907,0.0011166169,7.393737e-06,1.5119705e-08,0,,,,0.027777884,Test
2532,0,6.142787,1.174386,-1.963119,-1.4910654,-3.3009577,-6.2413974,-3.7097812,-10.533593,0.9921858,0.006899917,0.0002993939,0.000480013,7.856458e-05,4.15155e-06,5.220081e-05,5.6771857e-08,0,,,,0.07145134,6.4588394,1.3135659,-2.0588226,-1.5360112,-3.342609,-6.4719,-3.9723296,-10.641118,0.9849356,0.013538031,0.0007213689,0.0005622874,0.00015382748,1.7785822e-05,7.089929e-05,1.2592413e-07,0,,,,0.0061670416,Test
2533,0,7.6098027,-0.6880415,-2.9333787,0.7181034,-4.1720147,-5.6535397,-2.1327944,-11.104812,0.99864215,0.00024871505,2.6336884e-05,0.0010148056,7.631881e-06,1.7346573e-06,5.8648042e-05,7.4431354e-09,0,,,,0.016415609,7.7637115,-0.42559686,-2.6502273,0.39872345,-3.9836693,-5.600848,-2.95715,-11.349329,0.9987175,0.00031958098,4.707289e-05,0.00086355413,1.570936e-05,5.00655e-06,3.1634467e-05,1.734881e-08,0,,,,0.00026184216,Test
2534,0,7.799385,0.78023064,-2.878238,-0.21649536,-4.155582,-6.514556,-2.5631096,-12.031599,0.9987153,0.0008934322,2.30255e-05,0.00032975318,6.418969e-06,6.0670294e-07,3.155495e-05,2.4375568e-09,0,,,,0.015665332,7.5568132,0.7439756,-2.9035249,0.10177382,-4.14374,-6.2937975,-2.3759267,-11.391639,0.9974257,0.0014017225,5.663163e-05,0.0010227463,1.5559668e-05,3.8801627e-06,7.3800664e-05,2.269786e-08,0,,,,0.00043335045,Test
2535,0,6.774862,1.8033144,-1.9888287,-1.9269298,-3.4700992,-6.1315427,-4.6600013,-12.858562,0.99274915,0.006882149,0.00015517326,0.00016508186,3.527846e-05,2.4641054e-06,1.0733505e-05,2.952239e-09,0,,,,0.06463939,7.012086,2.0492349,-2.2411344,-1.9866167,-3.7903142,-6.2185116,-5.1250696,-12.745747,0.9848099,0.014582366,0.00029348017,0.00022546071,6.930309e-05,6.066644e-06,1.3465816e-05,2.73016e-08,0,,,,0.0041897157,Test
2536,0,8.929514,0.69469863,-3.2029755,-0.48015818,-4.4782467,-7.9090776,-3.1668193,-13.217472,0.99964035,0.0002651605,5.3798562e-06,8.189837e-05,1.5028904e-06,4.863355e-08,5.577928e-06,2.4072988e-10,0,,,,0.0050026355,9.110857,1.1799734,-3.488624,-0.3461898,-4.5900087,-7.841586,-2.9844272,-13.841101,0.99929297,0.00051936187,5.649921e-06,0.00015523794,2.2216584e-06,9.1152415e-08,2.445366e-05,4.5696869e-10,0,,,,0.0001589509,Test
2537,0,-0.4126116,0.77855736,0.8783976,-2.3841271,-1.3199947,-0.14402086,-4.0036645,-5.1351256,0.101887085,0.33530283,0.37050775,0.014187336,0.04111948,0.13328049,0.0028089546,0.000906061,2,,,,2.0919201,-0.44853765,0.63380945,0.8316286,-2.2268894,-1.3296881,0.05281148,-3.811903,-4.9473205,0.11203472,0.29692063,0.3558924,0.017488735,0.04164764,0.17076544,0.0038411524,0.0014092657,2,,,,0.040575005,Test
2538,1,-1.3004191,1.5707873,3.4147823,-3.1402369,-0.6235339,-0.20538831,-7.1614,-9.483472,0.0073850565,0.1304076,0.82440335,0.001173089,0.014531863,0.022075962,2.1035949e-05,2.062999e-06,2,,,,0.8871566,-1.4838394,1.7888407,3.3923218,-3.0286746,-0.8430626,0.13205205,-7.1552324,-10.348588,0.011815903,0.17309949,0.763089,0.0017955254,0.013956693,0.03620062,4.0923966e-05,1.8031085e-06,2,,,,0.029512744,Test
2539,0,-2.950917,-0.78283936,1.7423816,-1.9079057,-1.2780242,1.3582815,-3.3791704,-3.783259,0.004936149,0.043149155,0.53909063,0.014007552,0.026297607,0.36715484,0.003216622,0.0021473686,2,,,,1.5147207,-3.043483,-0.8203651,1.8396308,-1.9652288,-1.1776216,1.4299424,-3.689143,-3.915797,0.005495117,0.045600258,0.5407726,0.013009163,0.027256075,0.36253724,0.003352904,0.0019766088,2,,,,0.03235732,Test
2540,0,3.3979678,2.7532241,-0.6403752,-2.7503076,-2.856567,-2.6267052,-4.722219,-10.566371,0.6454947,0.3387537,0.011377913,0.0013795283,0.00124046,0.0015610271,0.0001920173,5.562341e-07,0,,,,1.052168,3.8691869,3.0100303,-0.94476384,-2.7822902,-2.966143,-2.701888,-4.692981,-10.906801,0.6844853,0.3023302,0.0085424585,0.0014442226,0.0012304806,0.0017203748,0.000246235,7.927724e-07,0,,,,0.02539009,Test
2541,0,0.15587614,2.942818,1.9203756,-3.760967,-1.7670324,-0.5782784,-7.3914247,-10.310615,0.04216473,0.6843886,0.24618505,0.0008392395,0.00616369,0.02023532,2.2243245e-05,1.2006329e-06,1,,,,1.2329309,-0.32980925,2.7108994,2.3195167,-3.645478,-1.6223724,-0.4117445,-7.42854,-10.257703,0.02774461,0.5362898,0.39873788,0.0011285722,0.008017966,0.028056245,2.317403e-05,1.7660232e-06,1,,,,0.054408994,Test
2542,0,-4.659011,-2.3109148,5.685415,-2.1840968,0.9359009,-0.107900694,-6.2011766,-4.1486974,3.1773972e-05,0.00033253446,0.98763925,0.00037749644,0.008548911,0.0030101866,6.797003e-06,5.292949e-05,2,,,,0.11114458,-4.8239098,-2.2275038,5.7342477,-2.3317156,0.83614856,0.12732768,-6.527037,-4.198873,7.116558e-05,0.0006833302,0.9844114,0.00073800556,0.009294565,0.0046410835,2.9654111e-05,0.00013083218,2,,,,0.003097202,Test
2543,1,-0.4709374,2.61679,3.6205153,-3.8698716,-1.0033431,-0.6361136,-8.846066,-12.6089525,0.011873313,0.26034835,0.7103415,0.00039667377,0.0069718976,0.010065531,2.7371568e-06,6.354759e-08,2,,,,1.0531609,-0.47470945,2.4111748,3.8044827,-4.0786223,-1.0289458,-0.91061944,-8.958512,-12.609289,0.02579688,0.25407827,0.70058644,0.00040968033,0.006762693,0.01235818,7.5940334e-06,3.0839365e-07,2,,,,0.049118076,Test
2544,0,-3.5971193,-1.8080958,1.4481629,-1.663448,-1.2439667,1.3883528,-2.7103999,-1.5602381,0.0029755551,0.017804552,0.4620684,0.020575522,0.031298913,0.43524227,0.0072221323,0.022812579,2,,,,1.6129472,-3.634417,-1.7287934,1.493275,-1.7869866,-1.3408363,1.4120317,-2.8113341,-1.6712271,0.0035021666,0.01917719,0.46236056,0.018051641,0.028026778,0.43681175,0.0069338223,0.025136044,2,,,,0.034835614,Test
2545,0,-2.884222,0.044656128,3.5810688,-2.889353,-1.2770319,2.3446631,-6.9578032,-9.114221,0.0011699392,0.021885626,0.75162894,0.0011639518,0.005836562,0.21829277,1.9908091e-05,2.304142e-06,2,,,,0.97597796,-2.4830508,0.034845702,3.295346,-2.863574,-1.4805633,1.7653106,-6.646163,-8.773414,0.0031617421,0.04579288,0.7414339,0.0017109119,0.006784669,0.20105174,5.39237e-05,1.0238558e-05,2,,,,0.053283438,Test
2546,0,7.400902,-1.3121941,-2.2933042,0.7782829,-3.8272324,-6.8319383,-2.4517403,-10.1485615,0.99838006,0.00016415214,6.153973e-05,0.0013277893,1.32733085e-05,6.577369e-07,5.252279e-05,2.3859473e-08,0,,,,0.018925052,7.3742156,-1.4868205,-2.6747572,0.4755879,-3.4920769,-6.553679,-2.7106526,-10.709955,0.9972905,0.00023652722,0.00016546724,0.0021399646,6.815293e-05,4.976258e-06,9.431292e-05,8.690987e-08,0,,,,0.00077741424,Test
2547,0,2.0874646,3.4155648,1.7138796,-3.5646236,-2.4936376,-2.1349096,-7.949351,-13.876647,0.18212976,0.68733346,0.12535308,0.00063930807,0.0018656638,0.0026707128,7.969797e-06,2.1244936e-08,1,,,,1.2414902,2.1126037,3.4231155,1.8398575,-3.2858453,-2.2511392,-2.1851249,-7.911691,-12.94713,0.19763206,0.62410444,0.17128548,0.0008165991,0.0027227658,0.0034305626,7.923247e-06,1.7935272e-07,1,,,,0.056671575,Test
2548,0,0.55495745,-0.59185463,4.7283573,-3.7638028,-1.6431271,-0.20058204,-12.206982,-17.517744,0.014959402,0.0047518215,0.9714016,0.0001992052,0.0016607273,0.007027286,4.29017e-08,2.1185549e-10,2,,,,0.23608029,0.46512556,-0.7252821,4.718286,-3.8200707,-1.3463116,-0.24197504,-12.4336605,-16.890167,0.07804841,0.011118738,0.89373475,0.0005173512,0.0069568395,0.009623587,4.3201288e-07,2.7299534e-09,2,,,,0.05147626,Test
2549,0,-3.0692952,-1.5718354,1.3529365,-1.6921395,-1.0838451,2.1920102,-3.2620752,-3.1338992,0.003395664,0.015179703,0.28279746,0.013459096,0.024728326,0.6544562,0.0028002795,0.0031832256,5,,,,1.3009478,-2.809718,-1.4836824,1.3081253,-1.507067,-0.89037526,2.1097388,-3.2657611,-2.8556108,0.0049720546,0.022256758,0.28578523,0.018440371,0.03330428,0.6263595,0.003440791,0.005441025,5,,,,0.025066594,Test
2550,0,-2.6325068,0.21796688,1.3494012,-2.134202,-1.7851356,2.4341416,-3.885896,-5.985926,0.004257912,0.07364473,0.22830603,0.00700822,0.009935855,0.6754826,0.0012157845,0.00014887616,5,,,,1.3094465,-2.3903813,0.39503002,1.1109526,-1.9282293,-1.8725262,2.1654782,-3.4529147,-5.838475,0.007217601,0.11402495,0.22794466,0.011205147,0.012100378,0.624819,0.0023939642,0.00029431653,5,,,,0.03720173,Test
2551,0,-4.0919003,-1.5321695,0.6737066,-0.75719464,-2.4875777,2.1165838,-1.6013253,-4.0450377,0.0014827052,0.019174846,0.17407309,0.04161972,0.007375703,0.73682654,0.017893607,0.0015538426,5,,,,1.2485145,-4.2582793,-1.58652,0.695233,-0.5969822,-2.4855447,2.148973,-1.5998876,-3.926951,0.0012625617,0.018221969,0.18467006,0.051274665,0.0073017874,0.7171418,0.018098783,0.0020283607,5,,,,0.028717585,Test
2552,0,-2.8947477,-0.829628,2.505816,-2.1965466,-0.8208156,0.49799043,-3.8822641,-3.3506021,0.0036881673,0.02908578,0.8170443,0.0074137086,0.029343229,0.10971299,0.0013738448,0.0023379517,2,,,,1.001552,-2.815406,-0.89905816,2.4811711,-2.2686949,-0.7000233,0.4142383,-4.069816,-2.925405,0.005362212,0.033399142,0.8069622,0.0080355955,0.035381787,0.10461819,0.0017513542,0.0044895806,2,,,,0.016763998,Test
2553,1,-0.271991,1.4484892,2.5615647,-3.3869088,-0.82181466,-1.0493778,-6.8497834,-8.929895,0.040525805,0.22642623,0.6891746,0.0017986227,0.023385478,0.018625885,5.6367997e-05,7.041281e-06,2,,,,1.2938257,-0.3015105,1.1755002,2.6512427,-3.1122077,-0.66984737,-0.75973374,-6.565097,-9.433715,0.050674994,0.17949894,0.70705706,0.0029105518,0.027052516,0.032712143,8.83198e-05,5.450898e-06,2,,,,0.044514365,Test
2554,0,-3.6930885,-0.09481192,5.7903304,-2.9757152,-0.477822,1.7681941,-8.831725,-11.543231,7.440509e-05,0.0027184074,0.9776859,0.00015245937,0.0018534268,0.017514905,4.3643698e-07,2.8995427e-08,2,,,,0.1769882,-4.066359,-0.48065096,6.0588026,-3.0335088,-0.79734594,1.7272991,-9.301373,-12.097653,0.00013988266,0.004153271,0.9768402,0.00021059641,0.002130404,0.016523575,1.8898106e-06,2.8057556e-07,2,,,,0.004754042,Test
2555,1,-2.4745615,-0.8548827,2.0788128,-2.5053775,-0.6855547,1.0054811,-4.490142,-4.3992796,0.0071074646,0.035903122,0.67486984,0.0068917805,0.042527556,0.23071615,0.00094702037,0.0010370993,2,,,,1.3570806,-2.8593285,-0.9735816,2.1362588,-2.669213,-0.723688,1.0558636,-4.6341734,-4.388171,0.005112669,0.031864055,0.66971886,0.0069828755,0.04000886,0.24414364,0.0009858598,0.0011832394,2,,,,0.032575034,Test
2556,0,0.57257605,1.636413,1.3668126,-2.794236,-1.1816226,-0.8916805,-5.225881,-8.326099,0.15262091,0.44221407,0.33771208,0.0052653374,0.026410416,0.03529357,0.00046278158,2.08434e-05,1,,,,1.817414,0.652576,1.4424286,1.5893619,-2.8126378,-1.1151828,-0.79231226,-5.13765,-8.531779,0.1593003,0.35206717,0.41566324,0.0050423057,0.027123218,0.04028655,0.00049501087,2.2135046e-05,2,,,,0.05532052,Test
2557,0,-3.4789877,-0.19033268,5.522421,-3.061103,0.40529624,0.20087692,-7.872031,-8.533977,0.00012147534,0.0032563626,0.98571235,0.00018449016,0.005907602,0.004815406,1.5018051e-06,7.7470145e-07,2,,,,0.13208856,-3.4244218,-0.013420472,5.565945,-3.0606036,0.30161604,0.047771536,-7.811198,-8.489962,0.0002705175,0.0045759007,0.9823391,0.00026189108,0.006831441,0.005717293,2.7368455e-06,1.0497562e-06,2,,,,0.0028019038,Test
2558,0,-1.4626005,-2.1739886,1.8730532,-1.757634,-0.10714191,-2.893621,-2.7613149,0.7307882,0.022889452,0.011237857,0.64311916,0.01704135,0.08877766,0.005472065,0.00624613,0.2052164,2,,,,1.5730677,-1.3175964,-2.0297499,1.688544,-1.775444,-0.33115685,-2.9940345,-2.7642102,0.5257168,0.03970098,0.018345434,0.62226194,0.020773923,0.084445946,0.0062918626,0.009126088,0.19905387,2,,,,0.023844847,Test
2559,0,8.07806,-1.3557113,-2.3107824,0.2994036,-4.622552,-5.332432,-5.167642,-15.424587,0.9994646,7.993421e-05,3.0757456e-05,0.00041835004,3.0476258e-06,1.4985277e-06,1.7669806e-06,6.204365e-11,0,,,,0.0071349037,8.890974,-1.5405285,-2.449208,0.45728645,-4.826762,-5.95307,-5.0461416,-16.06453,0.9995365,0.00014016982,2.1455184e-05,0.00029548613,4.223982e-06,6.9005193e-07,1.4205441e-06,1.4898952e-10,0,,,,0.00012221142,Test
2560,0,-3.7467403,-0.7276252,4.910888,-2.717423,-0.35825878,2.0529308,-7.483013,-8.843254,0.00016291978,0.0033354852,0.93742025,0.00045603784,0.0048258393,0.053794667,3.884464e-06,9.967495e-07,2,,,,0.38599718,-3.9073453,-0.71867335,5.1009316,-3.020747,-0.43590203,2.3899531,-7.858592,-9.736741,0.00052079593,0.0053616953,0.9238645,0.0005397751,0.0044190423,0.06528553,8.214227e-06,5.081362e-07,2,,,,0.007811182,Test
2561,0,0.05912202,1.6251297,0.9563108,-2.6700494,-1.6665539,-0.061499972,-4.649411,-7.322052,0.10661514,0.51041967,0.2614948,0.006959126,0.018983109,0.094500355,0.0009614549,6.6407294e-05,1,,,,1.836213,0.2095377,1.9009174,1.1229948,-2.6656725,-1.4323863,0.107757434,-4.937675,-7.7998,0.095246084,0.5212833,0.26114205,0.005856338,0.020270467,0.095565915,0.0005886644,4.717308e-05,1,,,,0.056976464,Test
2562,0,-2.0071766,1.1727784,3.6693876,-2.885606,-0.5520731,0.8192093,-7.2742906,-10.49738,0.0029535086,0.0710191,0.862261,0.0012269905,0.012655567,0.04986801,1.5235609e-05,6.068614e-07,2,,,,0.7877777,-2.5109644,0.74674696,3.8934052,-2.928719,-0.14570391,1.369258,-7.751602,-10.027976,0.0021790676,0.049558625,0.84870815,0.0016135983,0.018644843,0.07926563,2.3697034e-05,6.344623e-06,2,,,,0.02307421,Test
2563,0,-3.8483548,-0.63090235,6.102311,-2.5818677,-0.011088958,0.87197685,-7.9264317,-9.627715,4.7271653e-05,0.001180111,0.99110645,0.0001677371,0.0021933322,0.0053041405,8.007828e-07,1.4610218e-07,2,,,,0.08651985,-3.2622426,-0.9259267,5.6879005,-2.5739014,-0.04614508,0.4634499,-7.4111304,-9.21847,0.00024001705,0.0018210536,0.9847453,0.0004162448,0.0043928856,0.008379993,3.9917927e-06,4.681233e-07,2,,,,0.003112548,Test
2564,0,-4.199665,-1.1176721,4.1708508,-2.086196,-0.4757436,2.1719978,-5.77836,-6.956669,0.00020097806,0.0043816855,0.86779565,0.0016634763,0.008325822,0.117578164,4.145052e-05,1.2758426e-05,2,,,,0.65112424,-4.095763,-1.3318613,4.1301613,-2.0541682,-0.44020343,2.262539,-5.908532,-7.29251,0.00088520395,0.0066755963,0.82535636,0.0041640494,0.009632774,0.15307152,0.00018388429,3.0540024e-05,2,,,,0.024335587,Test
2565,1,7.004169,1.8160063,-2.631224,-1.8326412,-3.7307084,-5.7989445,-3.6723263,-12.504917,0.9941934,0.005549839,6.4993925e-05,0.00014444183,2.1645756e-05,2.7362082e-06,2.2947097e-05,3.347975e-09,0,,,,0.053426057,7.0512514,1.7631468,-2.7940776,-2.1260738,-3.75314,-6.4039497,-3.551371,-13.083575,0.99272186,0.006945445,0.000105342726,0.00013265376,3.9292845e-05,3.5354806e-06,5.182912e-05,1.48607695e-08,0,,,,0.0018785732,Test
2566,0,-2.2756627,-0.26995763,1.82157,-2.042076,-1.0886167,1.1478943,-3.6763618,-4.6370983,0.009600205,0.07134231,0.5776784,0.012126235,0.031463575,0.2945184,0.0023657267,0.00090515334,2,,,,1.5768161,-2.5215478,-0.26783368,1.8802578,-2.1565518,-1.1998734,1.1879107,-3.8133252,-4.853547,0.008633738,0.07284398,0.57931226,0.01096843,0.028590173,0.29662615,0.0021783274,0.0008469437,2,,,,0.020956375,Test
2567,0,-1.9124696,0.41824037,4.769935,-2.9312477,-0.46061656,-0.19713569,-7.964026,-10.214866,0.0012199366,0.012547343,0.9737976,0.00044044072,0.005210375,0.0067810565,2.8719685e-06,3.024493e-07,2,,,,0.22170499,-1.8056343,0.32141018,4.453965,-2.6883357,-0.5872688,-0.12369846,-7.717115,-10.324191,0.0035200573,0.023592152,0.95293415,0.0012130776,0.007162244,0.0115649905,1.2393759e-05,9.2361716e-07,2,,,,0.009494059,Test
2568,0,-1.2051913,0.29360116,1.11788,-2.4577515,-1.1598467,0.6398977,-3.9745982,-5.075842,0.04268466,0.1910685,0.43568122,0.012198088,0.044664733,0.27013683,0.0026762928,0.00088975346,2,,,,1.9925177,-1.3389058,0.16135806,1.3542182,-2.461051,-0.9043814,0.5675559,-4.0906897,-5.0503635,0.038993437,0.15429936,0.49878526,0.012405963,0.052004255,0.23980312,0.0027036562,0.0010049938,2,,,,0.035751697,Test
2569,0,5.857616,-1.103893,-1.8091388,-0.01870321,-3.1874578,-5.492664,-2.2677069,-8.530646,0.99537426,0.00094328204,0.00046596912,0.0027921163,0.00011742509,1.171177e-05,0.00029458033,5.613629e-07,0,,,,0.050176363,6.219284,-1.0139148,-2.196837,-0.041438263,-3.439333,-5.869671,-2.2128778,-8.817728,0.9952814,0.0011427463,0.0005259765,0.0025562106,0.00013194862,1.1856852e-05,0.0003492428,6.728536e-07,0,,,,0.0011432254,Test
2570,0,-2.4699743,-0.5516175,3.526556,-2.5167334,-0.8990716,-0.38345018,-5.534116,-4.8326516,0.0023595798,0.016068174,0.9486255,0.0022517887,0.011351915,0.01901081,0.000110178036,0.00022219653,2,,,,0.39451218,-2.4500923,-0.62154233,3.671801,-2.364283,-0.8007619,-0.1851944,-5.4635906,-4.893991,0.0023875125,0.015734138,0.9437154,0.0026267613,0.012429395,0.022716243,0.00014350239,0.000247045,2,,,,0.0068301363,Test
2571,0,12.017576,-1.9941956,-4.3389316,1.8351904,-5.8847737,-9.607672,-2.776569,-15.618044,0.9999609,8.217651e-07,7.8784666e-08,3.7829377e-05,1.6791574e-08,4.057487e-10,3.7580904e-07,9.953726e-13,0,,,,0.0006390662,12.358052,-2.3017974,-3.861219,1.9526308,-6.1711836,-9.662567,-2.9629028,-15.726314,0.99995613,1.294022e-06,1.6981842e-07,4.1279687e-05,2.9152133e-08,1.2054197e-09,1.148021e-06,1.2440387e-11,0,,,,8.741707e-06,Test
2572,0,-1.3853065,1.1219051,2.3897152,-2.9485128,-1.2675959,0.8722622,-6.259788,-8.321405,0.014755374,0.18105824,0.6433114,0.0030907094,0.016598593,0.14105867,0.000112717025,1.4343022e-05,2,,,,1.4697591,-1.3482645,0.95255166,2.2224822,-2.8220296,-1.3063223,0.6280013,-6.38737,-9.038529,0.018852117,0.1985285,0.616721,0.004504352,0.02052306,0.14071253,0.00014783136,1.0635482e-05,2,,,,0.04157468,Test
2573,0,-4.2213817,-1.6259935,3.80755,-2.4711769,-0.20556493,1.9529098,-5.652958,-5.1382565,0.0002758644,0.0036970775,0.84647936,0.0015878156,0.015301807,0.13248184,6.5912805e-05,0.00011028132,2,,,,0.73240757,-3.8050182,-1.3999227,3.5227723,-2.4142053,-0.10372492,1.9457401,-5.4539604,-4.6022177,0.0006701283,0.007709528,0.78405434,0.0027243176,0.0225549,0.18169829,0.00017600936,0.000412525,2,,,,0.03108941,Test
2574,0,-0.227682,2.6242933,2.8523054,-3.4732387,-1.9451452,0.18400963,-8.16033,-12.609037,0.023918698,0.41431886,0.52042615,0.00093155843,0.004293909,0.036102142,8.582867e-06,1.0036522e-07,2,,,,1.3621435,-0.555225,2.2886977,2.5889602,-3.4995322,-1.8873885,0.20324063,-8.016527,-11.811385,0.03297121,0.4145198,0.49057508,0.0015629682,0.0070692105,0.053248018,5.337103e-05,3.9768256e-07,2,,,,0.06819458,Test
2575,0,-3.6341462,-1.7611341,0.412019,-1.5610939,-2.0307686,4.2101693,-2.853959,-4.9721756,0.000380049,0.002473309,0.021730354,0.0030210284,0.0018887632,0.9695775,0.0008292215,9.971052e-05,5,,,,0.24118425,-3.6650772,-1.8108253,0.5035829,-1.5625582,-2.087123,4.145499,-2.709104,-4.646281,0.00051738415,0.003310994,0.026524672,0.0040080706,0.0023975496,0.9617942,0.001226961,0.00022017138,5,,,,0.003911626,Test
2576,1,0.24410807,0.48907855,0.72753465,-2.3124778,-0.8546075,-1.9022328,-3.3462057,-3.5817466,0.22339511,0.28540593,0.3622623,0.017328564,0.07445735,0.026117384,0.006163397,0.0048699672,2,,,,2.1304226,0.2587301,0.35613817,0.59748787,-2.2215014,-0.9861144,-1.8518833,-3.1678076,-3.8341203,0.24854617,0.26805806,0.3449806,0.021829778,0.072359785,0.030234817,0.009275136,0.004715708,2,,,,0.041041274,Test
2577,0,-2.6548038,0.56115437,4.8017797,-2.7347767,-0.9788383,1.0559092,-7.499222,-10.742304,0.00055422896,0.0138153555,0.95949405,0.0005116318,0.0029617725,0.022658512,4.363e-06,1.7034624e-07,2,,,,0.30293226,-2.4804342,0.77915275,4.82876,-2.5956228,-1.0148602,1.0724524,-7.361388,-10.648778,0.0008035499,0.025164623,0.9415735,0.0006876184,0.0036855545,0.028071065,1.3866677e-05,3.2199347e-07,2,,,,0.010827166,Test
2578,0,-3.7015429,-1.7195989,0.95820385,-1.2558385,-1.5672743,1.571022,-2.3155935,-2.1614807,0.0029635383,0.021505916,0.3129773,0.034195308,0.025044456,0.57763886,0.011850065,0.013824553,5,,,,1.5868447,-3.992478,-1.8065819,1.0292876,-1.437772,-1.540306,1.715073,-2.5639827,-2.1921947,0.0023611546,0.019465666,0.31107536,0.026488537,0.023306634,0.59447306,0.009294411,0.013535129,5,,,,0.03451974,Test
2579,0,4.319833,2.2755034,-1.6609885,-2.202558,-3.1137838,-3.1650395,-4.175465,-10.00044,0.88119584,0.11408576,0.002226562,0.0012954901,0.0005208273,0.0004948046,0.00018014044,5.3193327e-07,0,,,,0.56349313,4.4040523,2.173274,-1.4902723,-2.1973073,-3.057494,-3.64994,-4.536377,-9.960531,0.8762604,0.11852261,0.0027275824,0.0013095431,0.00059567613,0.0004546785,0.0001287514,6.523409e-07,0,,,,0.019214835,Test
2580,0,-4.227118,-1.8541274,0.41862798,-0.5538548,-2.4423478,2.2014537,-1.624705,-2.8802702,0.0012533853,0.013448113,0.13052884,0.049358565,0.007467933,0.7762075,0.016916025,0.004819623,5,,,,1.1664709,-4.2106194,-2.0667958,0.5092824,-0.49784198,-2.440559,2.2108681,-1.5320061,-3.0270896,0.0017418558,0.012484785,0.1463798,0.053964693,0.008327479,0.7508091,0.021115594,0.0051767095,5,,,,0.028361382,Test
2581,1,-3.4125094,-0.54539275,4.8333325,-2.5972717,0.22214909,0.9887083,-7.0294504,-7.876917,0.00025303217,0.0044498853,0.96449375,0.0005717802,0.009587112,0.020634802,6.797638e-06,2.912785e-06,2,,,,0.27422822,-3.0619724,-0.24203101,4.6315084,-2.4532273,0.3943359,0.84124434,-6.825287,-7.6037188,0.0006092094,0.009466669,0.94910276,0.0010911223,0.015472762,0.024230244,1.8448442e-05,8.827985e-06,2,,,,0.0065120636,Test
2582,0,-2.9810967,-0.9705149,2.9447346,-2.8202062,0.061797358,0.54606634,-5.472576,-3.365372,0.002272785,0.016972391,0.8513619,0.0026695142,0.04765083,0.077336736,0.00018815795,0.0015476397,2,,,,0.85184777,-2.8897738,-0.7332679,2.6676176,-2.6942325,-0.016933968,0.43093643,-5.008176,-3.414884,0.0038314543,0.030032372,0.80289584,0.004313181,0.05994425,0.09636541,0.0005099323,0.0021075006,2,,,,0.019924683,Test
2583,0,2.9137812,1.6181638,-0.1378793,-2.3534956,-2.0757513,-2.874712,-4.9760323,-9.418745,0.7482693,0.20482288,0.035378434,0.0038593016,0.0050948514,0.0022916447,0.00028025635,3.296931e-06,0,,,,1.0453672,3.2261443,1.8606129,-0.21578851,-2.4488533,-2.0719228,-3.034881,-5.0268464,-9.834163,0.73068154,0.22197075,0.03594882,0.0027803804,0.0065893224,0.0017700217,0.00025534644,3.878509e-06,0,,,,0.042999152,Test
2584,0,-1.0172102,0.03127096,1.1581472,-2.2437074,-1.1755182,-0.4990499,-3.4420261,-3.5031304,0.06387234,0.18224785,0.5624171,0.018734923,0.054520585,0.10723756,0.0056523434,0.0053173015,2,,,,1.9321938,-0.81907815,0.23161367,1.1336794,-2.3369226,-1.3186452,-0.5793091,-3.6149094,-3.6322594,0.07869129,0.2231129,0.52362025,0.016780786,0.04671088,0.10106301,0.005047764,0.004973101,2,,,,0.034799036,Test
2585,0,-0.94212735,-0.9839147,1.5075933,-2.0794046,-0.048231013,-1.765674,-2.8706148,-0.93086785,0.055850092,0.05356435,0.6470294,0.017910618,0.13653316,0.02451106,0.00811881,0.05648249,2,,,,1.7828985,-0.80996656,-0.65417635,1.3991171,-2.0546212,-0.09962503,-1.8638264,-2.8749793,-0.81309617,0.07561902,0.0797725,0.58976567,0.019813493,0.13373579,0.025027236,0.0096354885,0.066630736,2,,,,0.026475556,Test
2586,1,6.365824,2.4499195,-1.828122,-2.0169246,-3.2378266,-5.9661894,-4.3428082,-11.833397,0.97989094,0.019521892,0.00027076484,0.00022417969,6.6124914e-05,4.319685e-06,2.1901695e-05,1.2228034e-08,0,,,,0.14683884,6.2676406,2.8540769,-2.0290055,-2.0618594,-3.5779343,-5.6925874,-4.490224,-12.310373,0.9576651,0.040953957,0.0007280782,0.00036820336,0.00022160538,1.9255302e-05,4.3675616e-05,1.4398918e-07,0,,,,0.008263495,Test
2587,0,4.2814093,0.10570349,-0.99502665,-0.9476753,-2.5364945,-3.9240265,-3.662427,-8.501531,0.9731809,0.014952284,0.004973551,0.0052147205,0.0010646717,0.00026583864,0.00034532603,2.7329602e-06,0,,,,0.22412379,4.209214,-0.3028277,-0.92620105,-0.7049435,-2.6023169,-3.960801,-3.4739776,-8.461876,0.9679786,0.0128658395,0.008151653,0.00816228,0.0016625144,0.0005005604,0.00066772336,1.0865522e-05,0,,,,0.0053101224,Test
2588,0,-3.2070465,-0.81098574,3.9780793,-2.302868,-0.41929322,1.2722698,-5.955169,-6.8700957,0.0006951137,0.0076322374,0.9173105,0.001716863,0.011291761,0.06129121,4.452063e-05,1.7832564e-05,2,,,,0.51182586,-2.9725184,-0.65537375,3.8215873,-2.0585148,-0.61355525,1.2637296,-5.7575808,-6.911557,0.001885004,0.015946206,0.8833748,0.0031679391,0.011642562,0.08381859,0.00012116438,4.3826596e-05,2,,,,0.01849242,Test
2589,1,-1.644263,1.6916256,4.028325,-3.3616412,-1.1335653,0.42286763,-8.19764,-11.45532,0.00303362,0.08525489,0.8821349,0.000544645,0.0050553875,0.023972023,4.3238006e-06,1.6636932e-07,2,,,,0.6613886,-1.9115183,1.6159912,3.9528167,-3.5552928,-1.1311483,0.36571628,-8.214588,-11.545893,0.005565809,0.11140708,0.8315798,0.0013348622,0.009112888,0.040986225,1.2511986e-05,8.2575133e-07,2,,,,0.03284728,Test
2590,0,3.571513,-0.3432342,-0.5424727,-1.4908452,-1.4461896,-4.612511,-2.6627727,-5.1627765,0.95089626,0.018966187,0.015540033,0.006019758,0.0062946645,0.000265373,0.0018647362,0.0001530663,0,,,,0.38335678,3.6011243,-0.4242204,-0.54348844,-1.4243685,-1.396603,-4.397872,-2.5298495,-5.073743,0.93414795,0.021441111,0.0247554,0.0072451374,0.008921083,0.0006029805,0.0025792723,0.00030704154,0,,,,0.014288432,Test
2591,0,-3.866467,-1.8561138,1.1813734,-1.6757408,-1.2946107,3.090533,-3.1521354,-3.2308838,0.0008060669,0.006018058,0.12549321,0.007207609,0.010551495,0.8467549,0.0016466504,0.001521953,5,,,,0.78169715,-3.91126,-1.812384,1.2662042,-1.6236197,-1.2016519,3.121676,-3.2455196,-3.07355,0.0008370945,0.007396427,0.14772472,0.008168947,0.012591319,0.8193699,0.0017257988,0.0021859063,5,,,,0.027360873,Test
2592,1,-1.9686642,1.1255721,4.5791273,-3.3549535,-0.604061,0.36128387,-8.43674,-11.115241,0.001360146,0.030018937,0.948976,0.0003400381,0.0053238412,0.013978773,2.1112317e-06,1.4496985e-07,2,,,,0.36677948,-2.0334659,1.2255008,4.7417474,-3.8125777,-0.17370151,0.359787,-8.880306,-11.154499,0.0038049049,0.054783694,0.9171917,0.00034951005,0.010028214,0.013835793,4.463488e-06,1.6168549e-06,2,,,,0.021617163,Test
2593,0,0.1960261,2.0548904,1.2170714,-3.1665149,-1.6315651,-0.33060297,-5.8569245,-8.005189,0.091064684,0.58431154,0.25280422,0.0031551288,0.01464324,0.053782117,0.00021408538,2.4980864e-05,1,,,,1.6145198,0.20249167,2.0044723,1.5502055,-3.1474166,-1.3857508,-0.4226281,-5.9986577,-8.126131,0.09790424,0.4968039,0.33510458,0.0031341754,0.016876433,0.049922127,0.00021196366,4.2548218e-05,1,,,,0.057906106,Test
2594,1,8.100764,-1.3439188,-2.617895,0.6036683,-3.987066,-6.4369345,-3.1817343,-12.144476,0.9993259,7.905573e-05,2.2113245e-05,0.0005543189,5.6237895e-06,4.853609e-07,1.2582888e-05,1.6118011e-09,0,,,,0.008700682,8.673322,-1.2547612,-2.9406455,0.19706075,-3.8168976,-7.5016913,-3.4726098,-12.372336,0.999524,0.00010888367,2.4238228e-05,0.0003156408,1.6350754e-05,2.917667e-07,1.0603309e-05,4.044039e-08,0,,,,0.00015859723,Test
2595,0,-4.0842543,-0.6766243,4.662181,-2.893193,-0.7394437,2.5642037,-7.5471725,-8.573189,0.00014039606,0.004239063,0.88284296,0.00046198317,0.0039809584,0.1083287,4.3997566e-06,1.5770137e-06,2,,,,0.5782427,-4.3957686,-1.1907184,5.0257444,-2.9561896,-0.8016056,2.660233,-7.9286942,-8.900808,0.00020137688,0.0037863436,0.87364435,0.00050297135,0.003075334,0.11878128,6.79074e-06,1.6293303e-06,2,,,,0.028234001,Test
2596,0,4.966103,2.7387097,-1.5635558,-2.2545013,-3.1568842,-5.0593023,-3.8005245,-9.971308,0.90049773,0.09708183,0.0013142799,0.00065858825,0.0002671246,3.985696e-05,0.00014034106,2.9325656e-07,0,,,,0.48790273,5.1989646,2.6646447,-1.8284622,-2.565319,-2.9374645,-5.463359,-3.7864356,-10.388976,0.8967964,0.100688875,0.0014089881,0.0004861792,0.00039856447,4.8129412e-05,0.00017258529,3.1783608e-07,0,,,,0.025043283,Test
2597,0,-3.312003,-0.71565926,1.9206913,-2.222312,-1.2314752,2.626912,-4.409186,-4.9928246,0.0016870904,0.02263165,0.3159866,0.00501632,0.013511392,0.64028966,0.00056316797,0.00031417157,5,,,,1.208217,-3.4439034,-0.6499355,1.9874531,-2.4321513,-1.1083276,2.533805,-4.5922747,-5.0961103,0.002023037,0.027963627,0.3508626,0.0047057415,0.016415214,0.59703517,0.00062932086,0.00036529862,5,,,,0.022413353,Test
2598,0,-3.3175542,-1.2131,3.2210238,-2.536769,-0.15356432,0.34508014,-5.2318134,-4.1188955,0.0013056304,0.010709595,0.9025861,0.002850435,0.030897524,0.050872393,0.0001925166,0.00058587134,2,,,,0.6224193,-2.9322133,-1.0055046,3.0585396,-2.4367738,0.04616949,0.3839392,-5.103509,-4.403993,0.0031775548,0.018757895,0.85973245,0.004356759,0.04372071,0.06907184,0.0004004437,0.00078237394,2,,,,0.015762512,Test
2599,0,-2.351996,1.0638986,4.5710716,-3.0724158,-1.0301098,1.040286,-8.163961,-11.622961,0.00092519936,0.028166926,0.9394753,0.0004501538,0.0034699494,0.027509626,2.7677752e-06,8.7077574e-08,2,,,,0.41501874,-2.316393,1.4547042,4.8511806,-2.962938,-1.0052484,1.4232271,-8.633898,-12.279658,0.0010221448,0.048329562,0.91167593,0.0004697408,0.0029156215,0.035583053,3.9578663e-06,1.262921e-07,2,,,,0.018623786,Test
2600,0,-4.118924,-0.7963562,5.9759707,-2.6933925,0.25602758,1.022385,-7.819699,-8.727295,4.081242e-05,0.001131788,0.9884377,0.00016978245,0.0032419744,0.006976449,1.0082451e-06,4.0681968e-07,2,,,,0.10719298,-4.50075,-0.9008535,5.8926744,-2.4335663,0.028811112,1.2328686,-7.8533454,-9.069176,5.0239945e-05,0.0017842337,0.98170483,0.00035422703,0.0033519114,0.012751527,2.5261982e-06,5.2883536e-07,2,,,,0.0036787486,Test
2601,0,1.7896211,3.81132,1.7705476,-3.567887,-2.5793045,-1.6486713,-8.020834,-14.368011,0.10436451,0.7880713,0.10239276,0.00049183174,0.0013217598,0.0033521336,5.7269867e-06,1.0031883e-08,1,,,,0.9933929,2.0022187,4.0566025,1.6890175,-3.4229271,-2.701725,-1.9738352,-8.565561,-15.245737,0.14257506,0.70087254,0.151876,0.00059291243,0.0013657629,0.0027136826,4.03053e-06,4.8709947e-09,1,,,,0.08219803,Test
2602,1,-2.4499512,0.58851594,5.2980175,-3.3524268,0.06725831,-0.8720197,-8.540554,-9.418264,0.0004243794,0.008858164,0.9832282,0.0001721132,0.005259743,0.0020560857,9.608134e-07,3.994425e-07,2,,,,0.14950125,-2.7817388,0.40330848,5.0659466,-3.2611117,0.11315572,-0.86002225,-8.222929,-9.22329,0.00056327163,0.015197506,0.96950036,0.00036708204,0.01118623,0.003181836,2.635717e-06,1.1491529e-06,2,,,,0.0072941547,Test
2603,0,-4.354689,-2.04929,2.3241098,-1.2190741,-1.3510522,1.3451157,-2.7198617,-2.7204447,0.00086309883,0.008655309,0.68647695,0.01985367,0.017398966,0.2579017,0.0044264644,0.0044238837,2,,,,1.2280468,-4.3090115,-1.9109948,2.306881,-1.3921945,-1.3332909,1.3637022,-2.9032595,-2.7481046,0.0010409537,0.011627035,0.65956324,0.017358221,0.01962648,0.28142357,0.0044032144,0.0049572606,2,,,,0.039520063,Test
2604,0,9.335332,-0.14486529,-2.8786566,-0.17265765,-4.714535,-8.105222,-4.7964625,-14.779613,0.99984276,7.6336895e-05,4.959798e-06,7.4244475e-05,7.909549e-07,2.664376e-08,7.2873826e-07,3.364685e-11,0,,,,0.0024081327,8.837132,0.26484835,-2.8549964,-0.13902016,-4.345115,-7.6283126,-4.2952986,-13.789171,0.99913853,0.0004607135,1.7711127e-05,0.00037294795,3.6151935e-06,6.280046e-07,5.7709813e-06,6.143032e-10,0,,,,0.00028360408,Test
2605,1,2.3483076,3.470318,0.5917237,-3.1471024,-2.4752347,-2.604187,-6.543172,-11.259203,0.23457634,0.7203892,0.040495757,0.00096307055,0.0018855862,0.0016574607,3.226739e-05,2.8881354e-07,1,,,,1.0614067,2.821391,3.2578635,0.44541794,-2.9958,-2.5480561,-2.8580258,-6.32265,-11.197333,0.3774133,0.56427634,0.05185818,0.0015038074,0.0026975642,0.0021643532,8.532725e-05,1.1513214e-06,1,,,,0.04742374,Test
2606,0,9.761637,-2.120272,-3.2694685,1.6304586,-4.9789433,-7.628989,-2.7175796,-13.37974,0.9996927,6.912247e-06,2.1904305e-06,0.000294131,3.963822e-07,2.8003612e-08,3.803747e-06,8.9062396e-11,0,,,,0.004131292,9.889041,-1.852196,-3.363477,1.2977296,-4.8884683,-7.655565,-3.322702,-13.585039,0.9997411,1.4129948e-05,2.8262489e-06,0.00023895045,5.710904e-07,4.5519048e-08,2.41287e-06,1.6421611e-10,0,,,,4.3828546e-05,Test
2607,0,-1.3716505,-0.5083327,1.7157172,-2.1440115,-0.5886003,-0.3250212,-3.6951718,-3.3015764,0.032225326,0.07640668,0.7063566,0.014885557,0.0705134,0.09177885,0.0031557654,0.0046777944,2,,,,1.5362399,-1.4300199,-0.58581334,1.8393809,-2.1401427,-0.66654336,-0.3376758,-3.6590965,-3.1638343,0.032981385,0.067672156,0.7279991,0.014956106,0.059882335,0.08688501,0.0038523418,0.005771539,2,,,,0.021815822,Test
2608,0,6.216283,-0.26980215,-2.2463067,-0.44731525,-3.2944975,-5.3685374,-2.8658948,-9.535512,0.9968009,0.0015196288,0.00021054871,0.0012724611,7.381235e-05,9.276521e-06,0.00011331009,1.4377747e-07,0,,,,0.036301944,6.0719404,-0.69746697,-1.965904,-0.48371786,-2.8979301,-5.397769,-2.8202767,-8.967838,0.99308956,0.00233999,0.00080279104,0.0031174556,0.0002312348,5.781859e-05,0.00035666977,4.4060757e-06,0,,,,0.0023101673,Test
2609,0,7.239238,1.5763106,-2.4888828,-1.0415443,-4.358309,-6.0456753,-3.6805003,-12.866095,0.99620014,0.0034591437,5.935775e-05,0.00025237643,9.153688e-06,1.6934881e-06,1.8028712e-05,1.8480432e-09,0,,,,0.03807089,7.5772276,2.010736,-2.4884307,-1.1889117,-4.3032928,-6.2387094,-3.7346482,-13.291583,0.9934763,0.006230437,5.1870727e-05,0.00020593454,1.1234244e-05,2.5764425e-06,2.1675702e-05,1.5504036e-09,0,,,,0.0018102187,Test
2610,0,-4.3797255,-2.3790705,2.6695392,-1.8794739,-0.60119396,0.914463,-3.6577425,-1.0768938,0.0006921533,0.005117711,0.7973686,0.008434276,0.030282922,0.1378603,0.0014248051,0.018819321,2,,,,1.0330353,-4.1053004,-2.310156,2.4891548,-1.6275663,-0.6134624,0.80054855,-3.4386954,-0.84575576,0.0014696689,0.008760894,0.7587181,0.016294554,0.03787224,0.14300491,0.0036008037,0.030278888,2,,,,0.020805024,Test
2611,0,-0.9647527,-1.0895497,1.5568795,-2.1204705,0.12563142,-1.6641814,-3.381603,-0.8986989,0.051877506,0.045791037,0.6458178,0.01633267,0.1543572,0.02577633,0.0046275854,0.055419922,2,,,,1.7488197,-0.9719566,-1.0673523,1.5270404,-2.077849,0.22460751,-1.6928889,-3.39002,-1.027869,0.05618442,0.05500368,0.6181342,0.017615238,0.16991107,0.026496273,0.005231866,0.05142332,2,,,,0.024544291,Test
2612,0,-1.3105613,1.7637234,3.2272725,-3.318605,-1.198821,0.41181514,-7.383543,-10.235459,0.008131722,0.17592491,0.7602189,0.0010916922,0.009093072,0.045519877,1.8737872e-05,1.0818034e-06,2,,,,1.0737828,-1.0856328,2.0877693,3.1195202,-3.281292,-1.1302583,0.8085722,-7.4455376,-10.710249,0.012282364,0.27736098,0.6246313,0.0011767873,0.010249485,0.07427213,2.5766796e-05,1.1715672e-06,2,,,,0.05341626,Test
2613,1,3.739606,4.6253176,1.0035948,-4.034324,-3.3329327,-3.3003616,-8.642093,-16.636051,0.28639454,0.6944235,0.018566508,0.00012044534,0.0002428848,0.000250926,1.2013272e-06,4.054429e-10,1,,,,0.99626696,3.7801125,4.948847,1.1701748,-4.1453943,-3.5423894,-3.1712697,-9.120977,-17.437021,0.28067106,0.6911581,0.027290812,0.00011195966,0.00021049345,0.0005566677,8.8046556e-07,4.1289586e-10,1,,,,0.06481739,Test
2614,0,-3.5818193,-1.0687361,3.668198,-2.9560366,0.21405575,2.5765603,-6.6948733,-7.419442,0.0005153082,0.00636041,0.7256204,0.000963476,0.022940058,0.24356629,2.2913146e-05,1.1102181e-05,2,,,,1.0192068,-3.8663528,-1.117794,3.972884,-3.4087024,0.09975611,2.7745228,-7.2151847,-8.108549,0.0003447354,0.004774078,0.74121594,0.0005030288,0.018681047,0.23446155,1.2256258e-05,7.3530414e-06,2,,,,0.021267582,Test
2615,0,0.6903422,2.1049316,0.3560937,-2.5120654,-2.334794,-0.06996831,-4.810739,-8.983964,0.15645647,0.64378655,0.11200341,0.006362176,0.0075961486,0.07314673,0.00063871103,9.837747e-06,1,,,,1.5643106,0.8156327,2.147736,0.39384547,-2.6043017,-2.214562,-0.1826972,-5.036921,-9.037981,0.17124645,0.60062504,0.121738695,0.0059703765,0.008868835,0.09102052,0.00051634427,1.3718707e-05,1,,,,0.04980113,Test
2616,0,-3.4301128,-1.1994994,3.532788,-2.3175733,-0.0396514,1.127042,-5.151734,-4.9935904,0.00083652465,0.0077843424,0.8839511,0.0025447705,0.024827758,0.079730794,0.00014955069,0.00017517377,2,,,,0.6697045,-3.4083161,-1.0490618,3.3493335,-2.3120017,-0.13484126,1.0511953,-4.798475,-4.743574,0.0019992862,0.014843801,0.85629255,0.0047737337,0.029069528,0.09190605,0.00063931005,0.00047564888,2,,,,0.016796649,Test
2617,0,-4.897038,-0.8669853,7.2361627,-3.0833359,0.13165437,1.9665083,-9.659754,-11.813301,5.344254e-06,0.00030068858,0.9937318,3.2776916e-05,0.00081624475,0.005113137,4.5652662e-08,5.2989813e-09,2,,,,0.060408372,-4.5888667,-0.77856696,6.871534,-2.991197,-0.14426109,1.342634,-8.605102,-11.031515,3.713491e-05,0.0014478515,0.991025,0.00012494158,0.0013718114,0.005991646,1.4070638e-06,1.8201781e-07,2,,,,0.0022937886,Test
2618,0,4.3284736,1.4879475,-0.53932285,-2.0605078,-2.168958,-4.4028354,-4.5721045,-9.744582,0.9349543,0.054596595,0.007190072,0.001570692,0.0014092616,0.0001509493,0.00012744378,7.2267017e-07,0,,,,0.40250424,4.279479,1.8274071,-0.53911006,-2.051058,-2.2310367,-4.3882775,-4.696381,-9.789181,0.888165,0.09726546,0.0097288,0.0021820234,0.0021782746,0.00027548708,0.00020174724,3.1938332e-06,0,,,,0.017893333,Test
2619,1,-2.8397765,-0.08955342,3.8482025,-3.0978053,-0.80560595,1.3214948,-7.240779,-8.770753,0.0011211634,0.017541856,0.89995575,0.0008661804,0.008572308,0.071926005,1.3751106e-05,2.9776822e-06,2,,,,0.59124523,-2.2870812,0.049290486,3.7287517,-2.7908351,-1.0007795,1.2015573,-6.6674256,-8.68924,0.0048822756,0.04450067,0.8572833,0.0027606362,0.008937841,0.0815763,5.2413223e-05,6.5414147e-06,2,,,,0.02373954,Test
2620,0,5.789006,0.10792208,-1.8939677,-0.73512566,-2.995244,-5.087913,-3.0010154,-9.290304,0.9943692,0.0033906596,0.00045800954,0.001459329,0.00015226366,1.8782865e-05,0.00015138739,2.8098708e-07,0,,,,0.05889912,5.884755,0.35769475,-1.9327357,-0.7956484,-2.881628,-4.922798,-3.2711463,-8.987795,0.99013597,0.006419074,0.00059010135,0.002275555,0.00027303092,4.1698957e-05,0.0002636634,8.630358e-07,0,,,,0.002200133,Test
2621,0,-0.5300715,2.1679716,2.391033,-3.252792,-1.5218209,0.21647647,-6.9939075,-10.343418,0.027056014,0.40179917,0.5022077,0.0017774667,0.010035814,0.057080198,4.2175056e-05,1.4804081e-06,2,,,,1.4877648,-0.8428691,1.8024381,2.4184277,-3.427969,-1.7077391,0.35735065,-7.386138,-10.633906,0.026689913,0.3323143,0.5588751,0.0019239882,0.00971756,0.07040442,7.2710405e-05,2.0133584e-06,2,,,,0.05981079,Test
2622,0,-2.4143043,-0.78826827,2.080414,-2.4487805,-0.4449861,0.756512,-4.166684,-3.2855837,0.007801696,0.03966136,0.698587,0.0075373068,0.05590532,0.18589045,0.0013525095,0.0032643543,2,,,,1.3776665,-2.3097343,-0.5935496,1.8582141,-2.3918223,-0.637297,0.9090869,-3.891437,-3.1112676,0.010060602,0.05888959,0.6174588,0.009206301,0.05264952,0.24465303,0.002340724,0.0047414107,2,,,,0.02624396,Test
2623,0,3.7000933,0.7777454,-0.9860429,-1.4292028,-2.4385757,-2.9940314,-3.2858386,-8.00735,0.93172395,0.050133467,0.008592591,0.0055164816,0.002010468,0.0011536281,0.00086165935,7.670246e-06,0,,,,0.45006487,3.8331285,0.6258363,-1.1713091,-1.410527,-2.4055848,-3.2282386,-3.0641184,-8.2052965,0.9209393,0.06018489,0.0080651585,0.0057445625,0.0021587713,0.0017607562,0.0011371565,9.349043e-06,0,,,,0.02098865,Test
2624,1,-2.1360798,1.0976682,3.9079142,-3.0270936,-0.929126,0.9303614,-7.512126,-10.233364,0.0021133972,0.053626575,0.8909521,0.00086699903,0.00706569,0.04536486,9.776738e-06,6.4324325e-07,2,,,,0.6554576,-2.1874793,0.9189003,3.970386,-2.861273,-0.96825707,0.74028367,-6.8775344,-10.181921,0.0029752327,0.07157407,0.8753165,0.0019014986,0.007413124,0.040741988,7.5097014e-05,2.5027564e-06,2,,,,0.025020825,Test
2625,1,11.961793,-5.6239123,-3.2368124,4.272751,-6.6193075,-9.876323,-3.502745,-14.811119,0.9995419,2.3037027e-08,2.506862e-07,0.00045760677,8.513959e-09,3.2781428e-10,1.9214879e-07,2.3576182e-12,0,,,,0.005747808,11.783609,-5.2845697,-3.314911,4.388581,-6.4237404,-9.636593,-3.5809715,-14.640043,0.9960427,5.3930046e-07,3.963732e-06,0.0039510853,6.289345e-07,2.5240053e-07,9.3516684e-07,1.0788973e-09,0,,,,0.0022179654,Test
2626,0,-2.4020133,-0.08842471,2.3761024,-2.4570882,-1.1975993,1.0498214,-4.757461,-5.2102356,0.006024626,0.060912844,0.7162084,0.0057017906,0.020090947,0.1901266,0.00057144195,0.00036335792,2,,,,1.2566494,-2.2285373,0.02450417,2.5035214,-2.4393678,-1.217306,1.1422794,-4.9154925,-4.954359,0.009762135,0.07483978,0.7018459,0.0068503595,0.019417062,0.18586247,0.0007816732,0.0006406714,2,,,,0.032933567,Test
2627,0,-4.351776,-2.161393,2.3302007,-1.3901742,-1.2781261,1.3360102,-3.0247655,-2.2292545,0.00086494384,0.007731422,0.6901342,0.016718423,0.018700667,0.25536546,0.0032606283,0.0072241616,2,,,,1.2195574,-4.3748455,-2.0195575,2.365706,-1.4660393,-1.2526963,1.0741794,-2.9865792,-2.1070452,0.001212768,0.010403611,0.7226814,0.017559838,0.020753445,0.21259609,0.0043981406,0.010394607,2,,,,0.02571254,Test
2628,0,3.5712185,0.16113645,-0.96105236,-1.5574195,-2.224331,-4.5439835,-2.4601982,-6.365399,0.9474095,0.03130098,0.010190547,0.005613044,0.0028811283,0.0002832372,0.0022757612,4.5826833e-05,0,,,,0.38796097,3.4194274,0.009896671,-1.0167354,-1.5529444,-2.154163,-4.724629,-2.4522898,-6.142612,0.92115116,0.042608168,0.017265743,0.009855739,0.004285367,0.0006645944,0.0039704777,0.00019867947,0,,,,0.018788977,Test
2629,1,7.873375,-1.0870731,-3.0928562,0.85755414,-4.0544653,-6.2275844,-1.6818174,-10.529153,0.99887985,0.00012824488,1.7255976e-05,0.00089656323,6.5965683e-06,7.5083454e-07,7.07532e-05,1.017179e-08,0,,,,0.013726937,7.8843956,-1.024439,-3.3512301,1.0362928,-4.1932826,-6.142375,-1.4966834,-10.593622,0.9979596,0.00023439954,2.2859389e-05,0.0015891027,1.4295809e-05,2.39802e-06,0.00017730836,3.1703223e-08,0,,,,0.00042544265,Test
2630,0,-0.91289693,2.0862098,3.315128,-3.271031,-1.6830695,0.56504446,-7.9821243,-12.293706,0.0105717685,0.21215004,0.7250293,0.0010000532,0.004894022,0.046345692,8.995412e-06,1.2064935e-07,2,,,,1.133326,-0.9704987,2.0252836,3.2581077,-3.6208644,-1.6409428,0.31469038,-8.149782,-11.796366,0.015286347,0.2448208,0.6847192,0.00087483076,0.0056911595,0.048593305,1.3979875e-05,3.6539274e-07,2,,,,0.04838008,Test
2631,0,-2.7529402,-0.95370656,2.5796094,-2.2362673,-0.35789955,-0.30807373,-3.8083723,-1.9641236,0.0041539813,0.02511087,0.85972863,0.006963901,0.045563534,0.04789129,0.0014457603,0.009142041,2,,,,0.8922554,-2.9295375,-0.8065524,2.4166596,-2.129476,-0.38343766,-0.17540361,-3.8311012,-1.851334,0.0045068203,0.03367746,0.81571186,0.010293276,0.051404078,0.06925123,0.002288934,0.012866331,2,,,,0.019796407,Test
2632,0,-0.79922116,-0.36057335,1.0851125,-1.9277452,-0.90322244,-0.57213414,-2.929149,-3.0470974,0.08448288,0.13099991,0.5560635,0.027331086,0.076138005,0.10602086,0.010040442,0.008923361,2,,,,2.051606,-0.8161413,-0.43100587,1.1937977,-1.8578917,-0.88073826,-0.44658718,-2.8518777,-2.969481,0.085369006,0.12062349,0.5591241,0.027193312,0.07098724,0.11618458,0.01149849,0.009019707,2,,,,0.03496715,Test
2633,0,23.160746,-10.147029,-7.884906,12.169968,-13.957206,-13.115133,-5.2322164,-30.251835,0.9999832,3.4246044e-15,3.2888043e-14,1.6856153e-05,7.583534e-17,1.7602673e-16,4.66752e-13,6.3562783e-24,0,,,,0.00029152667,22.191483,-9.961267,-7.550723,11.969592,-12.846768,-13.443907,-5.404468,-30.296986,0.9999403,2.3782836e-12,1.1580547e-11,5.971758e-05,9.0346334e-13,1.6449158e-14,1.8431872e-11,2.8725524e-20,0,,,,1.4717513e-05,Test
2634,1,-3.2546558,-0.19968395,5.697444,-2.9461315,0.79866546,-0.8928724,-7.823248,-8.156748,0.00012794447,0.002715056,0.988255,0.00017418542,0.0073681185,0.0013574725,1.3271107e-06,9.50758e-07,2,,,,0.10899368,-3.5378528,-0.773124,5.947675,-2.9030528,0.8162187,-0.8632822,-8.153975,-8.099403,0.0001513868,0.0017887931,0.9894048,0.00026886445,0.0071621686,0.001219193,2.0142697e-06,2.8247737e-06,2,,,,0.001531287,Test
2635,0,1.7408594,-1.6204954,0.5243174,-1.2644961,-1.1587847,-4.8179045,-2.6765354,-2.4109645,0.6827225,0.023682436,0.20225848,0.033809204,0.03757896,0.0009678526,0.008237475,0.010743109,0,,,,1.4502571,1.7827733,-1.234537,0.520331,-1.1782987,-1.0953431,-4.798947,-2.93426,-2.7725074,0.6417968,0.035305325,0.23092532,0.03445456,0.042389058,0.0010920226,0.006091502,0.007945449,0,,,,0.049103454,Test
2636,0,7.884198,-1.1571358,-3.0653696,0.7455532,-4.071782,-6.3139186,-2.0417266,-10.605971,0.9990152,0.000118296135,1.7548307e-05,0.00079304515,6.4143965e-06,6.814101e-07,4.8842507e-05,9.319519e-09,0,,,,0.012233629,7.736979,-0.98543215,-2.873103,0.556427,-3.9597707,-6.5881577,-2.318616,-10.582504,0.99849975,0.00023130055,5.366497e-05,0.0011005334,1.1888456e-05,1.4064628e-06,0.000101328464,8.6547004e-08,0,,,,0.00031771016,Test
2637,0,0.67942584,2.6441834,1.6924607,-3.1312466,-2.2588973,-1.4532697,-6.334439,-10.007084,0.09023922,0.64369285,0.24851394,0.0019972913,0.0047785672,0.010694917,8.115448e-05,2.0620691e-06,1,,,,1.347318,0.9235913,2.6236656,1.388658,-3.1460385,-2.4197998,-1.6506851,-6.480147,-9.836456,0.12719257,0.6319835,0.22095712,0.002236348,0.005077658,0.012450115,9.5791846e-05,6.9384528e-06,1,,,,0.046663128,Test
2638,0,-2.6823466,0.4621933,4.82451,-2.940674,-0.85619223,0.9645225,-7.867901,-10.312662,0.0005290909,0.012279672,0.96320075,0.00040863923,0.0032856339,0.020292962,2.961233e-06,2.568776e-07,2,,,,0.28167602,-2.8678803,0.3133216,5.167718,-2.8334694,-0.6715847,1.1453521,-7.9226522,-9.778979,0.00058069575,0.016463436,0.95252913,0.00055268937,0.00328838,0.026579306,5.4218694e-06,9.255941e-07,2,,,,0.011452848,Test
2639,0,-2.1988971,-0.89853173,1.6861291,-1.9887908,-0.42800412,-0.42483824,-3.160818,-1.4040418,0.014505414,0.053244125,0.7059527,0.017896915,0.08523525,0.08550551,0.005543361,0.03211674,2,,,,1.5794067,-2.1211758,-0.8794306,1.6542776,-2.0565016,-0.37985662,-0.38479048,-3.268879,-1.2493984,0.017055448,0.060503047,0.67402667,0.018234719,0.09239043,0.09025109,0.0056561446,0.041882407,2,,,,0.02187553,Test
2640,0,-3.3371468,0.074085854,7.4844007,-3.5170186,-0.7996533,0.78174084,-11.502542,-16.223135,1.9922376e-05,0.0006036992,0.99788266,1.6642703e-05,0.00025197686,0.0012250426,5.664417e-09,5.0469375e-11,2,,,,0.024944702,-2.843852,-0.32366037,7.6724434,-3.084672,-1.0969129,0.015984213,-11.29791,-16.268482,7.050553e-05,0.0005533107,0.9982503,3.4460747e-05,0.0001940386,0.00089731254,1.3121117e-08,1.0630864e-10,2,,,,0.00034066066,Test
2641,0,-4.1039543,-1.4065491,2.4406848,-1.4421412,-1.0002337,1.8098685,-3.6361105,-4.5598726,0.0008926193,0.013247519,0.6208218,0.012784304,0.019888181,0.33037478,0.0014251092,0.0005658007,2,,,,1.2589233,-4.3045645,-1.4003769,2.4070506,-1.5415682,-1.1874506,2.0360298,-3.878308,-4.8230286,0.0008684822,0.014531581,0.56202316,0.011954116,0.017495956,0.3912356,0.0012165903,0.00067452586,2,,,,0.0242786,Test
2642,1,7.9989605,-1.7977643,-2.7838306,1.3353801,-4.3567395,-6.6824193,-2.2690144,-10.736952,0.99860954,5.5556186e-05,2.0724738e-05,0.0012747926,4.2991596e-06,4.2010097e-07,3.4679346e-05,7.2860535e-09,0,,,,0.015969705,7.855203,-1.9357284,-2.9334855,1.6875004,-4.421067,-6.5100846,-1.8644304,-10.161713,0.9964368,0.0001322235,3.489889e-05,0.003300155,7.718074e-06,1.7145019e-06,8.636269e-05,6.7514165e-08,0,,,,0.00096350914,Test
2643,0,-3.0287187,-1.7136931,3.4735968,-2.5224948,0.7004148,-1.3799384,-4.655987,-1.2978977,0.0013778795,0.005132388,0.9186096,0.002285922,0.057379056,0.0071658455,0.00027070593,0.0077785263,2,,,,0.530048,-3.0706477,-1.7719004,3.6212056,-2.5950584,0.903804,-1.3978314,-4.5309668,-1.0307329,0.0014347519,0.005086002,0.91099083,0.002273182,0.06253744,0.0074816085,0.0003751059,0.00982112,2,,,,0.0075879595,Test
2644,1,9.332767,-2.222256,-3.116591,1.4983647,-4.7401276,-7.8068175,-2.8670075,-12.212266,0.999585,9.58379e-06,3.9186116e-06,0.00039571465,7.727508e-07,3.5990936e-08,5.0295057e-06,4.394718e-10,0,,,,0.0054067685,9.8194475,-1.7148355,-3.309016,1.7053385,-5.3128996,-8.173569,-2.9614558,-12.902806,0.99951327,2.7518006e-05,6.0716234e-06,0.0004462645,1.0011291e-06,9.894352e-08,5.789243e-06,3.0435516e-09,0,,,,0.00010417556,Test
2645,0,-1.5408561,1.5065105,2.9507377,-2.9718568,-1.7588997,1.1891972,-6.9215097,-10.38751,0.007830545,0.16490981,0.69898266,0.0018720449,0.0062964642,0.120071255,3.6058173e-05,1.1265197e-06,2,,,,1.2754737,-1.1340895,1.5840325,3.0610092,-3.0833886,-1.6099579,1.0178597,-6.8604712,-10.662569,0.012369071,0.18481365,0.68598866,0.0018707926,0.007141959,0.10776702,4.6762907e-05,2.069351e-06,2,,,,0.04201075,Test
2646,0,-3.4320972,-1.6902626,2.694272,-2.245625,-0.053090192,-0.01582029,-4.111982,-1.2106357,0.001861229,0.010623532,0.852017,0.006096467,0.054611493,0.056685258,0.0009430392,0.01716202,2,,,,0.90217644,-3.4007378,-1.6310822,2.5611398,-2.3370547,-0.15651211,-0.019841103,-4.091481,-1.5469408,0.0028433953,0.014293383,0.8233158,0.008385384,0.058045138,0.073670715,0.001723711,0.017722443,2,,,,0.020201547,Test
2647,0,-4.8092194,-0.88686633,8.219418,-3.256066,0.38398826,1.0814667,-10.658648,-12.725425,2.1936373e-06,0.00011082073,0.9986883,1.0367896e-05,0.0003949538,0.00079333625,6.3210677e-09,8.0020285e-10,2,,,,0.016196858,-4.9963675,-1.2598702,7.8525643,-2.8771605,0.50254995,1.2921752,-9.950729,-12.085407,8.137782e-06,0.0002623934,0.9964479,8.746167e-05,0.0008787615,0.0023151226,2.1618925e-07,6.9825274e-09,2,,,,0.0007889653,Test
2648,0,-3.5885253,-0.6993818,3.703204,-2.5045764,-0.32596058,1.5684017,-5.90859,-6.4017763,0.000591735,0.01063815,0.86873025,0.001749364,0.015454008,0.10274296,5.8148173e-05,3.5509755e-05,2,,,,0.7000719,-3.7835133,-0.551247,3.7728875,-2.4511533,-0.36411813,1.4113057,-5.643401,-6.238765,0.0008469499,0.015252885,0.8765357,0.0022976063,0.017084781,0.08775659,0.00014415137,8.128672e-05,2,,,,0.011697148,Test
2649,0,-3.6475954,-1.5117193,0.78979594,-1.5767756,-1.821319,3.4398649,-2.8717978,-4.488796,0.00076474313,0.006473137,0.06466216,0.0060654245,0.004749605,0.9152939,0.0016612703,0.0003297514,5,,,,0.52782166,-3.680307,-1.5180361,0.86954725,-1.713197,-2.0738747,3.533194,-2.8865757,-4.7817364,0.0009184115,0.007845476,0.07377033,0.0054635378,0.00391345,0.9057805,0.0019140166,0.00039420734,5,,,,0.012377287,Test
2650,0,-3.9479618,-1.248356,5.4311075,-2.85288,-0.007003678,0.071743906,-7.2783136,-6.2385964,8.3583065e-05,0.0012432036,0.98945576,0.00024986564,0.004301844,0.0046543,2.9906455e-06,8.458788e-06,2,,,,0.10132435,-3.9935799,-1.130449,5.2871995,-2.693437,-0.041122817,0.016102124,-6.987944,-6.6088347,0.0003045874,0.005812207,0.9796036,0.00078587636,0.0064647794,0.0069884425,2.7257547e-05,1.3242247e-05,2,,,,0.005404131,Test
2651,0,1.3679763,1.2520657,0.6842636,-2.6546242,-1.5447068,-1.9182203,-5.09515,-7.5607452,0.39894384,0.35528135,0.20136273,0.0071436227,0.021674527,0.0149188265,0.0006223171,5.2870975e-05,0,,,,1.7935256,1.4176375,1.4392003,0.589275,-2.550991,-1.3996623,-1.6671178,-4.9726458,-7.3752418,0.3636194,0.3844821,0.19594087,0.007837194,0.025559489,0.02175079,0.00071200635,9.8177e-05,1,,,,0.048240513,Test
2652,0,-4.909974,-4.2701955,4.8147736,-2.408396,0.888703,-4.734638,-3.9152024,6.0116563,1.3805224e-05,2.617556e-05,0.23091273,0.0001684477,0.0045538326,1.6450962e-05,3.733081e-05,0.76427114,7,,,,0.8236674,-4.792276,-4.2753563,4.635549,-2.0868838,0.96241903,-4.6186433,-3.7973816,5.5151114,2.8189748e-05,4.6861656e-05,0.31744844,0.00034655843,0.008540508,5.1102434e-05,8.323528e-05,0.6734551,7,,,,0.04883393,Test
2653,0,1.2153816,1.5461539,0.57908076,-3.0462313,-1.3702623,-1.2324505,-5.2716618,-7.7395315,0.32269835,0.44920987,0.17078698,0.004549898,0.024314526,0.027907228,0.0004914841,4.166077e-05,1,,,,1.7965236,0.65620106,1.3724213,0.9365862,-2.926151,-1.1691806,-0.9694522,-5.2079215,-7.056506,0.214645,0.39780566,0.28810477,0.006039531,0.035048977,0.057533287,0.0006727609,0.0001500395,1,,,,0.06550531,Test
2654,0,-5.2489266,-1.2911966,7.6012936,-2.798174,0.56412035,1.2474427,-9.189026,-10.42781,2.6182483e-06,0.0001370348,0.9972186,3.0364003e-05,0.0008761629,0.0017351939,5.0915183e-08,1.4751993e-08,2,,,,0.031083234,-5.4464087,-0.8500444,7.5147552,-2.831084,0.61089766,1.071995,-9.099688,-10.584176,3.9337465e-06,0.0003763903,0.9958577,6.139108e-05,0.0016042177,0.0020962055,1.387271e-07,3.3832936e-08,2,,,,0.0008636287,Test
2655,0,-3.927595,-1.5691112,2.3640099,-1.9466525,-1.0069778,2.38407,-4.000933,-3.9545572,0.00088475196,0.009356164,0.47778296,0.0064140717,0.016414564,0.4874641,0.0008221878,0.00086121575,5,,,,1.2477041,-4.0846624,-1.6051083,2.2531285,-1.8475933,-1.1088339,2.5057113,-3.936482,-4.0188975,0.0008233663,0.010542032,0.42451745,0.0071333773,0.016277807,0.53857076,0.0011424028,0.0009927955,5,,,,0.038663182,Test
2656,0,-2.899677,0.30446306,4.914161,-2.8056495,-0.44564953,0.76985264,-7.7919874,-10.152851,0.00039181588,0.009652109,0.9695914,0.00043044498,0.0045588203,0.015372284,2.9402124e-06,2.773756e-07,2,,,,0.24517438,-2.9142418,0.56768626,4.8311687,-3.0993657,-0.5987767,0.6752009,-8.218254,-10.634139,0.0006614962,0.01604484,0.95049876,0.0007888839,0.006556013,0.025442835,6.4866763e-06,6.601603e-07,2,,,,0.010346926,Test
2657,0,5.48407,0.1820541,-2.25034,-0.7742838,-3.07836,-4.6537056,-1.9521359,-8.697001,0.9919116,0.0049412493,0.00043397176,0.0018989105,0.0001896082,3.9236755e-05,0.0005847494,6.881957e-07,0,,,,0.080703996,5.4358864,0.4188332,-2.1446607,-0.8723629,-2.8669167,-4.397235,-2.09768,-8.930448,0.98536384,0.00979065,0.0009499107,0.0026074373,0.0003833443,0.0001545346,0.0007482947,1.9811002e-06,0,,,,0.0031406116,Test
2658,0,-1.9974113,-1.4561845,1.6271855,-1.8789012,-0.39343056,-0.9422306,-2.5685751,-0.25640142,0.018028814,0.030975541,0.67625344,0.020297162,0.08965347,0.051787656,0.010183891,0.10282011,2,,,,1.6934732,-2.2581198,-1.5249784,1.7576755,-1.8241926,-0.26336938,-0.9690722,-2.5625253,-0.06353341,0.013608739,0.026870903,0.6737124,0.021036701,0.08967619,0.05044984,0.010547351,0.11409795,2,,,,0.020147644,Test
2659,0,-2.44691,0.95482606,5.164492,-3.2933166,-0.9142006,0.94549465,-8.913947,-12.499178,0.00047917408,0.014382963,0.96846336,0.00020554346,0.0022189138,0.014249377,7.445511e-07,2.0646619e-08,2,,,,0.24755892,-2.2064662,0.89231235,4.706477,-3.0707147,-1.5709397,0.6222108,-8.579653,-12.268271,0.0017415874,0.030229975,0.9335927,0.00068953214,0.0027764665,0.03096369,5.9141566e-06,1.1496486e-07,2,,,,0.017984888,Test
2660,0,-3.2070498,-0.49445176,4.587267,-2.602447,-0.14635478,0.798435,-6.5048733,-7.4871573,0.00039667406,0.0059772343,0.96263707,0.00072612177,0.008465972,0.021776786,1.4662475e-05,5.4904326e-06,2,,,,0.28793022,-2.8522098,-0.41642523,4.303522,-2.6390145,-0.22336288,0.5335417,-6.3693676,-7.3720093,0.0013645857,0.01319875,0.94494075,0.0015123036,0.0116451625,0.027236113,7.636003e-05,2.5943451e-05,2,,,,0.010312195,Test
2661,0,-4.458415,-0.60283196,7.3320026,-3.3259149,0.20653632,1.0908272,-9.935759,-11.706981,7.55309e-06,0.00035693008,0.9968688,2.3440314e-05,0.0008018392,0.0019414664,3.157509e-08,5.3717155e-09,2,,,,0.034824267,-4.6365857,-0.42734975,7.4113817,-2.9287503,0.4730072,1.4958632,-10.216659,-12.497396,6.223139e-05,0.00083697075,0.99006176,0.00010872106,0.003101705,0.0058285217,6.844849e-08,4.9201256e-09,2,,,,0.0044455417,Test
2662,0,-3.1464655,-2.2308888,3.322299,-2.5194132,0.63566864,-2.3512776,-3.7674613,1.2997273,0.001278739,0.003194565,0.8243859,0.002393907,0.056148976,0.0028322244,0.0006872057,0.10907843,2,,,,0.90244085,-3.1521392,-2.4701743,3.3662422,-2.6743789,0.56588036,-2.617707,-3.9823184,1.4798558,0.0015884821,0.0028910083,0.8058387,0.0022741936,0.05096226,0.0023905153,0.000651928,0.13340285,2,,,,0.018714063,Test
2663,0,-4.7215786,-2.0079412,6.321434,-2.5495753,0.76788676,0.34285283,-7.2342854,-6.264782,1.5890359e-05,0.00023969082,0.9932375,0.00013945128,0.0038474957,0.0025152906,1.2878907e-06,3.3956971e-06,2,,,,0.067315884,-5.2176566,-2.3330247,6.54938,-2.657829,0.664911,0.4672711,-7.785273,-6.9585257,2.848289e-05,0.00035696107,0.99174356,0.00019542915,0.004598356,0.0030728707,1.68972e-06,2.601192e-06,2,,,,0.0017998467,Test
2664,0,-3.3830051,-0.6076693,2.613286,-2.062202,-1.4158167,2.6705203,-4.893456,-6.511591,0.0011685633,0.018748445,0.46968684,0.0043779397,0.008355862,0.49735323,0.00025803092,5.1159284e-05,5,,,,1.2279612,-3.6885343,-0.7432316,2.6568213,-2.1037505,-1.3321044,2.3941958,-4.8969297,-6.115733,0.0014704275,0.022188384,0.5449289,0.0058412165,0.0127982125,0.41214758,0.00049014715,0.00013511564,2,,,,0.04674509,Test
2665,0,-2.764064,-0.1912478,5.9782147,-2.6986213,-0.72971654,0.71581465,-8.84519,-12.712674,0.00015829229,0.0020740526,0.9912503,0.00016899791,0.0012105025,0.0051375018,3.6179338e-07,7.565423e-09,2,,,,0.085977815,-2.395892,0.28016144,5.5297365,-2.3470728,-0.4701429,0.4263708,-8.013155,-12.427897,0.0010373644,0.009293514,0.97528875,0.0010033585,0.003818125,0.009545379,1.3015922e-05,4.5844908e-07,2,,,,0.004911685,Test
2666,1,8.211953,1.1766074,-2.6854079,-0.92998075,-4.118038,-7.603892,-3.603765,-12.720984,0.9989833,0.0008793186,1.8488197e-05,0.00010697123,4.4127673e-06,1.3515242e-07,7.380015e-06,8.1002594e-10,0,,,,0.012301548,8.862811,1.2629571,-2.5869002,-0.9927076,-4.10243,-8.027822,-3.6142979,-12.829277,0.9986984,0.0011550246,3.0264582e-05,9.1784466e-05,1.5404987e-05,2.5129668e-07,8.870806e-06,3.3965903e-09,0,,,,0.00047493464,Test
2667,0,-3.5131133,-1.8851593,1.0587168,-0.9828383,-1.7133317,0.17066738,-1.6016855,-0.6852133,0.005408656,0.027548673,0.5231302,0.06791625,0.032713305,0.21524587,0.036577307,0.09145986,2,,,,2.064567,-3.5436943,-2.0538867,1.1500986,-0.9796947,-1.72037,-0.057787023,-1.5047752,-0.4510683,0.0055752127,0.023729155,0.54638237,0.06904786,0.031220209,0.16737518,0.041518584,0.11515145,2,,,,0.031257156,Test
2668,0,-0.75589335,1.4494072,3.8946946,-3.7709062,-1.3876767,0.2855866,-9.14286,-12.825267,0.008464976,0.07680257,0.88583016,0.00041516655,0.0045003435,0.023984728,1.9284678e-06,4.8524782e-08,2,,,,0.666447,-1.0438788,1.124568,3.9690537,-3.361819,-1.0476251,0.58875835,-8.623785,-12.452154,0.018463245,0.102538824,0.8273219,0.0012592701,0.006006046,0.04439771,1.2436653e-05,5.747876e-07,2,,,,0.047644123,Test
2669,0,-3.8993723,-1.7490427,3.2399957,-1.9262533,-0.5340791,1.3625878,-4.3068724,-3.3486688,0.0006659505,0.0057189753,0.83951813,0.004790232,0.01927393,0.12843464,0.00044306435,0.0011550729,2,,,,0.8047078,-4.1077776,-1.7492386,3.1068897,-1.9619671,-0.79364115,1.286267,-3.9917526,-3.017643,0.0006735525,0.00675096,0.82039917,0.0058871955,0.018783819,0.14474106,0.00082107855,0.001943145,2,,,,0.017496921,Test
2670,0,-3.0085773,0.61646116,5.6698527,-3.2891924,-0.6746565,0.9982659,-9.387206,-12.764804,0.00016724103,0.0062759193,0.98251086,0.00012632036,0.0017256474,0.009193755,2.838834e-07,9.688754e-09,2,,,,0.1527005,-2.684332,1.0313114,5.6272287,-3.146935,-0.717241,0.8960884,-9.240732,-12.798044,0.0009178108,0.015422816,0.9645783,0.00029147655,0.0021367914,0.01665204,7.559996e-07,3.4805623e-08,2,,,,0.011017446,Test
2671,1,-6.980739,-2.2691271,11.058507,-3.3506927,1.0267987,1.5117402,-12.448883,-14.870214,1.4642124e-08,1.6286624e-06,0.99988234,5.522211e-07,4.397781e-05,7.142348e-05,6.1775966e-11,5.4858995e-12,2,,,,0.0018330475,-7.603321,-2.6029458,11.385124,-3.2375069,1.0224794,1.9138834,-12.897473,-15.89061,1.3870414e-08,2.8820593e-06,0.9995797,1.2125914e-06,4.8815004e-05,0.00036735373,1.3816301e-10,7.1290985e-12,2,,,,0.00018286526,Test
2672,0,-1.3648818,1.7125138,4.535917,-3.424493,-1.3234626,0.49868768,-8.965949,-13.265468,0.0025274993,0.054851323,0.9233692,0.00032226503,0.0026343854,0.016294051,1.2635422e-06,1.7152702e-08,2,,,,0.48086345,-1.7627087,1.639684,4.51032,-3.2286923,-1.0179323,1.0907393,-9.003009,-12.61611,0.004242142,0.11304913,0.84124106,0.00079178327,0.003860185,0.036811046,4.329976e-06,2.2861977e-07,2,,,,0.04601117,Test
2673,0,-5.131424,-2.8904772,6.0761814,-2.2271392,0.9325402,-0.17246509,-6.2282224,-3.3704412,1.3459661e-05,0.00012655082,0.9918256,0.00024566814,0.0057886885,0.0019172665,4.4947014e-06,7.831034e-05,2,,,,0.07802642,-4.9919558,-2.7496998,5.9967914,-2.264369,0.8884133,-0.35255206,-6.2131567,-3.3868785,4.372834e-05,0.00024795416,0.99016035,0.00044225194,0.006760855,0.002133215,1.5802118e-05,0.00019574832,2,,,,0.0015056256,Test
2674,0,10.473149,-0.7214395,-3.6028857,0.79035413,-5.3247533,-8.292223,-2.5710993,-15.177968,0.99992085,1.37473035e-05,7.7058667e-07,6.2342035e-05,1.377284e-07,7.083821e-09,2.1623223e-06,7.241473e-12,0,,,,0.0012667733,10.468527,-0.7712308,-3.5809834,0.90049,-5.5943737,-7.8482413,-2.7115152,-15.004051,0.99981725,2.7554463e-05,2.40909e-06,0.0001455508,4.3932533e-07,6.402575e-08,6.6504354e-06,4.5732337e-10,0,,,,6.0901617e-05,Test
2675,0,-2.995293,-0.9368325,2.7318494,-2.1853573,-0.6765185,1.0119247,-4.5276284,-4.312662,0.0026054366,0.020410728,0.8001047,0.0058564045,0.026479604,0.14328246,0.000562854,0.0006978373,2,,,,0.99156606,-3.2193382,-1.0304153,2.8050244,-2.2257545,-0.80861825,1.3179277,-4.6699433,-4.6113915,0.0020604117,0.017235046,0.7633408,0.0054281177,0.021588271,0.18931511,0.0004926106,0.00053968804,2,,,,0.024125986,Test
2676,0,-2.896057,0.44585076,5.483535,-3.2445517,-0.51583827,0.47576204,-8.540393,-10.618022,0.00022587882,0.0063862763,0.9842061,0.00015941393,0.0024411331,0.006580182,7.990457e-07,1.0006191e-07,2,,,,0.14280698,-2.2042186,0.5975083,4.9931154,-3.4098918,-0.6938054,0.2504949,-8.010217,-9.691771,0.0015439116,0.021082964,0.9616852,0.00027940754,0.004097483,0.01130557,3.6974845e-06,1.8010162e-06,2,,,,0.009166601,Test
2677,0,-4.3889804,-1.6609262,5.0050316,-2.4610705,0.54812163,0.95929724,-6.234856,-5.310562,8.07131e-05,0.0012351596,0.96986616,0.0005549129,0.011248648,0.016969603,1.2743561e-05,3.2114884e-05,2,,,,0.23515254,-4.368008,-1.7625103,4.859983,-2.5130847,0.3808698,0.861141,-6.3120966,-5.0535555,0.00021674685,0.00262822,0.9553296,0.0011317291,0.019525778,0.020860406,4.5459783e-05,0.00026199323,2,,,,0.011294874,Test
2678,0,-3.470364,-1.6426303,3.039716,-2.2559323,-0.5392585,-0.81120473,-3.5756452,-1.2673926,0.0013784487,0.008573644,0.92615265,0.004643138,0.02584364,0.019690147,0.0012407026,0.0124775395,2,,,,0.54922223,-3.61027,-1.5645511,3.1975462,-2.1445396,-0.42434907,-0.9792029,-3.574593,-1.3346941,0.001211156,0.009040993,0.9263457,0.0052169664,0.026765594,0.017192047,0.001205643,0.013021924,2,,,,0.008653246,Test
2679,0,-3.1076007,-1.8401897,3.4661584,-2.1066275,0.083755374,-1.5558672,-4.0829415,-0.23001017,0.0012978272,0.0046094237,0.9293177,0.0035312956,0.031564966,0.006125284,0.00048936374,0.023064207,2,,,,0.50847036,-3.2612102,-1.931996,3.6034343,-2.1134238,0.039220113,-1.7150494,-4.003878,-0.33227444,0.0011139435,0.0038729296,0.9366304,0.0035886567,0.028247708,0.0055261184,0.00060941564,0.020410802,2,,,,0.0055797505,Test
2680,0,-2.064244,-0.0095707495,2.4514234,-2.2753868,-0.72088385,-0.6116092,-4.6454835,-4.3469977,0.009146079,0.07137863,0.8363045,0.007405199,0.035046842,0.039093655,0.00069217675,0.0009329271,2,,,,0.97080064,-2.109705,-0.022662347,2.5105455,-2.2011013,-0.6871341,-0.65793526,-4.916465,-4.4983726,0.009357055,0.07308235,0.8350894,0.008176127,0.03450266,0.038078237,0.00056415296,0.0011500247,2,,,,0.013496048,Test
2681,0,5.7890024,3.7664456,-1.9840431,-2.5981305,-3.8600342,-4.64776,-4.9627786,-12.80171,0.88254964,0.11677608,0.00037149104,0.00020102669,5.6913577e-05,2.5888748e-05,1.8892952e-05,7.4455166e-09,0,,,,0.52906907,6.4432344,3.9771047,-2.376415,-2.8474612,-4.1131907,-5.3113456,-5.4298983,-13.417009,0.8776706,0.121845625,0.0002822489,0.00013174671,4.0095907e-05,1.6792377e-05,1.3001653e-05,7.824902e-09,0,,,,0.029505387,Test
2682,0,13.254907,-1.6962149,-4.4308033,1.8136963,-6.492564,-11.054279,-3.8982968,-17.754515,0.9999889,3.212223e-07,2.085396e-08,1.0743369e-05,2.6532463e-09,2.7710877e-11,3.5518397e-08,3.4101553e-14,0,,,,0.0002017428,12.802134,-1.9603891,-4.065791,1.6150023,-6.140237,-11.267099,-3.917728,-17.170094,0.99997807,1.1895364e-06,1.3358762e-07,2.0453383e-05,4.725475e-08,3.4881473e-09,1.4384224e-07,2.1626021e-12,0,,,,5.068431e-06,Test
2683,0,-4.014487,-0.43108663,6.434915,-3.3349602,0.40115803,1.23697,-9.589022,-11.123781,2.8705716e-05,0.0010332831,0.991028,5.663474e-05,0.0023749718,0.0054783155,1.088876e-07,2.3466095e-08,2,,,,0.0862276,-4.1268873,-0.28407347,6.4214983,-3.2140326,0.5421603,1.1256547,-9.213862,-10.190191,7.911034e-05,0.0025454296,0.9850036,0.00012388728,0.004735488,0.0075115077,6.175811e-07,3.9134298e-07,2,,,,0.0040052175,Test
2684,0,-2.236203,1.500071,5.1649456,-3.4642777,-1.1606051,0.9175831,-9.31275,-13.4469595,0.00058566657,0.024563694,0.9592427,0.00017151599,0.0017170256,0.013718996,4.947038e-07,7.922846e-09,2,,,,0.29804173,-2.521919,1.8308508,5.1555333,-3.6997063,-0.9044841,1.3792869,-9.65202,-13.513491,0.0010253312,0.0871269,0.8796916,0.00020750458,0.0026094846,0.029338306,7.8652585e-07,4.8124825e-08,2,,,,0.03721593,Test
2685,0,-1.6663163,1.9992907,5.4008718,-3.8816876,-1.0647486,0.2517192,-10.146372,-14.407992,0.0008185534,0.031988952,0.9600368,8.9314824e-05,0.0014938416,0.0055723614,1.6990494e-07,2.3955615e-09,2,,,,0.28069773,-1.9475635,2.0910306,5.4552903,-4.1100583,-0.57217854,-0.1130718,-10.241722,-13.668675,0.0016236578,0.04928024,0.9398435,0.00016768793,0.003538714,0.0055458313,4.6838414e-07,9.401154e-09,2,,,,0.015095046,Test
2686,1,-1.2323548,2.0653098,4.5841775,-3.7039044,-1.098283,-0.16065232,-9.438185,-13.387267,0.002717366,0.07350309,0.91250646,0.00022949203,0.0031072383,0.007935652,7.419961e-07,1.4300015e-08,2,,,,0.50455827,-1.1902479,2.169645,4.623885,-3.8453934,-1.0646533,-0.19032307,-9.954901,-13.339409,0.0034667947,0.11502787,0.86880237,0.00026977743,0.0030943363,0.009337684,1.1411443e-06,3.526635e-08,2,,,,0.033819005,Test
2687,0,10.342893,-2.3416893,-3.8518462,2.3004353,-5.3573422,-7.7108564,-2.1191282,-13.316271,0.99967086,3.0975134e-06,6.841644e-07,0.000321412,1.5182087e-07,1.4428242e-08,3.869636e-06,5.3065524e-11,0,,,,0.004348461,10.483521,-2.4223177,-3.5351207,2.3531728,-4.747014,-8.013862,-2.1934667,-13.116406,0.9993842,4.411043e-06,3.3864271e-06,0.0005983967,8.068749e-07,7.53034e-08,8.709853e-06,1.1624838e-09,0,,,,0.00016286923,Test
2688,0,-3.8301358,-0.93856853,3.3786957,-2.1066022,-0.3736786,2.1791034,-5.332576,-5.6954217,0.00055090524,0.009928161,0.7444453,0.0030874368,0.017466156,0.22431406,0.00012262407,8.530875e-05,2,,,,1.0031817,-4.0006514,-0.7103063,3.3132675,-2.4725158,-0.46020398,1.8332698,-5.146628,-5.4174557,0.00094357197,0.018906781,0.7763255,0.003313894,0.019008638,0.18096058,0.00036885304,0.00017214453,2,,,,0.016456367,Test
2689,0,-2.1343129,0.9732451,3.698818,-2.7933445,-0.63611555,0.45997223,-6.7970996,-9.078142,0.0026097347,0.058370262,0.8910312,0.0013501514,0.011674957,0.03493655,2.4636212e-05,2.5172685e-06,2,,,,0.66726315,-2.1608605,1.1185371,3.5624683,-3.0851054,-0.6433403,0.38351226,-6.9604087,-9.318848,0.0052333963,0.109917186,0.8267995,0.0014216693,0.013540323,0.04303562,4.893481e-05,3.4232107e-06,2,,,,0.028903652,Test
2690,0,-4.1187053,-0.3454345,6.1198215,-3.0715253,0.41403526,1.0136234,-8.522032,-9.821506,3.537352e-05,0.0015395334,0.9890408,0.00010080054,0.0032902034,0.005992671,4.3285067e-07,1.1802766e-07,2,,,,0.10335896,-4.12446,-0.07005618,6.2529874,-3.4961803,0.700477,1.0140793,-8.876442,-10.265564,0.00014086493,0.004179907,0.9803475,0.00013544396,0.0056394697,0.009555398,1.0787404e-06,3.6493827e-07,2,,,,0.004387735,Test
2691,0,-1.9102643,1.2091166,3.7645252,-3.0409622,-0.64396816,0.52468956,-7.2360907,-9.722432,0.003027089,0.068510175,0.8821753,0.0009771679,0.010739164,0.034555096,1.4724754e-05,1.2253035e-06,2,,,,0.6978878,-1.5281309,1.2161655,3.4497287,-2.5907676,-0.5336338,0.4523334,-6.878022,-9.176264,0.008695933,0.13219969,0.7864199,0.0025087404,0.018462168,0.051651575,5.4105196e-05,7.870805e-06,2,,,,0.04722433,Test
2692,0,-3.5270119,-1.5457374,2.784283,-1.591997,-0.71382415,0.40977955,-3.439425,-2.5805178,0.0015685818,0.011375319,0.8639081,0.0108610885,0.026137197,0.08039589,0.0017121643,0.0040417025,2,,,,0.8189389,-3.2486885,-1.3894675,2.7855237,-1.6235212,-0.5926792,0.19264308,-3.492726,-2.333734,0.0026181662,0.015161571,0.86093885,0.012006479,0.031629875,0.06963267,0.0022014491,0.0058110147,2,,,,0.012696855,Test
2693,0,-3.48596,-1.8855253,1.190634,-1.169021,-1.4564695,0.5268524,-1.9641148,-0.98787934,0.004922337,0.024391085,0.52867675,0.049935006,0.037459996,0.27221593,0.022547591,0.059851345,2,,,,1.9254634,-3.45037,-1.7819643,1.1562475,-1.2983472,-1.2446319,0.63435274,-2.2201703,-0.96950436,0.005207495,0.026394118,0.49473268,0.044018246,0.04569165,0.30448237,0.018215671,0.06125777,2,,,,0.02840742,Test
2694,0,2.820897,4.4042115,1.2266135,-3.8319473,-2.9567432,-2.6385164,-8.611814,-15.669026,0.16439849,0.8007972,0.033381764,0.00021213114,0.0005089798,0.0006996884,1.7812894e-06,1.5340019e-09,1,,,,0.8641174,2.4419885,4.343326,1.3635439,-3.4847267,-3.151871,-2.4784493,-8.205174,-14.883612,0.14647514,0.77360165,0.07621041,0.0007373699,0.001359564,0.0016108708,5.034825e-06,3.3010977e-08,1,,,,0.04504971,Test
2695,0,-3.687849,-0.5284722,5.8779855,-2.848653,0.5428104,0.19606608,-7.9317513,-8.488007,6.938124e-05,0.0016343374,0.9899905,0.00016058313,0.0047708303,0.0033729097,9.957234e-07,5.709001e-07,2,,,,0.09699988,-3.7055702,-0.3051285,5.5401907,-2.9929886,0.19913924,0.063796,-7.786532,-8.2902975,0.00025837283,0.004564195,0.9838252,0.0002839794,0.0057426947,0.005320926,2.736615e-06,1.8831051e-06,2,,,,0.0026330154,Test
2696,0,-3.640295,-1.4425465,3.015994,-2.437556,0.05272679,1.1606402,-4.9420676,-3.0094225,0.0010471914,0.009429664,0.81435865,0.0034863332,0.04206153,0.12736374,0.00028488753,0.0019679344,2,,,,0.93551457,-3.310166,-1.2212614,2.9183688,-2.3897645,0.12826273,1.2000124,-4.777152,-2.6800394,0.002160026,0.014361924,0.77434236,0.005327492,0.048372492,0.15132369,0.0008123135,0.0032997753,2,,,,0.021670438,Test
2697,0,-3.7354898,-0.2755133,6.062231,-2.7898436,0.013813304,0.3413304,-8.205139,-9.712698,5.5158584e-05,0.0017549384,0.99245137,0.0001420045,0.0023437692,0.0032520238,6.316392e-07,1.3987645e-07,2,,,,0.07687963,-3.6047893,-0.038228147,5.8894677,-3.504818,-0.059411533,-0.42132488,-8.10248,-9.302267,0.0002568698,0.003805174,0.9893557,0.00012013117,0.0032867081,0.0031725042,2.3757527e-06,5.031944e-07,2,,,,0.0021922453,Test
2698,0,-3.023987,-0.72955674,3.702791,-2.1447616,-0.39747515,0.43237388,-5.2405405,-5.061834,0.0011191336,0.011100443,0.93386585,0.0026960305,0.01547254,0.0354781,0.00012196771,0.0001458332,2,,,,0.46563768,-2.7344613,-0.73812973,3.6428585,-2.0645466,-0.5488225,0.22362134,-5.139557,-5.1429033,0.00256168,0.015356059,0.92699224,0.003931516,0.014743179,0.035958685,0.00026207548,0.00019453382,2,,,,0.010311874,Test
2699,0,4.6299357,2.469217,0.5570038,-2.558288,-3.0522683,-4.7698503,-6.935626,-14.033998,0.8821623,0.10166238,0.015020926,0.00066641154,0.0004066395,7.2991665e-05,8.3692985e-06,6.916804e-09,0,,,,0.5986023,4.533399,2.7337248,0.90848243,-2.5363345,-2.804078,-4.414729,-6.9445586,-14.2290325,0.78426605,0.14816383,0.06394456,0.0011071695,0.0012791367,0.0012146323,2.4252651e-05,4.5212772e-07,0,,,,0.04429113,Test
2700,0,7.773918,-0.51242995,-2.689429,0.49517617,-3.9930584,-6.204311,-2.3384204,-11.401248,0.9989813,0.00025167613,2.8535356e-05,0.00068935024,7.748622e-06,8.4896425e-07,4.0534454e-05,4.6977306e-09,0,,,,0.012888822,7.2338037,-0.6455587,-2.8514771,0.71675116,-3.9969025,-5.29226,-2.118019,-10.555609,0.9936954,0.0013525249,0.000151795,0.004376825,9.429133e-05,8.5959546e-05,0.00024305335,2.1377336e-07,0,,,,0.0027515604,Test
2701,0,-4.2875576,-2.3064818,0.545825,-0.3056976,-2.4161656,0.70220685,-1.058201,-1.1554141,0.0025701132,0.0186347,0.32289663,0.13780087,0.01669888,0.37755418,0.064929776,0.058914848,5,,,,2.1757782,-4.4054155,-2.3271108,0.49719015,-0.37317392,-2.366642,0.76305413,-1.0983727,-1.2331133,0.002507879,0.019322952,0.3090586,0.12663668,0.01722017,0.4014961,0.06646662,0.057291,5,,,,0.03575556,Test
2702,0,-3.3449008,-2.470343,2.6311395,-1.4984276,-0.35917217,-2.6189504,-2.3332727,2.2927978,0.0014103451,0.003381747,0.5555034,0.008937962,0.02792614,0.0029147533,0.0038785548,0.3960471,2,,,,1.3020829,-3.368142,-2.2932076,2.678026,-1.58739,-0.34207472,-2.4862401,-2.4176645,2.296501,0.0014697828,0.004246074,0.56098044,0.008670425,0.029219398,0.0037568747,0.003659984,0.38799703,2,,,,0.027015287,Test
2703,0,-2.5767741,-0.046794083,2.395345,-2.3521912,-1.1289024,1.5585008,-4.760575,-5.9464912,0.0044238907,0.055534244,0.638511,0.00553783,0.01881946,0.2765232,0.00049818633,0.00015217911,2,,,,1.3490521,-2.6650243,-0.04989318,2.4817214,-2.4811606,-1.0785235,1.5850857,-5.1060867,-6.1685476,0.0044516893,0.058099467,0.63782924,0.0054769563,0.019475108,0.27407628,0.0004395519,0.00015163561,2,,,,0.031815853,Test
2704,1,-3.8023772,-0.93374366,3.6023252,-2.6383855,-0.5265092,2.5809596,-6.329297,-6.4530187,0.00043782324,0.0077113495,0.71964794,0.0014022125,0.011587511,0.25914726,3.4984143e-05,3.0912906e-05,2,,,,0.99423385,-3.4579358,-1.0102403,3.3641453,-2.512258,-0.66037405,2.5051656,-6.0188193,-6.744207,0.0018400404,0.015304352,0.65917045,0.0031155962,0.014781786,0.30550885,0.00016903716,0.00010995028,2,,,,0.035645705,Test
2705,0,-3.2597067,-0.06166394,6.6659045,-3.05835,0.012997331,0.24626976,-9.511602,-12.432599,4.870015e-05,0.001192402,0.9957919,5.9563263e-05,0.0012848359,0.001622395,9.383533e-08,5.0558486e-09,2,,,,0.046550136,-3.9492612,-0.19434294,6.7293983,-3.4812229,-0.10798184,0.1290508,-9.803652,-12.927248,4.7095953e-05,0.0013813208,0.995042,6.917425e-05,0.0015041432,0.0019560223,2.398022e-07,1.3899485e-08,2,,,,0.0008706126,Test
2706,1,-0.5066818,2.38222,4.372133,-4.038002,-1.5263507,-0.23327781,-10.002601,-14.579629,0.0065723406,0.11812838,0.86409676,0.00019234772,0.0023707384,0.00863889,4.9396385e-07,5.080624e-09,2,,,,0.67603993,-0.34241217,2.5696297,4.0827208,-4.277434,-1.5260879,-0.6175676,-9.64644,-13.269966,0.016821854,0.2454632,0.7238957,0.0002901702,0.003878065,0.009636914,1.39426365e-05,9.1209486e-08,2,,,,0.053875152,Test
2707,0,-3.337406,0.32390097,6.258746,-3.2471406,-0.32979718,0.79315233,-9.386603,-11.900744,6.7423876e-05,0.0026236102,0.99167585,7.379305e-05,0.0013645885,0.004194619,1.5910389e-07,1.2876659e-08,2,,,,0.08251875,-2.8792903,0.051295925,6.219074,-2.819825,-0.19900367,0.9201803,-9.130084,-11.751411,0.00032641937,0.0054217926,0.9833053,0.00018048492,0.0029791244,0.0077865543,3.161503e-07,4.4700197e-08,2,,,,0.004442899,Test
2708,0,-3.1120355,-0.5291366,5.060075,-3.5499918,0.35084036,-0.10349639,-8.233239,-6.874841,0.00027717068,0.0036684794,0.9814084,0.00017887328,0.008844134,0.005614864,1.6543861e-06,6.4354927e-06,2,,,,0.16420223,-3.2549033,-0.6584437,4.936151,-3.5306156,0.4698596,-0.14062326,-8.295868,-7.1348505,0.00044397023,0.006840512,0.9679247,0.00038197494,0.015325226,0.009059613,8.979531e-06,1.4994526e-05,2,,,,0.008276168,Test
2709,0,-2.8009284,0.4164601,5.6084204,-3.058987,-0.53689647,0.21046266,-8.667956,-11.819284,0.00021999728,0.005491756,0.9875315,0.00016995889,0.00211677,0.004469384,6.2287273e-07,2.6656021e-08,2,,,,0.11761729,-3.1165676,0.2126948,5.5149636,-3.076303,-0.2401847,0.46351275,-8.474669,-10.821424,0.00035105797,0.0063181855,0.9770894,0.00035518332,0.006950751,0.008932568,2.7342824e-06,1.5017974e-07,2,,,,0.005193186,Test
2710,0,2.8873184,4.4488726,0.29377174,-3.4561846,-3.1807556,-2.498676,-7.1644483,-13.778245,0.17094968,0.81478435,0.012779249,0.00030055232,0.00039585604,0.0007829978,7.3695555e-06,9.887947e-09,1,,,,0.7729959,2.6330419,4.217727,0.33432937,-3.0891035,-3.2941399,-2.6588004,-7.3447394,-14.116098,0.19913241,0.75356036,0.04250146,0.0005963763,0.002478539,0.0017113487,1.9374616e-05,3.769618e-08,1,,,,0.044620946,Test
2711,0,-3.7385666,0.02383905,6.281389,-3.1917584,-0.6019565,1.5986366,-9.404762,-12.689616,4.3961514e-05,0.0018926249,0.9878342,7.5953605e-05,0.0010122436,0.009140931,1.5215109e-07,5.6974625e-09,2,,,,0.1082289,-4.088299,-0.15821221,6.472384,-3.3501465,-0.32250875,1.6657842,-9.502106,-12.479029,7.577549e-05,0.002196034,0.9851845,0.0001305309,0.0015479538,0.010864334,7.8864167e-07,1.4135598e-07,2,,,,0.0024506103,Test
2712,1,-2.2071104,-0.2026791,2.0395532,-2.497768,-0.67240256,0.8965352,-4.543526,-4.615239,0.00942088,0.06992056,0.6582548,0.007044668,0.043712597,0.209888,0.0009107496,0.0008477239,2,,,,1.4672235,-2.0691714,-0.094247125,1.7660534,-2.355025,-0.85440934,0.9218575,-4.335194,-4.797732,0.014133081,0.09488652,0.57331836,0.010433631,0.043015726,0.2610008,0.0022455181,0.000966404,2,,,,0.033992432,Test
2713,0,-6.319635,-3.2230904,6.492484,-1.8028607,0.9192311,2.129549,-6.9983826,-7.5452776,2.6823102e-06,5.9336384e-05,0.9834253,0.000245538,0.0037351523,0.01252976,1.3606062e-06,7.874427e-07,2,,,,0.13687436,-6.4094973,-3.1612334,6.3498716,-1.8391947,0.90353996,1.5097756,-6.549244,-7.071012,8.260347e-06,0.00015282829,0.98066795,0.00044352608,0.0066768453,0.0120349815,9.177989e-06,6.3978746e-06,2,,,,0.0042793704,Test
2714,0,8.52889,2.955553,-3.2597473,-1.5734949,-4.962233,-7.4241757,-4.3674207,-14.824171,0.9961643,0.0037832204,7.5612033e-06,4.082452e-05,1.3778775e-06,1.1749044e-07,2.497666e-06,7.181665e-11,0,,,,0.03676332,8.538536,2.7615333,-3.2419078,-1.8127807,-4.3560762,-7.7466216,-4.3153944,-14.75972,0.99569976,0.0042088605,1.731721e-05,5.241881e-05,1.5903772e-05,2.1041527e-07,5.4373186e-06,1.6580423e-09,0,,,,0.00073223666,Test
2715,0,2.2405856,2.6125333,-0.51148105,-2.8665888,-2.4364798,-1.7400957,-4.5731816,-8.98957,0.3922342,0.56895816,0.025022928,0.0023742577,0.003650243,0.0073241545,0.00043088768,5.2041637e-06,1,,,,1.2327627,2.3130798,2.528055,-0.7023946,-2.6672883,-2.4797344,-1.853075,-4.2487144,-9.055705,0.4362119,0.5081893,0.03701746,0.003911321,0.0049844733,0.008869836,0.0008016212,1.4110106e-05,1,,,,0.04978345,Test
2716,1,9.887359,0.8961114,-3.522263,-0.42996448,-5.1066556,-8.9850445,-3.4457414,-14.654434,0.99983895,0.00012447468,1.5003933e-06,3.305017e-05,3.0768916e-07,6.3642895e-09,1.6197133e-06,2.1956567e-11,0,,,,0.002405791,9.908392,0.5329539,-3.4290645,-0.6869026,-4.4231863,-8.950752,-3.9114754,-14.6906185,0.9997595,0.00019939235,4.7294798e-06,3.32297e-05,1.4679767e-06,2.754056e-08,1.6328734e-06,1.4919305e-10,0,,,,5.7938756e-05,Test
2717,0,0.024977835,3.0966103,3.7515755,-3.761598,-2.2992766,-0.43113416,-9.407603,-15.410603,0.015415687,0.33262575,0.64032966,0.00034952143,0.0015085235,0.009769579,1.2343687e-06,3.050531e-09,2,,,,1.1162304,-0.038113512,2.6028283,3.3937867,-3.5202377,-2.349921,-0.3675787,-9.15439,-14.668775,0.034586556,0.3232955,0.59791136,0.0009656134,0.0025577468,0.0406789,4.2481097e-06,9.22487e-08,2,,,,0.074463606,Test
2718,0,13.232266,2.7680647,-5.113381,-0.27943555,-7.259946,-10.249176,-5.268298,-20.853024,0.9999701,2.8539205e-05,1.0778874e-08,1.3549696e-06,1.259889e-09,6.340545e-11,9.23196e-09,1.5737439e-15,0,,,,0.00050099863,12.895131,2.7575617,-4.8457937,-0.30215666,-7.397696,-10.356647,-5.217156,-20.103413,0.99987316,0.00011885185,1.780984e-07,7.253685e-06,9.7635144e-08,6.586278e-10,4.0711376e-07,5.34569e-12,0,,,,5.1738116e-05,Test
2719,0,14.546254,-2.869143,-5.285382,3.8711746,-8.013796,-9.695931,-3.8707266,-20.553677,0.9999769,2.7326175e-08,2.4390443e-09,2.3113296e-05,1.5932514e-10,2.963074e-11,1.0036836e-08,5.705374e-16,0,,,,0.00039035946,14.281683,-2.7039638,-5.484241,3.7506928,-7.489157,-9.495059,-4.0719833,-19.93045,0.99992543,4.2588945e-07,7.9590805e-08,7.406352e-05,4.49312e-09,1.4700784e-09,5.0005116e-08,1.0941174e-13,0,,,,2.2750304e-05,Test
2720,0,8.401288,-0.5738937,-3.3400457,0.5390682,-4.4737234,-6.8903494,-2.1603703,-11.599242,0.9994522,0.00012644165,7.953632e-06,0.00038480732,2.5598563e-06,2.2839589e-07,2.5875686e-05,2.0589324e-09,0,,,,0.0073742224,8.580351,-0.03886962,-3.465898,0.44279462,-5.024216,-6.8641334,-2.369169,-11.876575,0.9990446,0.00037696856,1.1215442e-05,0.0005278039,2.8904983e-06,1.547383e-06,3.5022564e-05,2.0442284e-08,0,,,,0.00025425333,Test
2721,0,-2.1346266,-0.9904519,3.1167722,-2.2777317,0.1978648,-1.7120925,-4.2337523,-2.0231433,0.0047867615,0.0150297135,0.9134724,0.0041485117,0.049320795,0.007303755,0.00058668264,0.00535129,2,,,,0.5926563,-2.3198984,-1.2235161,3.2671044,-2.3497758,0.3152167,-1.919033,-4.3289056,-1.7775081,0.004300269,0.014416936,0.90997875,0.004909592,0.051227074,0.007107397,0.0008176554,0.0072422763,2,,,,0.011112863,Test
2722,0,3.50077,2.885671,-1.5944487,-2.4954224,-3.339186,-2.5033295,-3.7485893,-10.09728,0.64372766,0.34799096,0.0039434545,0.0016017283,0.0006888853,0.0015891128,0.00045745194,8.001004e-07,0,,,,1.0124918,3.488706,2.7889478,-1.4605751,-2.6934314,-3.4692383,-2.5034485,-3.8685105,-9.974681,0.6400828,0.34801707,0.0060490496,0.0017419603,0.0007828119,0.0026009711,0.00072304,2.2441525e-06,0,,,,0.0433745,Test
2723,0,2.1180882,2.4090097,0.77424884,-2.9075947,-2.025289,-2.802287,-5.700843,-9.67429,0.3804243,0.5088782,0.09923073,0.0024982837,0.006037018,0.002775724,0.00015295002,2.876759e-06,1,,,,1.4487997,1.6845697,2.1497998,0.8999651,-3.2256317,-2.0058503,-2.9682772,-5.949856,-9.542591,0.32802695,0.4674639,0.1893404,0.0022968668,0.008694768,0.003951136,0.00021665197,9.30935e-06,1,,,,0.059742175,Test
2724,0,-2.619459,-0.21070471,2.1592233,-2.2619996,-0.8286125,0.78653795,-4.409359,-4.6596217,0.005919502,0.06582544,0.70410997,0.008463069,0.035484597,0.17843941,0.0009884195,0.0007695801,2,,,,1.3492521,-2.3413634,-0.020744469,1.8505211,-1.8564012,-0.9076703,0.5751079,-4.014704,-4.605452,0.010871911,0.10243114,0.639463,0.018499684,0.042538576,0.18247579,0.0025200672,0.0011998639,2,,,,0.026698496,Test
2725,0,5.4686646,0.35517612,-1.8901691,-1.2403808,-2.8475802,-4.942963,-2.9919589,-9.052289,0.9917108,0.0059652016,0.0006316611,0.0012097167,0.00024248546,2.9831324e-05,0.0002098857,4.8979547e-07,0,,,,0.080359735,5.2550406,0.15804625,-1.905946,-1.0695406,-2.946262,-4.5028257,-2.951989,-9.200284,0.9848555,0.009912195,0.0014727681,0.00272976,0.00048332536,0.0001126157,0.00043216004,1.764772e-06,0,,,,0.003961975,Test
2726,0,-2.331954,-0.45364496,2.7559433,-2.2952492,-0.5520853,0.81151813,-4.8337436,-5.1502714,0.0050029135,0.03273122,0.8107159,0.005189957,0.02966266,0.11598868,0.00040992987,0.00029870553,2,,,,1.0036688,-2.0305111,-0.4274095,2.5770192,-2.207917,-0.5680433,0.7687103,-4.6665807,-4.7265077,0.0097297095,0.048816506,0.75816834,0.0074854232,0.03734417,0.13688032,0.0009047145,0.0006708569,2,,,,0.026207063,Test
2727,1,-3.6441102,-1.6049143,3.51531,-2.5549881,0.31822386,0.7224628,-5.407525,-3.3094711,0.0006989376,0.005370934,0.89894897,0.0020770074,0.036750074,0.055057555,0.000119838645,0.0009767201,2,,,,0.6212781,-3.6749806,-1.6719795,3.334802,-2.5560791,0.09109521,0.9914805,-5.4081163,-3.453118,0.0013249574,0.0069616647,0.85908145,0.0033668834,0.036243726,0.09160797,0.00021870523,0.0011946299,2,,,,0.0150927445,Test
2728,0,-4.337854,-0.9920688,6.357112,-3.1313224,0.2799874,0.9685975,-8.712624,-9.461935,2.24877e-05,0.00063826476,0.99245197,7.515105e-05,0.0022774446,0.00453427,2.8314344e-07,1.3383962e-07,2,,,,0.074299715,-5.1096735,-1.6722939,6.8060074,-3.5251317,0.45209685,0.845888,-9.637202,-9.55447,1.1769365e-05,0.00027347036,0.99411917,4.8135e-05,0.0021892616,0.003357819,1.1769116e-07,2.1195847e-07,2,,,,0.0007886994,Test
2729,0,0.6001197,1.8309648,1.755602,-3.2293785,-1.6038163,-1.3095238,-6.656429,-9.172587,0.12689291,0.43449685,0.4029554,0.0027561793,0.014004906,0.018797053,8.952792e-05,7.2311027e-06,1,,,,1.6476189,0.50862867,2.351753,1.7412164,-3.40603,-1.7516568,-1.4417439,-7.1557755,-9.363651,0.08624997,0.5627124,0.3221371,0.0020651855,0.011457502,0.015314381,5.5439432e-05,7.967996e-06,1,,,,0.05531269,Test
2730,0,-2.8882492,0.7696646,5.7533946,-3.3149786,-0.32752126,0.58553016,-9.114697,-11.818913,0.00017396545,0.0067464416,0.9851018,0.00011353686,0.0022520234,0.0056118513,3.438357e-07,2.3010438e-08,2,,,,0.1354212,-2.95946,0.87167585,5.8011045,-3.1309226,-0.16540244,0.5131556,-8.882532,-11.368583,0.00056854717,0.015535015,0.97410613,0.00027557104,0.0031175404,0.0063942736,2.6778255e-06,1.7887676e-07,2,,,,0.006780409,Test
2731,0,-2.1076534,0.9924899,5.6755877,-3.421136,-0.6868107,0.48933333,-9.49371,-13.470358,0.00040965548,0.009094816,0.98319006,0.00011014902,0.0016962235,0.0054988996,2.5391913e-07,4.7605657e-09,2,,,,0.1486697,-1.8612573,1.1856394,5.7032766,-2.8474758,-0.5471785,0.44487748,-9.098973,-12.934611,0.0015330234,0.019364197,0.96949273,0.00029493045,0.0026614661,0.0066521554,1.3695687e-06,2.3597977e-08,2,,,,0.006108564,Test
2732,0,-5.111067,-0.89088076,8.748748,-3.4309857,0.009793775,1.4484218,-11.407426,-14.575708,9.557964e-07,6.5038264e-05,0.9990941,5.128796e-06,0.00016007632,0.0006747069,1.7615355e-09,7.411809e-11,2,,,,0.0114455605,-5.3919754,-1.0091991,8.723536,-3.3546586,-0.5270347,1.8473768,-10.862359,-15.625058,1.7547651e-06,9.182702e-05,0.998469,8.847064e-06,0.000118882876,0.0013097115,6.0595973e-09,5.3514145e-11,2,,,,0.00026995683,Test
2733,0,-0.75977135,1.3320489,3.940538,-3.0814073,-0.8825996,-1.0620396,-7.8453946,-10.476185,0.008277914,0.067048155,0.91041464,0.0008121706,0.0073211165,0.006118533,6.9290513e-06,4.990406e-07,2,,,,0.5473143,-0.9333286,1.2357092,4.5642004,-3.0361888,-0.5089016,-0.8512554,-8.0446,-10.739972,0.0052380324,0.04525178,0.9368337,0.00076799747,0.0065138936,0.005384763,9.15528e-06,6.681631e-07,2,,,,0.011166415,Test
2734,1,2.795509,-1.7916511,-0.43162304,-0.38575873,-1.714094,-4.109323,-2.0719175,-3.8465092,0.898966,0.009153032,0.03566298,0.03733673,0.009891168,0.0009015979,0.006915867,0.0011726039,0,,,,0.68476844,2.919313,-1.8651279,-0.5891367,-0.22027405,-1.976511,-3.9699159,-2.004608,-3.859794,0.89071196,0.008384157,0.033318512,0.048136313,0.008379892,0.0031329244,0.006651014,0.0012851851,0,,,,0.018096276,Test
2735,1,6.1080728,0.485494,-2.1573288,-0.6435001,-3.2085981,-5.2393827,-2.4424598,-9.489777,0.99469143,0.0035961147,0.00025589982,0.0011628338,8.943539e-05,1.1736831e-05,0.0001924152,1.6735113e-07,0,,,,0.05499915,6.1344705,0.5542603,-2.0801063,-0.6742029,-3.1016562,-4.9773426,-2.6925712,-9.997568,0.9933747,0.0044843797,0.0003941977,0.0013181356,0.00014965025,2.030639e-05,0.0002583473,2.2458445e-07,0,,,,0.0009138188,Test
2736,1,-1.8245084,0.6139462,4.213646,-2.8511407,-0.6520382,0.11623499,-7.1076064,-9.528702,0.002261769,0.025909303,0.94795007,0.00081019115,0.0073054293,0.015750792,1.1482272e-05,1.019905e-06,2,,,,0.38422906,-2.4256816,0.5293233,4.422352,-3.3421345,-0.86031675,0.37876898,-7.6040306,-9.64192,0.0016534788,0.027240455,0.9441925,0.0005374906,0.006779908,0.019585393,8.849242e-06,1.9094516e-06,2,,,,0.009607096,Test
2737,0,-1.0328357,1.756848,3.4020877,-3.3340466,-1.5891376,0.3853407,-8.1480055,-12.3561125,0.009396255,0.1529322,0.7925332,0.0009409172,0.0053871106,0.038802605,7.636177e-06,1.135843e-07,2,,,,0.9755169,-0.98688185,1.9525268,3.4719176,-3.390305,-1.5672518,0.05572467,-7.6279016,-11.357657,0.010026415,0.23340917,0.71821505,0.0007936627,0.0061911275,0.031349726,1.3982103e-05,9.140188e-07,2,,,,0.050040834,Test
2738,0,-2.531495,0.09727488,3.8230562,-3.4424076,-0.30634582,0.64465535,-7.5250783,-7.8183007,0.0016036327,0.022221081,0.922256,0.00064491224,0.014841401,0.038413994,1.0874745e-05,8.110996e-06,2,,,,0.5225417,-2.4878945,0.16293082,3.4608865,-3.520595,-0.53688365,0.75209415,-7.256227,-8.04842,0.0043048207,0.049482297,0.85063374,0.0011343847,0.017538086,0.076856695,3.2202333e-05,1.7816616e-05,2,,,,0.026016423,Test
2739,0,-6.287371,-2.1627455,9.143084,-2.935954,0.62115324,2.2633073,-10.791969,-13.152136,1.9865445e-07,1.228571e-05,0.99875605,5.6702215e-06,0.00019880713,0.0010270951,2.1967264e-09,2.0738085e-10,2,,,,0.014738214,-6.301688,-1.6085755,9.097964,-3.6462064,0.62708914,2.3001904,-11.423373,-12.72167,7.9298235e-07,4.632637e-05,0.9972267,7.4791424e-06,0.00037406042,0.0023446602,8.183293e-09,9.819285e-10,2,,,,0.000837092,Test
2740,0,-0.82331157,2.241805,3.6327753,-3.3961005,-1.3158208,-0.50335246,-7.9533267,-11.543045,0.00903734,0.19373317,0.77856463,0.0006897516,0.00552264,0.012445063,7.236269e-06,1.9976511e-07,2,,,,0.9287931,-1.197215,2.3781004,3.7068794,-3.3665614,-1.6743057,-0.5429198,-7.863595,-11.318712,0.0073403693,0.24855463,0.723427,0.0009081238,0.0039884737,0.01576511,1.5564136e-05,6.411889e-07,2,,,,0.04505127,Test
2741,0,-3.4297435,-1.0784495,2.7853684,-2.2074199,-0.8486596,1.886834,-4.748294,-4.9879894,0.0013651485,0.014332891,0.6829181,0.0046347696,0.018035589,0.27806097,0.00036520828,0.0002873705,2,,,,1.1379393,-3.1813793,-0.70620316,2.644136,-2.0411215,-0.87114525,1.8888543,-4.329549,-4.9580107,0.0021030316,0.025243368,0.63123804,0.006374157,0.020656293,0.31321526,0.00073397614,0.000435888,2,,,,0.03501659,Test
2742,0,-4.192477,-2.0134912,1.4431348,-0.7602783,-1.5619162,0.4421189,-1.9670247,-0.63717514,0.0020741026,0.018329551,0.5812265,0.064182304,0.028791765,0.21360418,0.019201357,0.072590254,2,,,,1.8407547,-4.1743126,-2.136108,1.4550667,-0.7721741,-1.4588768,0.5109355,-2.0630662,-0.6702589,0.0025067725,0.016102996,0.56249726,0.069877796,0.031220695,0.22888741,0.01948415,0.06942292,2,,,,0.032078497,Test
2743,0,0.891441,2.8185806,2.4809551,-3.4640472,-1.9578029,-1.6258317,-7.8768473,-12.444337,0.07738285,0.53160715,0.37928173,0.0009932993,0.0044795442,0.006243198,1.2039973e-05,1.25023e-07,1,,,,1.3915484,1.0337455,2.7163372,2.3580277,-3.2449183,-2.2617168,-1.5683267,-7.5830297,-12.616297,0.1047505,0.50817645,0.37187138,0.001980454,0.0046242056,0.008563345,3.307155e-05,6.9266173e-07,1,,,,0.05399953,Test
2744,0,-2.1983702,1.1317259,5.119559,-3.3536694,-0.9917104,0.8295164,-9.120493,-12.904234,0.000640889,0.017907098,0.9658709,0.0002018565,0.0021420454,0.013236628,6.3174735e-07,1.4364336e-08,2,,,,0.26317877,-2.0201254,0.75738615,4.9819403,-3.338618,-0.83967924,0.87956667,-9.104587,-13.3376665,0.0037476048,0.026934985,0.94017684,0.00061725307,0.004749732,0.023767443,5.897401e-06,2.3253128e-07,2,,,,0.021871265,Test
2745,0,-2.6252925,-0.86251986,3.4669662,-2.146553,0.24881683,-0.29835907,-4.582292,-3.7773087,0.0020864827,0.01216122,0.92310053,0.0033676627,0.036950853,0.02137908,0.00029478173,0.00065932615,2,,,,0.53501827,-2.6013808,-0.75751054,3.414912,-1.9829264,0.19683516,-0.24486001,-4.5468397,-3.971191,0.002909592,0.015928086,0.9082959,0.0051023713,0.03929794,0.027065584,0.0004782111,0.0009223573,2,,,,0.010664736,Test
2746,0,-3.6948247,0.35409275,6.2645497,-3.442674,-0.5183867,1.5636294,-9.936228,-12.841109,4.667373e-05,0.0026760544,0.98712885,6.0059272e-05,0.0011183608,0.008969953,9.087947e-08,4.9761257e-09,2,,,,0.11480063,-4.1825886,0.5280511,6.170673,-3.8879864,-0.32967845,1.7247251,-10.18146,-13.056839,0.000115501185,0.005214539,0.9666792,0.00019129623,0.0024582874,0.025340617,5.0247337e-07,1.4797969e-08,2,,,,0.013164232,Test
2747,0,1.6020424,2.2503488,2.3806267,-2.9131415,-2.0358102,-2.3581712,-7.829263,-14.635894,0.1942851,0.37153128,0.42322794,0.0021257887,0.0051114024,0.0037028869,1.5576694e-05,1.7234273e-08,2,,,,1.6029037,2.164801,2.5883372,1.8629175,-2.8775,-2.283826,-2.8466055,-6.796261,-14.11514,0.27839297,0.42333394,0.28842622,0.0015857263,0.006488356,0.0017344462,3.8283182e-05,6.863826e-08,1,,,,0.0893529,Test
2748,1,-3.06962,-0.7610706,3.3678877,-2.3078828,-0.6631015,0.7401386,-5.321066,-5.245276,0.0014398787,0.014484922,0.8997046,0.0030842104,0.015975835,0.064995445,0.00015154284,0.00016347463,2,,,,0.6206269,-3.075228,-0.60546607,3.414414,-2.5062833,-0.49941722,0.69239056,-5.389577,-5.3769407,0.001641844,0.01920839,0.8909706,0.0025610167,0.021355389,0.0639287,0.00016273379,0.00017125721,2,,,,0.011872128,Test
2749,0,2.1073492,3.4356377,0.74089235,-3.3056881,-2.0896065,-2.6218987,-6.2064967,-10.369444,0.19770002,0.7462342,0.05041527,0.0008813624,0.0029736653,0.0017463071,4.8456186e-05,7.540575e-07,1,,,,1.0453806,2.4133296,3.7117646,0.45685,-3.114266,-2.3052049,-3.038508,-5.7283483,-10.307024,0.22814906,0.72406083,0.042164266,0.0010492943,0.0028388905,0.0016194874,0.00011647233,1.738916e-06,1,,,,0.036036387,Test
2750,0,-3.6948397,-0.26847026,5.238235,-3.0830839,-0.6103542,2.2175949,-8.385223,-10.446028,0.00012494357,0.003843858,0.946889,0.00023035429,0.0027307952,0.046179764,1.1473768e-06,1.4612014e-07,2,,,,0.33795863,-4.0180025,-0.73232996,5.512294,-3.2672653,-0.44302297,2.491266,-9.504685,-11.292013,0.00010914869,0.0024237167,0.94028723,0.00028766008,0.004519944,0.052371405,6.09815e-07,3.542781e-07,2,,,,0.008446929,Test
2751,0,5.791301,2.5902255,-1.6639057,-2.2834735,-3.2809203,-5.43082,-4.8762045,-11.340081,0.9599143,0.03908617,0.00055523583,0.00029881526,0.00011020899,1.2838893e-05,2.2355984e-05,3.4847194e-08,0,,,,0.2509774,6.483312,2.833701,-1.9353907,-2.5159547,-3.450971,-6.0414553,-5.244113,-11.859877,0.96750486,0.03171556,0.00048165309,0.00014865161,0.0001229233,7.5340204e-06,1.8680576e-05,6.2826594e-08,0,,,,0.004479972,Test
2752,0,-3.3932035,-1.7526977,1.6172758,-1.6477017,-1.0177294,1.9133441,-3.1959066,-2.6089702,0.0026477375,0.013656441,0.3970987,0.015168293,0.028479356,0.5339238,0.0032252232,0.005800471,5,,,,1.4273823,-3.166923,-1.6798471,1.6018066,-1.5042424,-1.0270821,1.7097565,-2.802178,-2.4027004,0.0039136033,0.01720985,0.43234506,0.020462107,0.031560197,0.48021135,0.0056927623,0.008605147,5,,,,0.025226451,Test
2753,0,-2.990801,-2.4305384,3.109089,-2.1966887,0.49629095,-2.5496671,-3.5779593,1.5354109,0.0017301602,0.0030297393,0.7713203,0.0038279374,0.05656021,0.002689479,0.0009618043,0.15988034,2,,,,1.0507588,-2.9910607,-2.420102,3.0113022,-2.3213906,0.34393698,-2.4217877,-3.5962806,1.3961358,0.0022889753,0.003910319,0.7689376,0.0043148855,0.05542373,0.0039994074,0.0013294674,0.15979561,2,,,,0.016413473,Test
2754,0,6.741642,-0.08403215,-2.4698946,-0.054899044,-3.6909282,-5.071978,-2.8623285,-10.425569,0.99759835,0.0010829369,9.964059e-05,0.0011149499,2.9386505e-05,7.385262e-06,6.729834e-05,3.4940676e-08,0,,,,0.027891207,6.6636505,-0.59220797,-2.4825006,-0.4119513,-3.4279237,-4.9800677,-3.0082526,-10.8601465,0.99561584,0.0027872974,0.0002542813,0.0011069528,0.000118867145,2.011945e-05,9.661742e-05,7.749209e-08,0,,,,0.0018375952,Test
2755,0,10.7676325,2.4916272,-3.8347592,-0.8994853,-5.9245296,-8.893409,-4.931203,-17.577543,0.99973637,0.00025448506,4.5514224e-07,8.56881e-06,5.6308227e-08,2.8920364e-09,1.5204353e-07,4.894763e-13,0,,,,0.0035777506,10.713806,2.177052,-3.7830226,-0.80914915,-5.699196,-8.258628,-5.58449,-17.801685,0.999582,0.00039721048,8.2152945e-07,1.9642683e-05,1.4897304e-07,2.3318005e-08,2.1832071e-07,6.4694443e-12,0,,,,0.00014609615,Test
2756,0,-2.8417025,0.49273297,5.195528,-4.311932,-0.18661143,1.8326037,-10.955722,-13.197615,0.00030819396,0.008648705,0.95356214,7.084541e-05,0.004384453,0.03302551,9.224667e-08,9.801862e-09,2,,,,0.3261011,-2.73037,0.26067376,5.411126,-4.1929955,-0.18193252,2.1183312,-11.03284,-13.437796,0.00076803763,0.012803813,0.9430202,0.00012015586,0.004183145,0.039104156,4.8296346e-07,6.466979e-08,2,,,,0.0077380515,Test
2757,0,5.6996827,0.2469894,-2.3466027,-0.80534583,-3.0833256,-4.5822425,-2.29398,-8.810059,0.993417,0.004256542,0.00031818094,0.0014860503,0.00015230685,3.402109e-05,0.0003353729,4.961708e-07,0,,,,0.06696543,5.81364,0.045207333,-2.130055,-0.7740005,-3.0590665,-4.522743,-2.3006778,-9.220722,0.99241674,0.004641316,0.0005497657,0.0017431512,0.00022330957,6.0714752e-05,0.00036428863,6.8522485e-07,0,,,,0.0016005787,Test
2758,0,-3.963286,-0.3181925,7.0086765,-3.2533019,-0.27233967,1.386351,-9.907657,-12.825184,1.7090906e-05,0.0006543482,0.9950105,3.4762194e-05,0.00068505027,0.003598179,4.4787612e-08,2.4215392e-09,2,,,,0.05130124,-3.6079075,-0.36003554,6.9097,-3.076184,-0.35384625,1.3106201,-9.163174,-12.504255,0.00010588139,0.0013106444,0.9913708,0.00020411208,0.0011412353,0.005864584,2.7660758e-06,6.171204e-08,2,,,,0.0023273553,Test
2759,0,9.138517,-1.2173985,-3.7520974,1.0059555,-4.7123737,-7.0151896,-1.8836101,-12.116354,0.99965465,3.1793094e-05,2.5207353e-06,0.00029371312,9.649046e-07,9.6468156e-08,1.6330556e-05,5.8745775e-10,0,,,,0.0047475095,8.93136,-1.4044855,-3.5960205,1.1427207,-4.6367273,-6.904747,-1.4346316,-11.369853,0.9983207,0.00019482021,1.6351009e-05,0.0012714115,1.42759045e-05,5.747859e-06,0.00017650983,1.2537807e-07,0,,,,0.00086039,Test
2760,0,2.069252,2.8186805,1.7390136,-3.1765597,-2.7636948,-2.762512,-7.227356,-13.796117,0.25934687,0.54872364,0.18640615,0.0013666394,0.002065184,0.0020676288,2.3791146e-05,3.3391714e-08,1,,,,1.4820521,1.8264735,3.0279434,1.8540179,-3.208978,-2.5472503,-2.4155505,-7.192046,-13.753378,0.19014373,0.57025903,0.23123197,0.0014072626,0.0028461297,0.004074148,3.7679976e-05,1.0433333e-07,1,,,,0.05745407,Test
2761,0,-5.519314,-1.3871866,9.198904,-3.5385761,1.4997962,0.93228513,-11.626463,-12.946334,4.0517114e-07,2.5246336e-05,0.9992618,2.9367159e-06,0.00045289664,0.00025676299,9.0227165e-10,2.4105995e-10,2,,,,0.009606318,-5.956964,-1.2997453,9.604367,-4.077709,1.783078,1.2712121,-12.586536,-12.923541,4.301618e-07,4.4026692e-05,0.9990074,2.216459e-06,0.00062866515,0.0003171794,9.292984e-10,9.612893e-10,2,,,,0.0002630175,Test
2762,0,-3.6418276,0.1967639,7.1230507,-3.6218631,-0.3944974,0.68359005,-10.412196,-13.433827,2.106204e-05,0.0009785421,0.996845,2.148675e-05,0.0005417488,0.0015922284,2.4163858e-08,1.1773059e-09,2,,,,0.035665624,-3.8045719,0.34000194,6.875252,-3.827845,-0.24422634,0.47247666,-10.518884,-13.669719,6.329581e-05,0.004823429,0.98959863,4.953276e-05,0.0013829105,0.004082013,1.5299234e-07,1.4440107e-08,2,,,,0.0030705458,Test
2763,0,-6.02923,-2.3845532,8.80377,-2.462454,1.1012067,1.388562,-9.342621,-11.778079,3.6111103e-07,1.3819869e-05,0.99892044,1.2784155e-05,0.00045118033,0.0006013773,1.3141758e-08,1.1506621e-09,2,,,,0.013444381,-6.0049353,-2.0672014,8.684507,-2.2851214,1.174274,1.1631825,-9.277708,-12.582419,4.121775e-06,4.8728212e-05,0.9968894,3.8271195e-05,0.0009173968,0.002101855,1.4122116e-07,3.1836063e-09,2,,,,0.0013520339,Test
2764,1,-4.0138364,-1.8838483,2.0891728,-1.974827,-0.6352025,1.3891678,-3.7856295,-2.2966552,0.0013840301,0.01164629,0.6189403,0.010633492,0.040594537,0.3073551,0.0017388192,0.007707399,2,,,,1.3668699,-3.7342217,-1.3943179,1.9115175,-1.9146786,-0.77305526,1.1647799,-3.5124733,-2.3821158,0.0023497564,0.025190225,0.60089916,0.014524561,0.044686675,0.29922798,0.003530521,0.0095910635,2,,,,0.035493974,Test
2765,0,-4.282979,-1.7068592,2.0276158,-1.5129577,-1.1719171,2.5574033,-3.353573,-3.9063632,0.00064860965,0.008526643,0.3569768,0.010351147,0.014557959,0.6063506,0.0016429313,0.00094524777,5,,,,1.2154138,-4.2670364,-1.7649139,2.0487256,-1.4808311,-1.2024678,2.3014796,-3.5083923,-3.7588856,0.00093913515,0.009803407,0.4211062,0.0129996035,0.017079888,0.5343642,0.001929664,0.0017778404,5,,,,0.034266125,Test
2766,0,-3.8779345,-2.4665987,1.5756338,-1.0342275,-1.2135165,0.3746193,-2.2399437,0.0036569685,0.0025370314,0.01040546,0.5926258,0.04358451,0.03643074,0.17831446,0.013052578,0.12304946,2,,,,1.8060261,-3.78556,-2.3853097,1.5164866,-0.9251668,-1.2595798,0.3502314,-2.0670362,0.050682724,0.003078071,0.012083006,0.55962795,0.05245741,0.035368554,0.1794097,0.01762322,0.14035212,2,,,,0.028627124,Test
2767,0,-0.76987743,1.1621585,1.5891275,-2.6192489,-1.5106304,0.31606343,-4.9603806,-7.2980666,0.045255244,0.3124219,0.47881943,0.007120281,0.021575656,0.13405624,0.00068510405,6.6147375e-05,2,,,,1.8021638,-0.6238451,1.1870282,1.5665915,-2.576801,-1.4433416,0.258694,-5.0852046,-7.8145857,0.054354947,0.3227098,0.46290812,0.007528172,0.0238437,0.12790939,0.0006817159,6.416837e-05,2,,,,0.04811767,Test
2768,0,-1.8776789,0.2714297,4.734445,-3.101641,-1.1408962,0.6408076,-8.970267,-13.236533,0.00130135,0.011161949,0.9682846,0.00038267847,0.0027187837,0.016149493,1.0817384e-06,1.5181216e-08,2,,,,0.25355014,-1.022458,0.539067,4.546079,-2.8589063,-1.0583715,0.46682063,-8.871654,-12.505392,0.005792154,0.022437476,0.94811726,0.00068373384,0.0040545287,0.01891237,2.5150923e-06,6.23325e-08,2,,,,0.008058224,Test
2769,0,-4.3950357,-0.5043805,6.67862,-3.112166,0.30032852,0.9879628,-9.043721,-10.288663,1.542463e-05,0.000754927,0.99412835,5.5636297e-05,0.0016880521,0.0033575422,1.4767816e-07,4.2525063e-08,2,,,,0.060454402,-3.9833283,-0.33091503,6.32347,-3.068411,0.21976614,0.79652745,-8.023184,-9.631276,5.160427e-05,0.0017804891,0.9890982,0.00018687174,0.00301248,0.0058685564,1.502537e-06,3.5214734e-07,2,,,,0.0022004351,Test
2770,0,-2.9384205,0.041935444,5.675462,-3.0419478,-0.3574388,0.8170752,-8.704149,-11.955787,0.00017904612,0.0035262816,0.9861123,0.00016143723,0.0023652164,0.007655189,5.6097133e-07,2.171563e-08,2,,,,0.12734593,-3.225722,0.68756956,5.211092,-3.4608498,-0.30940193,0.7987635,-8.794436,-11.074773,0.0005974211,0.013243033,0.95660657,0.00035133044,0.008782897,0.020411538,6.2364575e-06,9.3277606e-07,2,,,,0.012398378,Test
2771,0,0.2940583,2.4063697,2.9080544,-3.3398798,-1.929156,-0.6669839,-8.16829,-13.281684,0.042665377,0.35272866,0.5825318,0.0011268763,0.004618979,0.016319254,9.014141e-06,5.422571e-08,2,,,,1.3224947,0.5687777,2.3031583,2.4737387,-3.099263,-2.2042701,-0.65356976,-7.976803,-13.389125,0.084188655,0.4042143,0.47383198,0.002129763,0.0049501015,0.03064149,4.3590277e-05,1.597106e-07,2,,,,0.083074465,Test
2772,0,-3.9517357,-1.9943334,0.40486574,-1.1679767,-2.3115194,3.5889816,-2.307213,-4.4672246,0.0005009105,0.0035469017,0.039066818,0.008104593,0.0025828362,0.9433047,0.002593984,0.00029914815,5,,,,0.40083507,-3.8671691,-2.0248637,0.4335758,-1.313706,-2.2115438,3.6489608,-2.226225,-4.1696496,0.0006304705,0.0032992426,0.04240317,0.008064835,0.0032609855,0.9370569,0.004765317,0.00051905995,5,,,,0.008163279,Test
2773,0,0.17893766,-2.4542284,1.3372476,-1.2017332,-0.25558716,-3.9856892,-2.3120935,0.24625105,0.1581435,0.011362709,0.5036154,0.039758828,0.10240936,0.0024568397,0.01309816,0.16915515,2,,,,2.051074,0.079367265,-2.3951516,1.3582343,-1.2281626,-0.1700867,-3.8837857,-2.3331444,0.38707426,0.13788678,0.011912001,0.48475552,0.038076773,0.11042283,0.0027317074,0.013353239,0.2008611,2,,,,0.036458887,Test
2774,0,-3.47552,0.1141766,5.918451,-3.0979404,-0.35958377,1.0940661,-8.71293,-11.239335,8.214592e-05,0.002975578,0.98704183,0.00011983023,0.0018527624,0.007927421,4.365238e-07,3.489828e-08,2,,,,0.11837264,-2.960588,0.80673516,5.4346457,-3.2538743,-0.39354077,0.92977446,-8.038992,-10.569226,0.001898363,0.021089176,0.95729744,0.0007118296,0.004222852,0.01476529,1.4507294e-05,4.8993303e-07,2,,,,0.013299867,Test
2775,0,0.5993116,1.9093121,3.719961,-3.1576588,-1.8996795,-1.3291788,-9.0737095,-14.055978,0.03620799,0.13419315,0.8205124,0.00084561534,0.0029751328,0.005263462,2.2796312e-06,1.5634837e-08,2,,,,0.8698525,0.8540866,1.8871386,3.3605042,-2.8729553,-2.0407941,-1.194165,-8.785014,-13.922994,0.09475843,0.21865281,0.6695775,0.0021528408,0.004155284,0.010694063,9.050341e-06,9.203207e-08,2,,,,0.0582029,Test
2776,0,-0.43575636,1.9399505,2.6772113,-3.2775242,-1.2406121,-0.99190193,-6.576523,-9.585907,0.028306603,0.30453986,0.6365499,0.0016509106,0.012657368,0.016231433,6.0951807e-05,3.0062677e-06,2,,,,1.2752144,0.12641014,2.1330729,2.4573085,-3.1309721,-1.3283901,-1.0229576,-6.443147,-9.871453,0.047024567,0.39516604,0.5220008,0.001983079,0.013497999,0.02024687,7.4813026e-05,5.773135e-06,2,,,,0.065493576,Test
2777,0,-1.3448194,1.0193993,2.5255475,-2.9831274,-1.4888612,0.93039125,-6.452674,-9.23329,0.014206106,0.15109226,0.68132466,0.0027603689,0.012300382,0.13822499,8.593338e-05,5.327902e-06,2,,,,1.3736994,-0.96086025,1.0705414,2.8004358,-2.9653068,-1.3323147,1.1105587,-6.2766943,-9.419521,0.030310119,0.15661532,0.6624316,0.0032824527,0.011680054,0.13547766,0.00019683523,6.0197503e-06,2,,,,0.046368353,Test
2778,0,-4.1869493,-0.35999686,7.0409174,-3.3302913,-0.10768761,1.3427311,-10.065599,-12.1562195,1.3234956e-05,0.0006077809,0.9952295,3.1172007e-05,0.0007822104,0.0033360482,3.7038806e-08,4.5783928e-09,2,,,,0.049562078,-3.4361744,-0.7002245,7.3657975,-3.061225,0.058751114,1.2310662,-9.637201,-11.940699,8.416972e-05,0.00053349475,0.9952539,7.866186e-05,0.001392424,0.0026568214,3.8213352e-07,2.232073e-08,2,,,,0.0009619612,Test
2779,0,-0.14545405,2.6580713,4.1084347,-4.034261,-1.6677201,-0.74110097,-10.027823,-14.529004,0.011277616,0.18611133,0.7937023,0.00023084982,0.0024609661,0.006216288,5.7591546e-07,6.3902874e-09,2,,,,0.85869,-0.055875063,2.9007566,4.0458117,-4.124791,-2.1493466,-0.8642151,-10.293157,-14.871529,0.020431112,0.27064127,0.69790053,0.000279565,0.0016664,0.009080233,8.7943425e-07,3.4136956e-08,2,,,,0.047837388,Test
2780,0,11.55393,1.5483568,-4.3821335,-0.28042933,-5.8719172,-9.643027,-4.392064,-17.221415,0.9999473,4.514523e-05,1.1995893e-07,7.250705e-06,2.7041295e-08,6.22667e-10,1.1877355e-07,3.184224e-13,0,,,,0.0008575866,11.516739,1.07299,-4.6040316,-0.054774724,-6.161363,-8.776205,-4.5212927,-17.120556,0.9999337,4.7339698e-05,2.2165459e-07,1.8265677e-05,4.3404363e-08,9.238611e-09,3.575143e-07,4.428236e-12,0,,,,2.0419991e-05,Test
2781,0,5.4064703,-0.35654944,-1.782238,-0.32297677,-3.0708604,-4.2537246,-2.9716344,-9.13009,0.9924103,0.003117767,0.00074933306,0.0032242157,0.00020655377,6.328811e-05,0.0002281006,4.8255123e-07,0,,,,0.07751106,5.452793,-0.24465695,-2.0371423,-0.4565548,-3.2500749,-4.2228785,-3.3316293,-8.960748,0.9905338,0.0052824514,0.00065549964,0.0029629213,0.0002602605,7.958726e-05,0.00022399037,1.468366e-06,0,,,,0.00202303,Test
2782,0,-2.6543164,0.04175955,4.81004,-2.7025185,-0.113805816,0.6200753,-7.549834,-9.56439,0.0005553617,0.008231269,0.9689575,0.0005292271,0.0070454003,0.014676623,4.1541266e-06,5.540758e-07,2,,,,0.25268692,-2.9238746,-0.3560575,4.99656,-2.3668113,-0.114765,0.5454291,-7.3033457,-9.528529,0.0010915414,0.0099820895,0.96807635,0.00092773966,0.007918874,0.01198975,1.2633051e-05,1.0271204e-06,2,,,,0.0070527,Test
2783,0,1.2907497,1.080335,1.5240772,-2.2416277,-1.6594206,-1.7775425,-5.686405,-9.496195,0.31229863,0.2530394,0.39436913,0.009130153,0.016342832,0.014522044,0.0002913601,6.4544533e-06,2,,,,1.8064666,1.0319898,0.9021222,1.723169,-2.1607852,-1.0554845,-1.4877437,-5.543153,-9.116381,0.2398159,0.23395824,0.46556598,0.01102904,0.030604368,0.018544186,0.0004595256,2.2809723e-05,2,,,,0.06056849,Test
2784,0,-3.2272463,0.16957387,5.88805,-3.2559054,-0.14054883,0.60799444,-8.90492,-11.440289,0.00010877388,0.0032489637,0.9891167,0.0001057008,0.0023826507,0.0050367285,3.7217092e-07,2.9488026e-08,2,,,,0.104514934,-3.1254623,0.019897738,5.2206655,-3.2733307,-0.24584737,0.59905547,-8.940749,-11.350089,0.0004326777,0.010238745,0.96844655,0.00035743898,0.0055266046,0.014995116,2.397113e-06,5.6318686e-07,2,,,,0.0073549217,Test
2785,0,-1.2528484,2.210517,5.246409,-4.042954,-1.3408974,0.027919125,-10.598046,-15.478439,0.0014241999,0.04546648,0.9465912,8.746683e-05,0.0013041621,0.0051262667,1.2445226e-07,9.45095e-10,2,,,,0.3438407,-1.2765411,2.0199928,5.0656767,-4.3671274,-1.5494359,-0.099595994,-10.17541,-15.761579,0.006129572,0.056877814,0.9255618,0.00017181624,0.0016181149,0.009640109,8.007397e-07,2.680047e-09,2,,,,0.016645154,Test
2786,1,-3.7431715,-0.5540097,6.7885156,-3.1356995,0.33670855,-0.07929553,-8.984874,-9.872433,2.6588736e-05,0.0006452572,0.9966695,4.881117e-05,0.0015724142,0.0010372862,1.4068733e-07,5.791532e-08,2,,,,0.037669238,-3.6619427,-0.504272,6.601152,-2.8520925,0.56105125,0.18669274,-8.6420555,-9.509687,9.739389e-05,0.0019868854,0.99171555,0.00021838493,0.003008122,0.0029720094,1.0500532e-06,6.1888625e-07,2,,,,0.0017637247,Test
2787,0,8.530304,1.0565866,-2.695684,-0.8612846,-4.3507943,-8.264874,-3.9047213,-13.06442,0.99932945,0.00056743296,1.33144695e-05,8.336692e-05,2.5440108e-06,5.0775686e-08,3.9741644e-06,4.1806109e-10,0,,,,0.008551136,8.814058,1.4173274,-2.9176302,-0.9116627,-4.3492613,-8.043013,-4.1452303,-12.777643,0.9981664,0.0017139178,1.5054013e-05,9.662901e-05,2.6639998e-06,1.9934578e-07,5.1682814e-06,1.3806256e-09,0,,,,0.000815183,Test
2788,0,14.842084,-3.4976974,-5.442233,3.4930935,-7.471398,-11.068186,-3.0515883,-19.0396,0.9999882,1.0842496e-08,1.5510576e-09,1.1781239e-05,2.0387908e-10,5.588655e-12,1.6938364e-08,1.9291533e-15,0,,,,0.00021069848,14.147334,-3.100161,-4.4960113,3.3406415,-6.9805427,-10.325308,-2.878376,-19.44079,0.9999356,1.4383116e-07,4.808418e-08,6.400639e-05,2.6335072e-09,5.2616156e-10,2.075224e-07,3.5864557e-14,0,,,,2.3430433e-05,Test
2789,0,-3.8055525,-0.38691512,6.4942226,-3.20307,0.26263902,0.65136,-9.118387,-10.419347,3.344038e-05,0.0010208609,0.99404657,6.108382e-05,0.001954629,0.0028832594,1.6479211e-07,4.486797e-08,2,,,,0.06198242,-3.96072,-0.51884097,6.3941994,-2.890883,0.47491202,0.74055374,-8.713301,-10.373568,6.067097e-05,0.0013984047,0.9892597,0.00018890765,0.004677416,0.0044138664,8.866141e-07,2.1620572e-07,2,,,,0.002463582,Test
2790,0,-3.893141,-0.46595106,7.467699,-3.0727975,-0.47606826,1.0597135,-10.315954,-14.269656,1.1614726e-05,0.00035761736,0.9976059,2.638028e-05,0.0003540174,0.0016443952,1.886325e-08,3.618645e-10,2,,,,0.027402569,-3.604641,-0.78252697,7.081788,-2.9196932,-0.77014667,0.8707739,-9.877649,-13.790909,0.00012315356,0.00083102577,0.9928813,0.00019902232,0.0005938983,0.005371406,2.2325708e-07,5.8242304e-09,2,,,,0.0033915713,Test
2791,1,-1.4270797,1.1984682,2.8143435,-2.783095,-0.658409,0.400168,-6.4596763,-9.023551,0.010757639,0.14858602,0.747728,0.0027720884,0.02320312,0.06687758,7.015978e-05,5.402707e-06,2,,,,1.2042238,-1.4844689,1.2137338,2.89248,-2.8570504,-0.542565,0.55772966,-6.8219514,-8.758853,0.011902479,0.16094537,0.72058004,0.0031606457,0.026140863,0.07716159,9.811516e-05,1.0944297e-05,2,,,,0.035110816,Test
2792,0,-4.5611486,-0.86355406,7.344664,-3.084812,0.36022484,1.2711241,-9.632381,-11.725207,6.727245e-06,0.00027144523,0.99647456,2.9444382e-05,0.00092291716,0.0022948878,4.221135e-08,5.2062625e-09,2,,,,0.038277436,-5.3571978,-1.1780751,7.532801,-3.6135375,0.7839702,1.6169672,-10.117305,-11.50333,1.4360148e-05,0.00031987528,0.9944876,3.4649354e-05,0.0016714759,0.0034718816,1.3127229e-07,2.6135714e-08,2,,,,0.00093769614,Test
2793,0,0.950319,2.9568212,0.8753304,-3.1410248,-2.1017253,-1.1365262,-5.433011,-9.125057,0.10465942,0.7783791,0.09709821,0.0017495657,0.004946435,0.012985925,0.00017682073,4.4065423e-06,1,,,,1.0863968,0.985092,3.24532,0.8271144,-3.154202,-2.5000434,-1.1400162,-5.3472223,-9.40653,0.092288636,0.7888757,0.097590506,0.001971137,0.0043371795,0.014741773,0.00018740626,7.7383675e-06,1,,,,0.037221234,Test
2794,1,-1.1337245,2.4266517,3.6311643,-3.606852,-1.5920984,0.5140682,-8.487562,-12.983951,0.00627324,0.22067015,0.73596436,0.0005289642,0.003966638,0.03259261,4.0156942e-06,4.477178e-08,2,,,,1.0509399,-1.0497417,2.7179651,3.2407272,-3.5653796,-1.4209454,0.49812922,-7.987738,-12.205641,0.013043483,0.3852948,0.5524841,0.0009389363,0.007101112,0.041118823,1.8541552e-05,2.8227547e-07,2,,,,0.0724674,Test
2795,0,6.6451435,0.12827587,-2.1934402,-0.65982944,-3.50341,-5.9352074,-2.3334599,-10.4518385,0.9975419,0.0014746586,0.00014467147,0.00067053526,3.903644e-05,3.4304744e-06,0.0001257689,3.748061e-08,0,,,,0.028590634,6.540914,0.36139137,-2.0755394,-0.6086042,-3.8972409,-5.8394117,-2.2227752,-9.999786,0.99495935,0.0031177392,0.00036275905,0.0012365882,5.2932144e-05,2.0233449e-05,0.0002501873,2.1024269e-07,0,,,,0.0011131875,Test
2796,1,3.4514475,1.0243391,-0.6652003,-2.1116736,-1.7316535,-3.557612,-3.4130092,-7.6375213,0.89605623,0.0791144,0.014604876,0.0034379738,0.0050273975,0.0008097285,0.00093570637,1.3691705e-05,0,,,,0.6049627,3.4150867,1.1122878,-0.63996565,-2.0449133,-1.7480233,-3.3039322,-3.5615177,-7.667792,0.8747269,0.09577547,0.016934637,0.0041941837,0.0059099332,0.0014583961,0.0009816529,1.8929302e-05,0,,,,0.01371908,Test
2797,0,6.1586547,0.42759663,-1.736444,-1.0075504,-3.689283,-6.6582274,-3.5304859,-10.12971,0.9955142,0.003229093,0.00037089386,0.0007687838,5.261899e-05,2.702379e-06,6.1674735e-05,8.396546e-08,0,,,,0.047019433,6.1917124,0.4449566,-1.4644666,-1.0943133,-3.4269981,-6.65427,-3.5698192,-9.810251,0.99252146,0.0054224012,0.0007770921,0.001017024,0.00010209986,5.596873e-06,0.00015404195,3.031377e-07,0,,,,0.0017375565,Test
2798,0,-3.3419156,-0.29910913,5.4304943,-2.746662,0.21237801,0.34233814,-7.6563706,-8.849436,0.00015261871,0.003199497,0.98495597,0.00027677248,0.005336023,0.006076572,2.0410976e-06,6.1904467e-07,2,,,,0.13834065,-3.414102,-0.40133172,5.2579575,-2.6657777,0.21179423,0.7751776,-7.903595,-9.201968,0.00029878234,0.0062894053,0.9734975,0.00052181544,0.006989786,0.012396654,4.3169207e-06,1.7246142e-06,2,,,,0.003647268,Test
2799,0,5.308408,-1.0487273,-1.6165993,0.18623443,-2.8682935,-4.8540807,-1.9162198,-7.622851,0.99036294,0.0017176149,0.0009734242,0.005905583,0.00027841845,3.8219194e-05,0.000721404,2.3978384e-06,0,,,,0.09449814,5.445622,-0.8511155,-1.8784869,0.21586308,-3.1084614,-5.118877,-1.8220263,-7.8237,0.986982,0.003117492,0.001101934,0.007379028,0.00036333184,6.289963e-05,0.0009872394,6.1254004e-06,0,,,,0.0022698469,Test
2800,0,-2.656038,1.0791658,6.1658897,-3.8469417,-0.9466474,0.6272696,-10.540789,-13.813878,0.00014584241,0.0061102984,0.989005,4.4328284e-05,0.00080586586,0.0038887176,5.4901e-08,2.0801565e-09,2,,,,0.10263142,-2.5311532,1.08874,6.140771,-3.8323035,-0.6898572,0.9489292,-10.891279,-13.713977,0.0006615516,0.0127151925,0.97038156,0.00013396419,0.0017133917,0.014394054,2.6179666e-07,3.6010427e-08,2,,,,0.008022727,Test
2801,0,0.8008219,-0.7171784,0.5873956,-1.6850402,-1.2459581,-3.2119853,-2.7918289,-2.8944387,0.4329353,0.09487762,0.34973022,0.036043484,0.055913627,0.007828578,0.01191666,0.010754538,0,,,,1.9820361,0.731851,-0.63435054,0.7274527,-1.8071496,-1.0003203,-3.129062,-3.0555139,-2.8644767,0.38434714,0.10132714,0.38338047,0.032040615,0.07030957,0.008494342,0.008766356,0.011334345,0,,,,0.040879622,Test
2802,0,-1.5136551,0.38463074,2.0406506,-2.6835709,-0.92157406,0.9453275,-5.215339,-6.4933925,0.017705202,0.11817235,0.6190364,0.0054955725,0.03200651,0.20702527,0.0004369983,0.00012173858,2,,,,1.5724783,-1.5897373,0.43895882,2.1177485,-2.769319,-0.7555378,0.82985497,-5.248601,-6.7017603,0.017855357,0.12847173,0.63247097,0.005938831,0.03693623,0.17763093,0.0005792003,0.00011675174,2,,,,0.027812602,Test
2803,0,10.379359,-1.096873,-3.7653315,0.60637647,-4.986367,-9.113441,-2.7964025,-13.770513,0.9999298,1.0373015e-05,7.19463e-07,5.696618e-05,2.1218726e-07,3.4225778e-09,1.8958706e-06,3.2494767e-11,0,,,,0.00113167,10.689927,-1.0527397,-3.4102294,0.45031595,-5.008029,-9.117433,-3.1292229,-13.956065,0.99991417,2.0797135e-05,2.4341873e-06,5.7749974e-05,5.0763856e-07,1.4845668e-08,4.3675177e-06,1.3658216e-10,0,,,,2.2885288e-05,Test
2804,1,-3.736364,0.23422986,6.196425,-3.2587893,-0.06538497,1.1212254,-9.253793,-11.737508,4.803458e-05,0.002546602,0.98925763,7.7439385e-05,0.0018872956,0.006182701,1.9291451e-07,1.6095377e-08,2,,,,0.101555176,-3.582096,0.108818814,6.115485,-2.9567647,0.1504314,1.554955,-9.137046,-11.654087,0.0002343517,0.010819137,0.9663482,0.00018019936,0.0050631985,0.017352771,1.901072e-06,2.4448875e-07,2,,,,0.011406797,Test
2805,0,0.3009435,2.0408444,1.4145082,-3.1074762,-1.911745,-0.27400076,-5.6341305,-9.587873,0.09569465,0.5451513,0.2914088,0.0031668667,0.010469579,0.053850852,0.00025311494,4.8554475e-06,1,,,,1.6447482,0.23612523,2.1072257,1.6910448,-3.2900252,-1.8830128,-0.3771387,-5.784938,-9.7448225,0.0769182,0.5043452,0.3624662,0.002864468,0.010529857,0.04254631,0.00031957362,1.0132067e-05,1,,,,0.07544167,Test
2806,0,-2.3655457,-2.632991,2.7149715,-1.8799438,0.24960805,-3.3653336,-2.7723012,2.8366985,0.0027729226,0.0021222075,0.4460447,0.004506423,0.037903965,0.0010203178,0.0018462313,0.5037833,7,,,,1.3012211,-2.3573542,-2.8388376,2.83339,-2.0542881,0.43956393,-3.376554,-3.0008314,2.9558454,0.0030761163,0.0016495703,0.4427879,0.004021041,0.0436949,0.0011809069,0.0017121207,0.5018774,7,,,,0.032575626,Test
2807,0,-1.44553,0.5313417,4.482777,-2.8055105,-1.106181,0.02718502,-8.256024,-12.06293,0.0025656733,0.018524466,0.9634571,0.00065852044,0.0036022898,0.011189053,2.8277498e-06,6.28236e-08,2,,,,0.28920135,-1.3161685,0.8300341,4.093442,-3.1564193,-0.8370713,0.018089816,-8.289004,-11.953671,0.008268624,0.050687093,0.9115311,0.0011119852,0.008286251,0.020104932,9.743337e-06,3.3553027e-07,2,,,,0.021513278,Test
2808,0,-3.3893185,0.4055552,5.3666,-3.0522363,-0.7510395,1.7469633,-8.618983,-11.827271,0.00015199649,0.0067596817,0.9648963,0.00021292486,0.0021262951,0.025851894,8.1398986e-07,3.2906186e-08,2,,,,0.25822425,-3.610228,0.47777185,5.5646224,-3.403415,-0.8360586,2.1417346,-8.766485,-11.775712,0.00030852872,0.008904051,0.94570035,0.00021619417,0.0025982973,0.042270824,1.2177461e-06,4.6537443e-07,2,,,,0.010806033,Test
2809,0,-3.9965262,-0.07107111,6.469026,-3.0782626,-0.2632485,1.1910836,-9.101093,-11.851827,2.8279856e-05,0.0014331137,0.9922219,7.083925e-05,0.0011825489,0.0050632274,1.716294e-07,1.0963867e-08,2,,,,0.07623351,-4.416882,-0.0861988,6.8478684,-3.1923456,-0.18766569,1.4153954,-10.04536,-12.847488,5.739618e-05,0.002139782,0.9880644,0.00014463534,0.0019237783,0.007669772,2.6297286e-07,1.2381365e-08,2,,,,0.0039554304,Test
2810,1,-3.5653784,-0.47281682,6.8650956,-3.0100906,0.36408687,0.13414092,-9.212449,-11.407127,2.9418254e-05,0.0006481856,0.9965849,5.1259638e-05,0.0014967937,0.0011893176,1.03782746e-07,1.1560826e-08,2,,,,0.03856044,-3.568175,-0.16385964,6.632608,-3.2863114,0.11982373,0.28757733,-9.246272,-11.259631,0.000103292,0.0017942166,0.99279845,7.235147e-05,0.0023318038,0.0028992873,4.3908108e-07,6.31923e-08,2,,,,0.0016608451,Test
2811,0,3.8672705,0.7370113,-0.8938463,-1.421313,-2.6033466,-3.3914587,-3.4736376,-8.754002,0.9432045,0.041224148,0.008070103,0.0047621503,0.001460335,0.0006640181,0.0006116317,3.1135585e-06,0,,,,0.38941297,3.6913674,0.815662,-0.7420058,-1.4187539,-2.7041368,-3.0729616,-3.8730884,-9.358226,0.9135469,0.06171422,0.0136412205,0.0070317276,0.0018583101,0.0013543231,0.00084990927,3.3326262e-06,0,,,,0.012703224,Test
2812,0,3.8826802,1.8956629,-0.7286709,-2.0992951,-2.6188471,-3.0897732,-4.309559,-10.103203,0.86784303,0.11898455,0.008624956,0.0021902928,0.001302758,0.00081347325,0.00024021331,7.3189614e-07,0,,,,0.6451209,3.7182167,1.9161484,-0.66553307,-2.0625095,-2.4322836,-3.376833,-3.9032211,-9.449724,0.81966734,0.15734151,0.016342897,0.0029149107,0.0022645176,0.0009480931,0.0005169139,3.8580365e-06,0,,,,0.029240042,Test
2813,0,0.034352794,1.7950436,3.7827678,-3.4097612,-0.72525865,-3.1758316,-7.74885,-9.689118,0.02007597,0.11677095,0.8522999,0.00064108695,0.009392504,0.00081004895,8.365162e-06,1.2017853e-06,2,,,,0.7500289,0.032322038,1.6985722,3.5662525,-3.625771,-0.946906,-3.235445,-7.762774,-9.810335,0.048058875,0.16733949,0.77207696,0.0008571927,0.009985358,0.0016551495,2.2689092e-05,4.3520367e-06,2,,,,0.053588107,Test
2814,1,-6.308068,-2.922705,7.9996986,-1.8790035,1.5125753,1.0471765,-7.6827784,-8.422332,6.09692e-07,1.8003413e-05,0.9974573,5.1124433e-05,0.001519051,0.0009537889,1.5419884e-07,7.36032e-08,2,,,,0.028486844,-6.2278676,-2.5316098,7.915362,-2.1018658,1.4698269,0.70243853,-7.5342445,-8.500612,3.3070653e-06,6.209708e-05,0.9952491,8.964916e-05,0.0034838307,0.001111091,5.3165405e-07,2.7388654e-07,2,,,,0.0016170782,Test
2815,0,-4.264228,-2.4373982,0.7011617,-0.15421093,-2.2196958,-0.41314647,-0.9646302,0.44441795,0.0024734144,0.015370183,0.3545996,0.15074907,0.019108472,0.1163591,0.06703383,0.27430633,2,,,,2.2993648,-4.349231,-2.4033694,0.6522087,-0.1415067,-2.2495797,-0.539411,-0.90512437,0.5638274,0.002364222,0.016344901,0.32729763,0.15393054,0.01807335,0.10361711,0.07294104,0.30543125,2,,,,0.037329257,Test
2816,0,-2.098081,1.0962055,3.3213127,-2.8412857,-1.1633527,0.76125246,-6.6171694,-9.0988865,0.0036816308,0.08980514,0.8310994,0.0017509366,0.009375351,0.06424405,4.0125917e-05,3.3545084e-06,2,,,,0.8981194,-1.936671,1.1310569,3.1806073,-2.9352994,-1.072379,1.0084121,-6.6571937,-9.230141,0.008974235,0.13532475,0.74805415,0.0019967179,0.011106935,0.094467744,6.972509e-05,5.700534e-06,2,,,,0.044023048,Test
2817,1,-2.63777,0.5609226,5.0824294,-3.1168125,-0.4990121,0.37336108,-8.130533,-10.514585,0.0004332131,0.0106139295,0.9762064,0.00026832198,0.003677498,0.008798716,1.7833012e-06,1.643784e-07,2,,,,0.20140359,-2.7926607,0.6080535,5.295001,-3.0468037,-0.6774858,0.6618334,-8.593229,-11.610394,0.0010452587,0.013402162,0.968335,0.0004659298,0.0035210266,0.013228267,2.2306358e-06,1.704165e-07,2,,,,0.007528383,Test
2818,0,5.901223,0.17914909,-2.1992176,-0.40926003,-3.6751587,-4.0401793,-3.1904051,-10.610359,0.9944078,0.003254613,0.00030170858,0.0018069935,6.8959605e-05,4.7870537e-05,0.00011197488,6.7092785e-08,0,,,,0.058044527,6.1794615,0.050973415,-2.1077583,-0.42745465,-3.5173278,-3.894141,-3.4127698,-10.572519,0.99385977,0.003030058,0.00055891543,0.0021216632,0.00017955879,0.00010630542,0.00014345639,2.5088156e-07,0,,,,0.0013363815,Test
2819,0,-3.1855,0.5597676,5.6684084,-3.2388916,-1.1450438,1.3605847,-9.163024,-12.908818,0.00013990066,0.005920644,0.97954273,0.00013262706,0.0010764123,0.013187405,3.546616e-07,8.375994e-09,2,,,,0.16949432,-3.0426087,0.39815775,5.4642906,-3.3399003,-1.2501165,1.284993,-8.960907,-12.700995,0.0005239792,0.013399787,0.96315014,0.00035877078,0.0017830624,0.020781599,2.562113e-06,7.828754e-08,2,,,,0.007063156,Test
2820,0,-5.0688705,-2.4669814,6.264681,-2.108396,0.46919408,0.13263646,-6.452002,-5.058701,1.1897665e-05,0.00016048986,0.9943988,0.00022970967,0.0030242144,0.0021599694,2.9838404e-06,1.2019282e-05,2,,,,0.057740122,-5.498263,-2.7277174,6.2789545,-2.210464,0.14220324,0.056176074,-6.452081,-5.625285,1.6751386e-05,0.00016100539,0.9946721,0.00029638124,0.002433881,0.0024016062,4.9575956e-06,1.3305665e-05,2,,,,0.00063940935,Test
2821,0,-2.9249845,-1.190798,2.1494608,-2.348854,-0.42968974,1.1158125,-4.037057,-2.7766721,0.0041873828,0.023718666,0.6694933,0.0074499426,0.050773304,0.23814337,0.0013771325,0.00485684,2,,,,1.363022,-2.9127977,-1.2635864,2.20578,-2.4157107,-0.39948478,1.0487783,-4.239194,-2.7195728,0.0058528995,0.02349371,0.6803234,0.007823826,0.05384913,0.22092886,0.0015347714,0.006193377,2,,,,0.020893227,Test
2822,0,-4.489381,-2.153732,1.2477381,-1.1749779,-1.8377973,2.919605,-2.7945614,-3.7120535,0.00049466715,0.005112962,0.1534307,0.0136063,0.007012635,0.81657267,0.0026937902,0.0010762226,5,,,,0.8661418,-4.60596,-2.1658976,1.321241,-1.1578773,-1.7692459,2.90332,-3.0580192,-3.5604014,0.0007100979,0.005994636,0.17876443,0.01992035,0.009942899,0.77973044,0.0030435186,0.0018936202,5,,,,0.032342732,Test
2823,0,-2.923013,-0.61994356,3.6892164,-3.2840729,-0.2469834,2.1482694,-7.651316,-9.22578,0.001075548,0.010760692,0.8003584,0.0007495893,0.015624809,0.17141932,9.509417e-06,1.969577e-06,2,,,,0.87598664,-3.1992798,-0.42894632,3.8632329,-3.6885192,-0.5124718,2.205502,-7.8720765,-9.710762,0.0030869134,0.023859592,0.7805094,0.00086198107,0.015070441,0.17654869,5.5901193e-05,7.0729657e-06,2,,,,0.031567775,Test
2824,0,6.271434,0.9924672,-2.5427575,-1.1265299,-3.5480292,-4.8928447,-2.760527,-10.294351,0.99398947,0.0050670565,0.00014771578,0.0006088174,5.4055923e-05,1.4086317e-05,0.000118809505,6.352622e-08,0,,,,0.058206696,5.866669,1.1525576,-2.2947414,-1.3104196,-3.4230938,-4.5541677,-2.8224,-10.169606,0.98359776,0.013856414,0.00058250333,0.0010886709,0.00033430892,0.00024874578,0.0002899038,1.6253265e-06,0,,,,0.0039643915,Test
2825,0,-0.54541796,1.4163805,3.0440893,-2.8713858,-1.0268694,0.0005875118,-7.210494,-10.803218,0.021380512,0.1520605,0.77432156,0.0020886383,0.013210719,0.036910105,2.7252878e-05,7.500881e-07,2,,,,1.0946956,-0.42104083,1.4247453,2.6904466,-2.7457728,-1.0010633,0.47060376,-7.292266,-10.843414,0.04620947,0.20905855,0.6440345,0.0040497943,0.016932754,0.079656705,5.45928e-05,3.6639492e-06,2,,,,0.04923565,Test
2826,0,-0.6831973,1.0940561,2.8211813,-2.7123291,-1.4992492,0.6899072,-7.1976137,-10.498853,0.022372812,0.13230368,0.7441369,0.0029408976,0.009892672,0.08831861,3.3154727e-05,1.2213371e-06,2,,,,1.2263366,-0.5841206,1.165671,2.8071582,-2.4558346,-1.4276793,0.78312856,-7.3333154,-10.238479,0.037898757,0.16933675,0.65695125,0.0052519776,0.013980703,0.11652042,5.0157523e-05,9.964267e-06,2,,,,0.055902615,Test
2827,0,3.0074952,-0.6169375,0.066218525,-1.3833245,-2.2687404,-3.8600593,-4.409799,-8.03253,0.91023064,0.024270592,0.048058618,0.011278277,0.0046527684,0.0009475679,0.00054684136,1.4605944e-05,0,,,,0.5888689,2.484605,-0.48746204,0.11975789,-1.2409917,-2.164061,-3.2391598,-4.3177576,-7.4855833,0.8148397,0.054999433,0.08921561,0.026249032,0.009587353,0.003949415,0.001079739,7.968681e-05,0,,,,0.031012682,Test
2828,0,-3.6414895,-0.06728118,5.8182745,-3.1322157,-0.2124963,1.1463759,-8.675148,-10.522034,7.679259e-05,0.0027389145,0.9854687,0.00012778927,0.0023687126,0.009218557,5.0029877e-07,7.891085e-08,2,,,,0.12982818,-4.04457,-0.46435013,6.339253,-3.2277973,0.051722925,1.1479579,-9.169264,-10.616891,5.9419974e-05,0.001430387,0.98888314,9.70696e-05,0.002645603,0.006883847,3.2330883e-07,2.8875053e-07,2,,,,0.0018758621,Test
2829,0,-2.8114545,0.24959481,4.3703504,-2.6785715,-0.3441436,0.8482056,-6.8238645,-8.743931,0.00071971887,0.015365955,0.94663167,0.00082200277,0.008485988,0.02795973,1.301953e-05,1.908628e-06,2,,,,0.38633034,-2.556325,0.86206466,4.2232122,-2.57927,-0.20995376,0.73627394,-6.965651,-8.881323,0.0012695821,0.04113639,0.9101287,0.0012851593,0.011537373,0.034621414,1.776573e-05,3.5657474e-06,2,,,,0.015093747,Test
2830,0,1.3827432,2.1209953,2.2028213,-3.2319448,-2.2616336,-1.8859328,-7.934572,-12.648348,0.18392013,0.38481152,0.41762322,0.0018217795,0.004807249,0.006999407,1.65261e-05,1.4825305e-07,2,,,,1.6095332,1.1453928,2.004076,2.4635808,-3.3161645,-1.8099387,-2.182405,-8.11762,-12.062807,0.17163822,0.34224457,0.46897945,0.0015075024,0.007382964,0.008232661,1.3793896e-05,8.904377e-07,2,,,,0.07602822,Test
2831,0,-5.4944706,-0.87065345,9.448904,-3.5422697,0.16565678,1.6920934,-12.15922,-15.468838,3.2354393e-07,3.2963373e-05,0.9994438,2.2790996e-06,9.2917064e-05,0.0004275809,4.1254325e-10,1.5070258e-11,2,,,,0.007372262,-5.563534,-0.9191043,9.811479,-3.6774845,0.47535467,2.1747441,-12.742192,-15.305267,1.4067364e-06,5.7908306e-05,0.9986445,4.137706e-06,0.00014248535,0.0011496466,1.0060526e-09,3.01928e-11,2,,,,0.00042098493,Test
2832,0,-3.697177,-0.52509046,3.735075,-2.7417622,-0.9987252,2.9387522,-6.830144,-8.509766,0.0004009687,0.009565997,0.67748,0.0010424178,0.0059570777,0.3055328,1.7477536e-05,3.2585904e-06,2,,,,1.0266025,-4.08509,-0.7668935,3.8818843,-2.8089776,-0.84589434,3.2533169,-7.218816,-7.9970756,0.0005270554,0.010630939,0.6163179,0.0013243475,0.01435813,0.35678658,3.1602878e-05,2.3355567e-05,2,,,,0.048878793,Test
2833,0,7.758988,1.7022955,0.4446622,-1.6701602,-4.247426,-5.733333,-10.098135,-21.444477,0.9969137,0.002334907,0.00066387485,8.009967e-05,6.086085e-06,1.3772634e-06,1.7514907e-08,2.0689693e-13,0,,,,0.033089582,7.555796,1.3284401,0.56674564,-1.7193215,-4.650987,-5.812107,-9.679461,-21.18836,0.99289054,0.004208689,0.002719598,0.00015877359,1.3483639e-05,8.807736e-06,1.728989e-07,5.2404686e-12,0,,,,0.0015510982,Test
2834,1,1.0004435,1.918302,1.7878253,-3.0693073,-1.1086565,-1.9658098,-6.415271,-9.132791,0.16971807,0.42496094,0.37297842,0.0028990638,0.020594804,0.008739783,0.000102123224,6.7440483e-06,1,,,,1.6906527,0.92532444,1.4379717,1.8227371,-2.819058,-1.2575464,-1.9016596,-6.6109266,-9.4149275,0.1852651,0.3144497,0.4581352,0.0049871597,0.02165081,0.01538153,0.000120987126,9.584465e-06,2,,,,0.06036532,Test
2835,1,9.094705,2.7151082,-3.759305,-1.4452813,-4.9698005,-7.7095776,-3.6585157,-14.7483015,0.9982743,0.0016928803,2.6111059e-06,2.6411453e-05,7.7823927e-07,5.0262315e-08,2.8879958e-06,4.4092417e-11,0,,,,0.01859282,9.549444,3.149881,-4.046251,-1.3072569,-5.7377076,-7.8075767,-3.8807175,-15.541178,0.9966,0.0033550072,2.1427873e-06,3.9276005e-05,4.7146423e-07,3.0955704e-07,2.8167833e-06,5.1402254e-11,0,,,,0.0012707126,Test
2836,0,-0.17365193,0.85893106,0.9374196,-2.4363997,-1.6009839,0.38846788,-4.566647,-7.2242794,0.11163763,0.31351313,0.33911178,0.011617474,0.026787257,0.19585568,0.0013802482,9.677471e-05,2,,,,2.096473,-0.09749006,0.7210424,1.0265783,-2.2653716,-1.4538167,0.18037975,-4.422477,-7.130449,0.12243499,0.29189998,0.3761078,0.015051909,0.03213631,0.16004303,0.0021211386,0.00020485706,2,,,,0.040648345,Test
2837,0,-2.758111,0.24710664,3.678752,-3.1118112,-0.9836855,2.2083447,-7.6025662,-10.014872,0.0012566599,0.025372725,0.7847147,0.00088228256,0.0074103875,0.18035245,9.892302e-06,8.8643446e-07,2,,,,0.9283039,-2.5950742,0.11261221,3.6042933,-3.35901,-0.83214176,2.3661675,-7.692672,-10.174852,0.0023608701,0.03060042,0.7075484,0.0009312962,0.010811129,0.24772413,2.113572e-05,2.6570804e-06,2,,,,0.048904296,Test
2838,0,2.1430447,4.124304,1.3367287,-3.6027932,-2.566872,-1.7677919,-7.5172486,-13.338385,0.114538915,0.8306212,0.05114162,0.00036607275,0.0010314839,0.002293498,7.3036713e-06,2.1649795e-08,1,,,,0.83445966,2.2410934,4.125118,1.5085216,-3.5952663,-2.6731648,-1.3426299,-8.003569,-14.034683,0.1395663,0.7276578,0.12381935,0.00048218895,0.0012816973,0.0071857823,6.860087e-06,2.1234252e-08,1,,,,0.07386854,Test
2839,0,-2.16841,1.2912023,4.925615,-3.4038346,-1.2725191,1.0043421,-9.030118,-12.915982,0.00079103553,0.025158599,0.9529975,0.00022996288,0.0019376548,0.018884463,8.2831247e-07,1.700532e-08,2,,,,0.33640724,-2.3075337,1.1727487,5.2310953,-3.279834,-1.4505843,1.1317121,-9.125111,-12.636609,0.00081275543,0.02322855,0.95017385,0.00030904586,0.002670727,0.02280276,1.7370745e-06,5.919444e-07,2,,,,0.009218345,Test
2840,0,-4.410602,-2.4978843,3.516009,-1.8184083,-0.53179526,0.443496,-3.7009077,-1.6599933,0.00033495558,0.002268141,0.9278347,0.0044746865,0.016200615,0.042963054,0.0006810882,0.0052427757,2,,,,0.49729756,-4.3519163,-2.6312282,3.4631183,-1.7378162,-0.6774764,0.30136102,-3.43882,-1.5580697,0.0005692454,0.0027824284,0.9206778,0.0064852014,0.016217684,0.04433278,0.0015300792,0.0074048275,2,,,,0.011273244,Test
2841,0,-3.244974,0.6169219,6.254713,-3.672115,-0.39282626,0.69389343,-9.961625,-12.211242,7.422008e-05,0.0035295677,0.9912498,4.8419057e-05,0.0012858596,0.0038119731,8.984968e-08,9.473736e-09,2,,,,0.086014144,-3.479089,0.35954058,6.353205,-3.813469,-0.45094004,0.4326366,-9.885116,-11.567434,0.00044770035,0.010515332,0.98240155,0.00012462476,0.0014570476,0.005052596,1.0202492e-06,4.774899e-08,2,,,,0.005345807,Test
2842,0,10.085374,-0.5892078,-3.6492875,0.40779966,-5.048144,-8.736007,-2.9240155,-13.968179,0.9999106,2.3123273e-05,1.0841106e-06,6.266775e-05,2.676441e-07,6.6979116e-09,2.2390045e-06,3.5779643e-11,0,,,,0.0014295799,10.254331,-0.74625593,-3.428542,0.39229426,-4.9021893,-8.511862,-2.9004433,-14.779521,0.99965394,0.00012741402,3.284914e-05,0.0001791475,3.1746536e-06,4.6956876e-07,3.064501e-06,5.590519e-09,0,,,,0.00018552766,Test
2843,0,5.8353844,1.8485221,-1.144871,-1.9733386,-3.3921094,-5.2889266,-5.774937,-12.37437,0.9803765,0.018193685,0.0009118147,0.00039820583,9.637036e-05,1.4459917e-05,8.893947e-06,1.2105892e-08,0,,,,0.14857161,5.714834,2.0305183,-1.2675493,-1.8808107,-2.8866885,-5.235999,-5.5523863,-11.859431,0.95015574,0.046162196,0.0023217748,0.00077451474,0.00047328306,8.7116874e-05,2.5208454e-05,2.1417478e-07,0,,,,0.017067684,Test
2844,0,-2.9777784,-0.83612514,3.1633797,-2.390459,-0.4357634,0.8594875,-5.028069,-4.365601,0.0018678114,0.015901614,0.86776894,0.0033604898,0.023731004,0.08666355,0.00024038277,0.00046623978,2,,,,0.75902593,-3.0609531,-0.7925433,3.3830485,-2.5824857,-0.44904128,0.8751179,-5.1898303,-4.595329,0.0015555997,0.015457591,0.8840213,0.0024468298,0.020277563,0.07552348,0.00019232699,0.0005252999,2,,,,0.009259574,Test
2845,0,3.6588762,1.45433,-0.9111542,-2.1076608,-2.5595589,-3.6074846,-3.7245226,-8.544925,0.8872278,0.09786173,0.009189593,0.0027775383,0.0017676774,0.0006198616,0.00055139867,4.446227e-06,0,,,,0.5958756,3.7114441,1.4997417,-0.82969904,-2.0358956,-2.5349262,-3.1035852,-3.7065034,-8.97447,0.8593645,0.11856856,0.012486754,0.0036402852,0.0024022611,0.0025672824,0.00096249895,7.817567e-06,0,,,,0.022299137,Test
2846,0,-3.5655496,-1.265127,1.9356211,-2.0837011,-1.2796246,3.2448223,-4.4608946,-5.281997,0.0008489043,0.008470707,0.20796336,0.0037360892,0.008348786,0.7701329,0.00034674903,0.00015255103,5,,,,0.92202073,-3.5490386,-1.2302634,2.0408692,-1.9320419,-1.2366421,3.1514976,-4.313659,-5.319808,0.0014399822,0.010510299,0.25580597,0.005208393,0.010701749,0.7154314,0.00066682446,0.00023532883,5,,,,0.03902364,Test
2847,0,1.7044101,2.5002656,1.2475493,-3.244437,-1.5791867,-2.2451665,-6.426828,-9.9055395,0.25550905,0.566294,0.16180584,0.0018119635,0.009579839,0.0049218354,7.517172e-05,2.3188306e-06,1,,,,1.5122802,1.7037289,2.7449794,1.4231797,-3.2179027,-1.6067241,-2.2975013,-6.6385055,-10.135826,0.23524928,0.55993736,0.18637802,0.0017521002,0.0112443,0.005349543,8.46136e-05,4.828623e-06,1,,,,0.05884842,Test
2848,0,-4.1034536,-1.652689,3.969275,-2.329412,-0.07162571,2.0464897,-5.6746993,-5.699544,0.00026668116,0.003092759,0.85493684,0.0015719873,0.015031182,0.12499108,5.541269e-05,5.4052914e-05,2,,,,0.7044635,-3.7144217,-1.5804508,3.934092,-2.2872386,0.026514888,1.6331211,-5.4410853,-5.684468,0.0005770579,0.004723675,0.869071,0.0021860492,0.021349277,0.101906255,9.476758e-05,9.1867914e-05,2,,,,0.017476281,Test
2849,0,-4.418621,-2.1896265,3.2642572,-1.7482997,-0.66703296,0.52074593,-3.5053298,-1.7628636,0.0004176074,0.0038797911,0.90656704,0.0060321772,0.017785346,0.05833217,0.0010408919,0.0059449635,2,,,,0.60532886,-4.452261,-2.203925,3.2024662,-1.6858385,-0.6117546,0.47645864,-3.6022308,-1.4619179,0.00060443545,0.0053025,0.88249505,0.008560898,0.02121833,0.069895074,0.001613002,0.010310766,2,,,,0.016848704,Test
2850,1,11.7258215,-5.8752394,-3.4768062,5.06698,-6.7802286,-8.734988,-3.027483,-14.434152,0.9987184,2.2667281e-08,2.4947437e-07,0.0012809874,9.1699635e-09,1.2984532e-09,3.9098882e-07,4.348216e-12,0,,,,0.014170857,11.847403,-5.5428743,-3.3631752,4.9023347,-6.5905013,-8.589052,-3.548175,-14.48763,0.99853307,2.7368418e-07,6.004285e-07,0.0014656731,4.5856112e-08,1.5998827e-08,3.100108e-07,1.8160026e-10,0,,,,0.00040009528,Test
2851,0,6.51593,2.849486,-2.4781632,-2.090668,-3.6464493,-5.5458035,-4.258269,-12.144851,0.97471625,0.02492079,0.0001210022,0.0001782708,3.76195e-05,5.6303325e-06,2.0403433e-05,7.666614e-09,0,,,,0.17351626,6.8152237,3.0662806,-2.3375578,-2.2917788,-3.6410275,-5.5614386,-4.8064547,-12.762933,0.96792877,0.031523533,0.00023035592,0.00019341471,7.7517325e-05,2.3422579e-05,2.2746364e-05,2.8389906e-07,0,,,,0.0062091216,Test
2852,0,-3.9210458,-0.9914572,3.2509215,-2.2507737,-0.7461479,2.7913933,-5.515799,-6.6165957,0.00045993764,0.008610001,0.5990249,0.0024439313,0.011003724,0.37833306,9.3348295e-05,3.1048203e-05,2,,,,1.1320618,-4.113818,-0.9321283,3.6789842,-2.392352,-0.70609045,3.0367558,-5.84708,-6.940281,0.0003867022,0.0070434287,0.63384783,0.0015626822,0.008563888,0.3484848,7.36411e-05,3.6985148e-05,2,,,,0.037434258,Test
2853,0,-0.59899664,-1.9946368,1.6884,-1.7262571,-0.33625168,-3.938764,-2.7731931,0.49369055,0.06308044,0.015623413,0.62129587,0.02043298,0.082035795,0.0022358992,0.007172213,0.18812335,2,,,,1.7066779,-0.6101591,-2.1859832,1.57797,-1.6440548,-0.3175532,-4.067374,-2.7003913,0.6943292,0.072770126,0.014269128,0.5526808,0.025641292,0.08372314,0.0028119837,0.009459936,0.23864365,2,,,,0.032989956,Test
2854,0,-1.5391016,0.052566983,2.7160301,-2.5903807,-0.560454,0.18054977,-5.538122,-6.461266,0.011765178,0.05778983,0.8290462,0.004111817,0.03130544,0.06568008,0.00021569792,8.568994e-05,2,,,,0.98817533,-1.2609166,0.36910766,2.5652797,-2.7388973,-0.725823,0.07144184,-5.31743,-6.4878325,0.026960725,0.09822536,0.76438534,0.005662146,0.0311648,0.072906,0.0005466887,0.00014890572,2,,,,0.034003146,Test
2855,0,7.8949776,-1.8692579,-2.9490948,1.4895657,-4.3962317,-5.60012,-2.1365664,-10.888997,0.9982235,5.7368594e-05,1.9485296e-05,0.0016496538,4.5837764e-06,1.3752484e-06,4.391205e-05,6.941473e-09,0,,,,0.019666364,7.6858535,-1.4428405,-2.776373,1.6530508,-4.5232253,-5.318249,-2.2740722,-10.691378,0.9967168,0.00023033594,3.914005e-05,0.00293082,6.517121e-06,5.3716776e-06,7.097835e-05,3.865978e-08,0,,,,0.00053253095,Test
2856,0,-0.07692352,0.83956844,1.9535391,-2.8935547,-0.7221573,-1.0901551,-6.0639215,-6.8458843,0.08285577,0.20718113,0.631163,0.0049553635,0.043461166,0.030080283,0.00020806667,9.519203e-05,2,,,,1.5777159,0.08465351,0.6700891,1.9759073,-2.8427777,-0.57199824,-1.0969543,-5.9258833,-6.637071,0.113548435,0.1791217,0.6165266,0.006168125,0.05064712,0.03352538,0.00032302053,0.00013960773,2,,,,0.040380124,Test
2857,0,-1.5051587,1.6574649,2.8030918,-2.827595,-0.7572236,0.11096564,-6.3208575,-8.618358,0.009401636,0.22218432,0.69863904,0.0025053977,0.019862209,0.047323555,7.6167926e-05,7.655619e-06,2,,,,1.2503438,-1.7231464,1.4402773,2.9284456,-2.7810464,-0.7952826,0.29822287,-6.4244094,-8.467909,0.007966882,0.21415357,0.6983912,0.002442851,0.018109921,0.05883807,7.5792974e-05,2.166128e-05,2,,,,0.048773643,Test
2858,0,-1.5658475,1.1243167,4.808406,-3.3657897,-0.57497454,-0.41833144,-8.953885,-11.517034,0.0016439493,0.024222104,0.964254,0.00027175876,0.0044281166,0.0051790276,1.0169613e-06,7.83688e-08,2,,,,0.27304474,-1.3605404,0.8794848,4.8405976,-3.3065963,-1.1355159,-0.34170586,-8.985555,-12.432226,0.0043421923,0.0259153,0.95873374,0.00048567913,0.0033023164,0.007218218,2.362979e-06,1.3584318e-07,2,,,,0.008035623,Test
2859,0,-4.306921,-3.1744695,3.8692417,-1.9835876,0.25837645,-2.0230815,-3.7637582,2.391432,0.0002228067,0.000691426,0.7921193,0.0022747782,0.021409756,0.002186689,0.00038354902,0.1807116,2,,,,0.8846985,-4.12309,-2.9691799,3.6966758,-1.85357,0.089292504,-2.1644518,-3.2708764,2.4842973,0.0005395437,0.0015169645,0.7344389,0.004849657,0.022255858,0.0038163518,0.0014071543,0.23117559,2,,,,0.026071701,Test
2860,0,-2.8864064,0.23151362,5.522991,-2.9953816,-0.5644579,1.1153247,-8.553457,-11.825327,0.00021841496,0.0049360273,0.9804764,0.00019586415,0.0022268533,0.011945711,7.5528914e-07,2.8652222e-08,2,,,,0.16671854,-2.8786068,0.26204395,5.7230062,-3.0598662,-0.4443794,1.159531,-8.737554,-12.159944,0.0005202473,0.010267918,0.965381,0.00039933895,0.003010958,0.02041341,6.651754e-06,4.0675658e-07,2,,,,0.011801783,Test
2861,0,-7.8355546,-3.158466,12.256513,-3.5417106,2.0278206,1.4629813,-13.745669,-14.673944,1.8797546e-09,2.0199235e-07,0.999943,1.3768732e-07,3.6116922e-05,2.0530717e-05,5.0976627e-12,2.0147722e-12,2,,,,0.00094248203,-7.8284426,-3.042033,12.138178,-3.3559864,1.8360147,1.536987,-14.13705,-14.676058,6.2303727e-09,2.9042276e-06,0.99987286,8.277028e-07,6.618499e-05,5.7131467e-05,5.449401e-11,2.4871591e-11,2,,,,4.172397e-05,Test
2862,0,0.7793106,2.824347,2.3678405,-3.8495307,-1.9646374,-0.9027913,-8.554435,-12.63502,0.07201426,0.55662984,0.35262105,0.0007032961,0.0046316637,0.013393401,6.3653774e-06,1.075594e-07,1,,,,1.4008111,0.7090149,2.8978186,2.586533,-4.163888,-1.4637191,-1.0155044,-8.529685,-12.511465,0.067701265,0.5038241,0.39214772,0.0004305994,0.0076273405,0.028259385,9.213242e-06,4.0645787e-07,1,,,,0.085765205,Test
2863,0,-1.5733002,1.202676,4.666032,-3.4319358,-0.31076908,-0.60887414,-8.555043,-10.417641,0.001866072,0.029958472,0.956392,0.00029089313,0.006595364,0.004895232,1.7329897e-06,2.6907924e-07,2,,,,0.31885815,-1.617307,1.0731297,4.961298,-3.4396732,-0.16226985,-0.23246035,-9.077954,-11.141134,0.0031660018,0.027303021,0.95502883,0.00034671606,0.0067460993,0.007405491,3.4479042e-06,3.387042e-07,2,,,,0.007198883,Test
2864,0,-3.593325,-2.8569717,2.6793435,-1.3724906,-0.2896873,-2.9443192,-2.2064762,3.621239,0.0005169559,0.0010795624,0.27392948,0.0047637564,0.014067115,0.0009892659,0.0020689706,0.70258486,7,,,,1.0374162,-3.7693355,-2.92889,2.882311,-1.4881792,-0.2245493,-3.1123474,-2.4210298,3.5503292,0.00048082176,0.0012122716,0.33747986,0.004752579,0.015638193,0.00090620166,0.001806145,0.6377239,7,,,,0.024550911,Test
2865,0,-1.3952615,1.8800076,3.9375155,-3.5538976,-1.1127505,0.59494317,-8.684706,-12.75618,0.0041114693,0.10874977,0.8511237,0.00047480283,0.005453683,0.030083753,2.8069312e-06,4.7864447e-08,2,,,,0.77699184,-1.1624521,1.9225969,3.9120193,-3.3805423,-1.4925808,0.5037588,-8.594154,-13.053808,0.007341559,0.17072135,0.7787389,0.00074845535,0.0051480727,0.03729446,6.9584726e-06,2.1354072e-07,2,,,,0.038600683,Test
2866,1,-0.24704689,-0.19329377,0.6942281,-2.0505133,-0.72254604,-1.4201641,-2.520829,-2.120115,0.16748321,0.17673232,0.42930093,0.027588988,0.104103334,0.051819466,0.017237738,0.025734046,2,,,,2.3382127,-0.25104508,-0.24971011,0.67787284,-2.056472,-0.81015414,-1.5796716,-2.1449866,-1.9961853,0.18263085,0.17589787,0.41719645,0.026643481,0.096492,0.043964107,0.027252156,0.029923093,2,,,,0.045040417,Test
2867,1,2.8868442,2.252067,-0.17082469,-2.729128,-2.2316365,-2.6433713,-4.933616,-9.631824,0.62851757,0.333148,0.029538518,0.0022873455,0.0037617462,0.0024921575,0.0002523101,2.2989489e-06,0,,,,1.1744537,3.0587187,2.3859196,-0.21499412,-2.8090653,-2.2618382,-2.4920235,-5.0508194,-10.299646,0.6205474,0.341699,0.027150247,0.0023918147,0.0043890392,0.0035409029,0.00027942148,2.214316e-06,0,,,,0.037334688,Test
2868,0,-1.9049296,1.1380279,4.0952787,-2.9169855,-0.7090945,-0.26284233,-7.0776086,-9.381081,0.002302439,0.048275616,0.9290638,0.0008368697,0.0076125953,0.011894267,1.3053351e-05,1.3041785e-06,2,,,,0.46829626,-1.9692503,1.1227598,4.03961,-2.9754066,-0.29012528,-0.41534686,-7.1091676,-9.066819,0.0056859367,0.07440415,0.88828343,0.0014987593,0.013858616,0.016234178,3.1702493e-05,3.1623144e-06,2,,,,0.02590883,Test
2869,0,-0.8745591,0.33243066,1.6688071,-2.6141608,-0.44007343,-0.68038565,-4.631726,-4.612899,0.049882676,0.16677798,0.6346286,0.008758914,0.07702726,0.06057287,0.0011647508,0.0011868873,2,,,,1.6757054,-0.7355625,0.42461824,1.3676965,-2.512222,-0.4323536,-0.7346514,-4.4123063,-4.495155,0.08785446,0.21601453,0.523553,0.012068447,0.08563916,0.070502296,0.0022925492,0.0020754922,2,,,,0.04636856,Test
2870,0,-0.25521293,-2.1245494,1.5794473,-1.4614949,-0.34610426,-3.197385,-3.0254536,-0.8908114,0.10782052,0.016628722,0.67528045,0.032271545,0.09845274,0.0056876405,0.0067546237,0.057103727,2,,,,1.643345,-0.304324,-2.3247063,1.4946487,-1.6084821,-0.5557431,-3.058715,-3.044277,-1.108884,0.15365043,0.016829524,0.64572656,0.033376034,0.083060905,0.0074318,0.0076914756,0.05223328,2,,,,0.047867864,Test
2871,0,1.2027642,2.934555,1.4283371,-3.6033537,-1.5088896,-1.2215427,-7.1601067,-10.134526,0.123958796,0.700462,0.15532538,0.0010139276,0.008234194,0.0109752435,2.8928684e-05,1.4775925e-06,1,,,,1.2894554,1.393842,3.0154693,1.3528533,-3.845203,-1.3895284,-1.3693167,-6.8138704,-10.044112,0.1365325,0.64670897,0.19225094,0.00093863363,0.012504498,0.0110041015,5.4852007e-05,5.476385e-06,1,,,,0.06372555,Test
2872,0,-2.2968414,-1.1266075,2.2812448,-2.2066963,-0.13486205,-1.0753155,-3.4294333,-1.1143057,0.008452334,0.027239723,0.8226481,0.0092496695,0.07343656,0.028673355,0.0027233167,0.027576888,2,,,,1.083649,-2.3549469,-1.102749,2.2416453,-2.2614322,-0.085499294,-0.7787062,-3.448,-1.3204287,0.009550786,0.030406967,0.79556173,0.009619197,0.08195153,0.04412394,0.0034526153,0.02533322,2,,,,0.019422403,Test
2873,0,-1.119754,0.07204723,1.506598,-2.3903263,-0.9565849,-0.7163141,-4.029573,-3.9087088,0.047198538,0.1554251,0.6524371,0.013247256,0.055563796,0.07065456,0.0025716398,0.0029020219,2,,,,1.6583265,-1.2063962,0.0019852824,1.5421388,-2.369763,-1.1099479,-0.521034,-4.1004705,-4.147161,0.04851769,0.15024638,0.6495627,0.013749704,0.0465454,0.086182676,0.0025338002,0.0026616876,2,,,,0.03039813,Test
2874,0,-4.3852477,-1.1269308,3.7913728,-2.5274024,-0.79551464,3.3332176,-6.1756067,-7.9096155,0.0001701793,0.0044256374,0.60529613,0.0010908342,0.0061646444,0.38281915,2.8402954e-05,5.0152553e-06,2,,,,1.0619638,-4.4845552,-1.4894332,4.1614585,-2.7270527,-0.7507025,3.6033158,-6.698919,-7.867635,0.00016749892,0.00327629,0.6112321,0.00071771827,0.0054581864,0.37912253,1.9418863e-05,6.25715e-06,2,,,,0.03867479,Test
2875,0,-1.863554,0.22944975,2.1413395,-2.6246629,-1.0162987,1.545937,-5.3191695,-6.8257093,0.010302483,0.083545245,0.5652557,0.004812783,0.0240381,0.3116484,0.00032522724,7.2095005e-05,2,,,,1.5277234,-1.8097652,0.26179084,1.9039652,-2.3094678,-1.0225289,1.6776226,-4.782344,-6.6346908,0.015468456,0.10658975,0.4668755,0.008493821,0.025970777,0.37521616,0.0012655931,0.00011989819,2,,,,0.04757493,Test
2876,0,-1.4359257,1.1237892,3.7947733,-2.9503372,-0.6865075,0.005096201,-7.429654,-10.222237,0.0048211613,0.062347874,0.90118796,0.0010603545,0.010200463,0.020369459,1.202565e-05,7.36725e-07,2,,,,0.6145766,-1.6400703,0.46421164,3.7132144,-2.7199688,-0.4253559,0.2309117,-7.0585012,-9.343603,0.0059412536,0.037052043,0.9006454,0.0018892415,0.018300176,0.036143534,2.4625004e-05,3.8271182e-06,2,,,,0.012759569,Test
2877,0,-2.6860316,0.24062532,4.8675737,-2.810794,-0.19750772,0.1420248,-7.2523165,-9.211573,0.000510954,0.009537021,0.97469974,0.00045102244,0.006153665,0.008641539,5.312139e-06,7.4881626e-07,2,,,,0.21518594,-2.580272,-0.038302995,4.824561,-2.4643817,-0.026770607,0.20765105,-6.885192,-8.375591,0.0015789692,0.011522422,0.9651167,0.0010082545,0.009327781,0.011429833,1.3190324e-05,2.9356204e-06,2,,,,0.006214216,Test
2878,0,-0.9330812,0.806998,3.7376876,-2.7336736,-1.3199371,0.24907106,-7.707093,-11.410124,0.008504519,0.048457,0.9081108,0.0014049549,0.0057761744,0.027736519,9.721513e-06,2.3962258e-07,2,,,,0.5962754,-1.0768386,0.6316761,3.7950382,-2.76431,-1.664793,0.28274393,-7.6580772,-11.434397,0.010089405,0.050092973,0.90065974,0.0014608571,0.0053471304,0.032337993,1.1641074e-05,2.761263e-07,2,,,,0.01742024,Test
2879,0,1.910559,0.90506774,2.4637935,-3.3927753,-2.104569,-1.129475,-9.29185,-15.014429,0.31490156,0.115211405,0.5475723,0.0015666282,0.0056810286,0.01506277,4.295663e-06,1.4052259e-08,2,,,,1.5081378,1.6916755,1.0397497,3.0496507,-3.5525117,-1.74436,-0.9497887,-9.770665,-14.62179,0.23596723,0.10841687,0.62007296,0.0011329282,0.006747242,0.027658755,3.9242773e-06,5.354682e-08,2,,,,0.07597329,Test
2880,0,-1.7528912,1.2276845,4.550666,-3.2038813,-0.5634526,-0.77982473,-8.026101,-10.777846,0.0017440467,0.03435624,0.95314306,0.00040869665,0.005729604,0.004614827,3.2895584e-06,2.0992775e-07,2,,,,0.33220086,-1.8713948,1.2514569,4.6475425,-3.2347293,-0.40856463,-0.614127,-8.157038,-10.580894,0.0065320497,0.07200223,0.90472156,0.0012988932,0.008792868,0.006636287,1.5570964e-05,6.5745223e-07,2,,,,0.02804653,Test
2881,0,-3.8734603,0.04247866,6.4643474,-3.3901904,-0.9136876,2.0599434,-9.785565,-13.783189,3.192052e-05,0.001602288,0.9856501,5.1754883e-05,0.00061586127,0.012047988,8.639241e-08,1.586097e-09,2,,,,0.12002215,-4.121066,0.060534377,6.2611322,-3.577294,-0.8276329,2.0982547,-10.339304,-14.01491,0.00033035566,0.0043382347,0.9734515,0.00019266708,0.0013946778,0.020292046,4.2823171e-07,2.6195973e-08,2,,,,0.0058855563,Test
2882,0,-3.5859258,-0.17638911,5.378928,-3.3881564,-0.51043355,1.9250988,-8.726919,-10.368878,0.00012308022,0.0037233278,0.9628862,0.00014999567,0.0026659842,0.030450609,7.2025006e-07,1.3944067e-07,2,,,,0.26229253,-3.1731658,-0.06459819,5.0891438,-3.1747632,-0.46197423,1.5874884,-8.44598,-10.02936,0.00069626095,0.012061318,0.94478905,0.00057760807,0.004900016,0.036967345,7.555586e-06,8.96108e-07,2,,,,0.0124777965,Test
2883,0,-4.6105356,-1.1454287,7.3681436,-2.8739653,0.3313648,1.1361679,-9.345879,-11.212584,6.257298e-06,0.00020010764,0.9969223,3.552792e-05,0.00087624806,0.0019595155,5.4935608e-08,8.494822e-09,2,,,,0.034052785,-4.6173973,-1.1806357,7.469762,-2.9553037,0.27415267,1.0696102,-9.484096,-11.8520155,4.686509e-05,0.00057602243,0.99509954,0.00014695092,0.0012326245,0.0028976053,3.96968e-07,1.8210475e-08,2,,,,0.0010017927,Test
2884,0,-2.933856,-0.875405,1.5029111,-2.0803087,-1.0718682,2.2019403,-3.5616372,-4.0783734,0.0036633865,0.028698334,0.30956104,0.00860149,0.02357946,0.6227745,0.001955424,0.0011663403,5,,,,1.3412961,-2.9606462,-0.7872822,1.3475567,-1.9537569,-1.1851821,2.1030552,-3.3067245,-4.245857,0.0055832723,0.035456456,0.29892883,0.012884426,0.024230778,0.6162338,0.0050355103,0.0016469257,5,,,,0.028644728,Test
2885,1,0.9784782,3.1922872,1.7143168,-3.5993955,-2.1471894,-1.8452587,-7.015451,-11.244219,0.08096087,0.74083275,0.16898409,0.0008320125,0.0035547982,0.0048077474,2.7324733e-05,3.9813023e-07,1,,,,1.1225626,1.1242461,3.173465,2.0784478,-3.6328092,-1.8872722,-1.6586946,-7.2152,-11.837504,0.09914855,0.6091872,0.28021526,0.000905203,0.0053998483,0.005108065,3.5639587e-05,2.6008354e-07,1,,,,0.06329561,Test
2886,0,4.3603144,1.3681235,-0.6274959,-2.1763575,-2.8487284,-3.7150915,-4.7878656,-10.694455,0.943748,0.047354806,0.006436913,0.001367778,0.0006982463,0.00029359708,0.000100427336,2.7330825e-07,0,,,,0.3591805,4.6348543,1.584382,-0.8052055,-1.7768637,-2.809627,-3.6725712,-4.7831216,-10.966028,0.929104,0.062085103,0.00477857,0.002660076,0.0007699694,0.00044609065,0.00015550075,8.0205047e-07,0,,,,0.014201038,Test
2887,0,2.1873813,3.5498834,0.4327852,-3.4521933,-2.5362566,-2.244316,-6.0905023,-10.712342,0.19594319,0.76534516,0.03389369,0.00069645664,0.0017405257,0.002330604,4.9784143e-05,4.8961107e-07,1,,,,0.96590143,1.9347614,3.2810433,0.43775663,-3.192275,-2.477651,-1.97008,-5.8179126,-10.256249,0.22072735,0.68345416,0.07913247,0.0015655294,0.0034095445,0.011612355,9.632252e-05,2.2408535e-06,1,,,,0.04703812,Test
2888,0,-2.4546564,0.85272557,5.5418844,-3.654155,-0.26229638,-0.05377676,-9.450244,-11.487677,0.0003312059,0.009046401,0.9839017,9.980737e-05,0.0029663888,0.0036541547,3.0335636e-07,3.954647e-08,2,,,,0.14410459,-1.9685175,0.73511684,5.4437284,-3.2742133,-0.1611343,-0.021288767,-9.381792,-11.063816,0.0011813764,0.016528903,0.9701616,0.00024964815,0.007274721,0.0046024043,9.3189135e-07,4.1295476e-07,2,,,,0.008348168,Test
2889,0,-2.0807223,-1.8822751,2.7073102,-2.362042,0.1302129,-3.131146,-3.0689428,1.021177,0.0064463886,0.0078614205,0.7739851,0.0048656506,0.058818426,0.002254879,0.0023995948,0.14336868,2,,,,1.1082202,-1.9669615,-1.9938252,2.5321276,-2.2266042,0.09971281,-2.8140538,-2.8110042,0.95350707,0.009440223,0.0091717,0.73596215,0.007636089,0.06831689,0.004375626,0.0047429334,0.16035435,2,,,,0.020617817,Test
2890,0,-4.022716,-2.9522593,2.6002707,-1.2911192,-0.6078,-2.180658,-2.3363492,2.8888576,0.00055023324,0.001604871,0.4138789,0.008450143,0.016735006,0.0034717007,0.0029711628,0.55233806,7,,,,1.2308714,-4.2399282,-3.0478065,2.7595983,-1.5087267,-0.48603168,-2.2662246,-2.5566301,2.961773,0.00057495973,0.0017432021,0.43542805,0.006827203,0.017848417,0.0043562516,0.002875094,0.5303468,7,,,,0.017560245,Test
2891,1,7.5533376,-0.9750552,-2.5737154,0.5129442,-3.8077154,-6.4931583,-2.4662619,-10.33515,0.99883085,0.00019754135,3.9936374e-05,0.00087475806,1.1626504e-05,7.9282347e-07,4.446671e-05,1.700673e-08,0,,,,0.014436597,7.376197,-0.8882383,-2.5735936,0.4262622,-4.0033937,-6.514099,-2.151629,-9.747022,0.99818945,0.00038947497,8.659776e-05,0.0012171092,2.750522e-05,3.2216526e-06,8.656112e-05,6.803897e-08,0,,,,0.0003300077,Test
2892,0,-2.8381445,-1.161853,2.2048712,-2.4071612,-0.04184346,1.1529524,-4.5351853,-3.2283275,0.0042702327,0.02282736,0.661615,0.006570904,0.069963194,0.23108025,0.00078241294,0.00289066,2,,,,1.3893284,-2.7224545,-0.94707,2.1670432,-2.3529975,-0.0250499,1.2416017,-4.616362,-3.234223,0.0050743804,0.029519796,0.62437797,0.007552852,0.07186843,0.25763732,0.0008042912,0.0031649533,2,,,,0.03233615,Test
2893,0,-4.2927966,-0.021055514,8.086384,-3.9826572,-0.35502002,1.3242053,-11.926959,-14.709041,4.1981643e-06,0.00030078305,0.9983191,5.724682e-06,0.00021538451,0.0011547622,2.030414e-09,1.2570192e-10,2,,,,0.02000846,-3.6988423,0.85591733,7.488904,-3.6632276,-0.7441529,0.9014562,-11.494462,-14.900759,5.6474448e-05,0.0032270304,0.9941429,3.3063978e-05,0.00045028568,0.0020902702,1.5391729e-08,2.8543186e-09,2,,,,0.001607612,Test
2894,0,-4.4178243,-0.99620605,6.098802,-3.0536416,0.10691543,1.996858,-8.692286,-9.718529,2.6551319e-05,0.00081297295,0.98039,0.000103882645,0.0024499407,0.01621613,3.6958212e-07,1.3244e-07,2,,,,0.1558224,-4.613264,-1.0875653,5.66409,-2.8888144,-0.0098324595,2.4361904,-8.786722,-9.615766,0.00012462333,0.0020797392,0.9498771,0.00040687126,0.0041333204,0.043374624,2.2237368e-06,1.4382624e-06,2,,,,0.006831926,Test
2895,0,-2.7215567,0.71706176,5.1825914,-3.210862,-0.48373014,0.55033696,-8.379078,-11.021966,0.00036010225,0.011214991,0.9753348,0.00022076142,0.0033752152,0.009492729,1.2571745e-06,8.945484e-08,2,,,,0.2061191,-2.7215602,0.8550664,5.4570656,-3.1132371,-0.4710021,0.58176136,-8.494877,-11.750217,0.00079389504,0.021315482,0.9631349,0.00042335837,0.0039979154,0.010329159,5.150883e-06,1.8031636e-07,2,,,,0.011443945,Test
2896,0,12.419746,-1.8897667,-4.192135,2.2085824,-6.5506034,-10.377126,-3.443296,-16.558527,0.99996245,6.101563e-07,6.1028864e-08,3.675626e-05,5.7711884e-09,1.2572694e-10,1.2904813e-07,2.599438e-13,0,,,,0.0006128282,12.2054205,-2.9628494,-3.8283532,2.2269616,-5.986691,-10.714322,-3.3617835,-15.843262,0.9999048,1.6849824e-06,2.525891e-07,9.263896e-05,5.6641284e-08,6.844948e-10,5.060955e-07,3.0821235e-12,0,,,,3.81531e-05,Test
2897,0,-2.3273718,0.7588686,3.6642826,-3.055874,-1.0274558,1.2379696,-7.0925465,-9.177183,0.0021622404,0.047341403,0.8650604,0.001043565,0.007933238,0.076438494,1.8425311e-05,2.2912295e-06,2,,,,0.75796694,-2.2805364,0.33602428,3.7585742,-2.9630609,-1.0376179,1.2736222,-6.896617,-8.84204,0.0036667432,0.034730054,0.86904556,0.0017909091,0.011135752,0.079547636,5.8145575e-05,2.5196612e-05,2,,,,0.015725896,Test
2898,0,-3.3227615,0.08717604,5.457271,-3.0568979,-0.36513606,1.3359271,-8.432553,-10.688416,0.00015014075,0.0045437645,0.9763792,0.00019586734,0.0028905415,0.015839502,9.064517e-07,9.498078e-08,2,,,,0.19247665,-3.3926206,-0.036992688,5.791882,-2.7908618,-0.5443821,1.189896,-8.257686,-11.229761,0.0003187295,0.009050403,0.9748103,0.000262512,0.002462692,0.013091606,3.6631438e-06,1.06642005e-07,2,,,,0.006883106,Test
2899,0,1.5645461,1.847413,0.52366596,-2.8438804,-1.6238834,-1.9151909,-5.04357,-8.02084,0.36156994,0.47977743,0.12768616,0.004401868,0.014909909,0.011141965,0.00048789216,2.4849182e-05,1,,,,1.621114,1.7014542,1.8811121,0.38958967,-2.7871768,-1.6886609,-1.910091,-5.000587,-7.9331894,0.39731565,0.45717126,0.11290046,0.004822023,0.014919895,0.01221602,0.0006101831,4.45029e-05,1,,,,0.04929969,Test
2900,0,-2.0512874,-0.013432659,1.8630433,-2.7838135,-0.9384115,1.9069666,-5.5412903,-6.4226875,0.008716696,0.06689304,0.43684167,0.004190055,0.026525756,0.4564568,0.000265866,0.000110122746,5,,,,1.5356635,-2.2044313,-0.22259045,1.8331354,-2.8522334,-0.9353285,1.9218063,-5.50506,-6.5704513,0.01004299,0.064571835,0.4256567,0.005025493,0.027392495,0.46660694,0.0005007609,0.00020276484,5,,,,0.039060704,Test
2901,0,-3.920509,-1.4680408,2.4176416,-1.8176113,-0.9433565,2.3590295,-3.9876034,-4.19858,0.0008760995,0.0101776365,0.49565265,0.007175142,0.017199447,0.46743637,0.0008192471,0.0006634206,2,,,,1.258333,-3.6387768,-1.4099681,2.2033505,-1.5505046,-1.0494494,2.0635436,-3.4270356,-3.9946218,0.0017651508,0.014027338,0.5060132,0.013488667,0.020344209,0.44074592,0.0022041386,0.0014113991,2,,,,0.027195968,Test
2902,0,-3.3112473,0.33811212,5.99448,-3.3904736,-0.79040587,1.4385102,-9.744561,-13.328875,8.953183e-05,0.003442499,0.98492545,8.271225e-05,0.0011136915,0.010345956,1.43888e-07,3.9937147e-09,2,,,,0.13123514,-2.9871995,0.48622894,6.252277,-3.0819879,-0.76506037,1.257804,-9.69953,-13.747119,0.00029120932,0.004476449,0.9801296,0.00029136078,0.0021241046,0.012686813,4.630631e-07,2.3078332e-08,2,,,,0.005125958,Test
2903,0,-1.5573889,1.5730444,4.810741,-3.92701,-0.9577269,0.3162974,-9.743071,-13.013918,0.0016252816,0.037192766,0.9474848,0.00015199007,0.002960455,0.010584255,4.5282664e-07,1.7195747e-08,2,,,,0.36167768,-1.8111118,1.4414485,4.8634787,-4.1157074,-1.1738125,0.3720301,-10.186792,-13.603114,0.0026593741,0.044991344,0.9323265,0.00017635018,0.0027172896,0.017128397,5.394551e-07,1.9395812e-07,2,,,,0.013758453,Test
2904,0,5.77261,-1.1663632,-1.9011801,0.26269788,-2.9430985,-5.4483795,-1.7664691,-7.8378263,0.99384695,0.0009633002,0.00046199223,0.0040215636,0.00016298037,1.33077865e-05,0.00052861444,1.2200625e-06,0,,,,0.06366858,5.700736,-1.3788508,-2.0010605,0.16055866,-2.6783352,-4.7410326,-2.0311465,-7.369418,0.9903741,0.0017587866,0.0010267372,0.005478312,0.0005656476,7.3455274e-05,0.00070673355,1.6175854e-05,0,,,,0.0025637005,Test
2905,0,-2.812549,0.28575024,5.627783,-3.1322875,-0.023250265,-0.20365259,-8.36343,-10.075869,0.00021350011,0.004731215,0.98852557,0.00015507347,0.0034735654,0.0029001986,8.2924214e-07,1.4961624e-07,2,,,,0.11041112,-2.8841116,0.59016263,5.6758738,-2.9879935,-0.10795625,0.18174297,-8.036075,-10.2658415,0.0013898031,0.02156699,0.96777534,0.00042519666,0.0036362514,0.005188035,1.6703041e-05,1.6582708e-06,2,,,,0.013024159,Test
2906,0,-4.03648,-1.2486372,3.557994,-2.0325427,-0.5167359,1.250317,-5.0149612,-5.1085835,0.0004456226,0.007239556,0.8855341,0.0033057204,0.01505125,0.08810367,0.0001675013,0.00015253117,2,,,,0.6429077,-4.1669106,-1.1959555,3.6317573,-2.0116355,-0.606763,1.3293586,-5.044757,-5.0621223,0.0009716956,0.010946855,0.8716403,0.0037454613,0.015444996,0.09657954,0.00042476444,0.0002464368,2,,,,0.015738545,Test
2907,0,-1.9971013,0.90073824,4.573198,-3.3504486,-0.403529,0.215217,-8.150738,-10.68563,0.0013386217,0.024275804,0.95521814,0.000345865,0.006587756,0.01223082,2.8455574e-06,2.2556831e-07,2,,,,0.33561417,-1.8976959,0.66417736,4.2685466,-3.3291545,-0.89759696,0.011516279,-8.113371,-10.221291,0.0033021283,0.04164719,0.9254513,0.00069525733,0.0064482153,0.022447484,7.2745293e-06,1.0870311e-06,2,,,,0.018214148,Test
2908,0,-4.0092745,-2.028451,1.452464,-1.5478692,-1.2876892,2.570356,-3.0845714,-2.6788647,0.0010027498,0.007268643,0.2361541,0.011753502,0.015246215,0.7222537,0.0025280523,0.0037929937,5,,,,1.1120708,-3.8703587,-1.8253101,1.3941772,-1.6632926,-1.2957308,2.4887438,-3.05003,-2.3893514,0.0019089978,0.011064795,0.24867746,0.013755451,0.020886093,0.6917806,0.003662865,0.008263654,5,,,,0.036529336,Test
2909,0,1.3515035,0.3862645,0.14665875,-2.068892,-1.6651738,-1.7469563,-3.623456,-6.3190317,0.55102867,0.2098825,0.16516452,0.018018363,0.026980367,0.024861667,0.0038069466,0.00025698225,0,,,,1.7868028,1.2171009,0.16498126,0.25221497,-1.9740998,-1.6341709,-1.9037626,-3.4626877,-6.0865436,0.52070546,0.18969311,0.20259197,0.021782856,0.03264946,0.026113575,0.0058561247,0.00060744735,0,,,,0.04197118,Test
2910,0,-4.2069764,-0.50316095,8.042917,-3.178569,-0.095599875,1.2383995,-10.996798,-14.541544,4.7779204e-06,0.00019399278,0.99838936,1.3361969e-05,0.0002915995,0.001106969,5.3759703e-09,1.5523621e-10,2,,,,0.019309154,-4.8256717,-1.2599889,8.052647,-2.754321,0.02701738,1.661883,-10.738825,-13.607407,9.590563e-06,0.00012172925,0.99693334,5.5717166e-05,0.00066111016,0.0022185384,4.556362e-08,1.3329639e-09,2,,,,0.00073789887,Test
2911,0,4.1758513,1.0298514,-1.3423003,-1.2099458,-3.0375016,-2.7051146,-3.546556,-9.555315,0.9489232,0.04082636,0.003808274,0.004347195,0.0006990554,0.0009746875,0.0004201769,1.0324311e-06,0,,,,0.34668416,4.2437778,0.9358219,-1.4427742,-1.2967873,-3.2868276,-2.8524687,-3.7541595,-9.913114,0.9397541,0.046882056,0.004970419,0.005261871,0.0009626881,0.0015179126,0.0006456506,5.338282e-06,0,,,,0.013748381,Test
2912,0,6.306292,-0.032380298,-1.93466,-0.0040171053,-3.8826535,-4.235183,-3.3487074,-11.431194,0.99603987,0.0017596503,0.00026258925,0.0018102743,3.743465e-05,2.631311e-05,6.38504e-05,1.9723522e-08,0,,,,0.04325898,5.817532,-0.18516695,-1.8934116,0.019939903,-3.803522,-3.9756455,-3.0590904,-10.43892,0.99174833,0.0033916435,0.0007015151,0.0037331872,0.00011349659,0.00013309917,0.00017840003,3.0500595e-07,0,,,,0.0014362619,Test
2913,1,-4.405226,-2.422501,0.7051519,-0.11447341,-2.2766402,0.43887535,-1.0597191,-0.31325775,0.0021247587,0.015431075,0.3521427,0.1551529,0.017854301,0.26982132,0.060289953,0.12718298,2,,,,2.295358,-4.640483,-2.4505365,0.57383144,-0.030858856,-2.4241502,0.5430696,-0.95939714,-0.50941557,0.0018384118,0.015742,0.31213617,0.16777866,0.015990295,0.30431724,0.06679901,0.11539818,2,,,,0.029967748,Test
2914,0,-4.3143015,-0.2411935,7.2037864,-3.6194718,-0.07343662,1.449524,-10.340246,-12.360513,9.904195e-06,0.0005817648,0.99554527,1.9841733e-05,0.00068802334,0.003155125,2.3921272e-08,3.1724448e-09,2,,,,0.04658107,-4.3219404,-0.26360565,7.365834,-3.766013,-0.06309374,1.3447294,-10.471081,-12.175754,1.9742363e-05,0.00079934235,0.99483365,2.3504801e-05,0.00095986854,0.0033638137,4.2755598e-08,7.833561e-09,2,,,,0.0010825548,Test
2915,0,-2.1994069,0.85718614,4.383303,-3.1997476,-0.7417501,0.7047387,-8.006584,-10.3829,0.0013026492,0.027687835,0.9411573,0.00047905472,0.0055960272,0.023772888,3.9156394e-06,3.637322e-07,2,,,,0.41357327,-2.2898495,0.60012233,4.481639,-2.982261,-0.5559411,0.9506717,-7.7815766,-10.205525,0.0015041877,0.027197277,0.92251384,0.00063279446,0.0069768145,0.041167285,6.9432936e-06,8.0327084e-07,2,,,,0.015518993,Test
2916,0,-3.8682532,-1.6212875,0.586004,-0.86805505,-2.3028274,1.7432101,-1.370038,-2.873829,0.0024406093,0.023085706,0.20987356,0.049030673,0.0116776135,0.66761476,0.029679697,0.0065973797,5,,,,1.4952364,-3.8429031,-1.8291502,0.5197322,-0.9317009,-2.3173609,1.7832491,-1.4766228,-2.942525,0.0033914377,0.019606743,0.19684283,0.047018472,0.012457227,0.6832925,0.029234177,0.008156622,5,,,,0.025679734,Test
2917,0,0.56556845,2.5701299,2.6490595,-3.6930926,-1.4623024,-1.6974286,-8.048013,-11.739996,0.059861314,0.44434083,0.48083374,0.00084651227,0.007878674,0.006227865,1.0872154e-05,2.7096155e-07,2,,,,1.380625,0.44731522,1.8587672,3.0572221,-3.699646,-1.2482014,-1.5814611,-8.407755,-12.068533,0.06345069,0.24167857,0.67399085,0.00092996005,0.012653475,0.007285484,1.0365509e-05,5.7437114e-07,2,,,,0.059252333,Test
2918,0,-2.123438,1.3094927,5.8914795,-3.6165187,-0.8379804,0.15704708,-9.983069,-13.77893,0.0003255898,0.010082624,0.9851564,7.31533e-05,0.0011774377,0.0031847323,1.256829e-07,2.8232843e-09,2,,,,0.13077559,-2.0831883,1.3425995,5.7028885,-4.1466823,-0.70488656,-0.33332545,-10.110594,-13.177835,0.0012919907,0.01795057,0.9752518,0.00010666835,0.002294806,0.0031036846,4.8448027e-07,1.4233969e-08,2,,,,0.0049146544,Test
2919,0,-1.943847,-1.2740107,3.0109837,-2.1958082,0.45366004,-1.9757667,-4.2349133,-1.6971079,0.0062918765,0.01229381,0.89255667,0.0048905173,0.06918377,0.0060942112,0.00063647685,0.008052626,2,,,,0.68213964,-2.1169438,-1.3891872,3.2179933,-2.259899,0.6037271,-1.773093,-4.589026,-1.9825236,0.005136238,0.010319799,0.89864063,0.004428149,0.06730189,0.0071580643,0.00042149256,0.0065937834,2,,,,0.008020028,Test
2920,0,-1.7820182,1.2519416,3.9082885,-3.5566347,-1.2070127,0.785224,-8.522545,-11.320863,0.0030053358,0.062448926,0.8895324,0.00050955015,0.0053409035,0.03915904,3.5523785e-06,2.1638422e-07,2,,,,0.65428287,-1.6808128,1.4796708,3.9733052,-3.62486,-1.0677772,0.9535553,-8.84569,-11.976666,0.004716082,0.086656585,0.8516418,0.0005818154,0.006074915,0.05032303,5.661052e-06,2.4218042e-07,2,,,,0.020624746,Test
2921,0,4.118273,-2.3425465,-0.7033072,0.29924655,-2.297261,-4.7918577,-2.6386318,-5.5114107,0.9665886,0.0015112752,0.0077849557,0.021215813,0.0015812869,0.0001305032,0.0011239715,6.3551124e-05,0,,,,0.26231083,4.3226557,-2.2096028,-0.6587184,0.41807094,-2.3466482,-4.8262334,-2.493729,-5.6466365,0.9608509,0.001692274,0.009444024,0.024036478,0.0020932707,0.00016983667,0.0015988443,0.00011433363,0,,,,0.0065692286,Test
2922,0,-3.1586838,0.007474819,5.5666203,-3.0429842,-0.0036820006,0.7828268,-8.250859,-10.401358,0.00015980721,0.0037900188,0.9838923,0.00017940877,0.0037479685,0.008229482,9.819564e-07,1.1432548e-07,2,,,,0.14500247,-3.0338998,-0.00032103658,5.6594048,-3.4280345,-0.15344372,0.98368675,-8.507777,-10.339872,0.0010537189,0.008265244,0.973382,0.00028703033,0.0036091432,0.013394681,7.842131e-06,3.5690996e-07,2,,,,0.0075507113,Test
2923,0,-3.4383998,-1.3798709,2.1086495,-2.3603938,-0.60104835,1.4175892,-4.101254,-3.158034,0.0024057534,0.018847726,0.6170269,0.0070700636,0.041067414,0.30915797,0.001239873,0.0031842892,2,,,,1.3603631,-3.7437263,-1.4552395,2.3472319,-2.561619,-0.41768283,1.3634374,-4.374162,-3.095194,0.0017619694,0.015968118,0.67104155,0.0054767537,0.044546816,0.2566853,0.00097452785,0.0035449774,2,,,,0.01963981,Test
2924,0,-2.8896825,0.7134681,5.371012,-3.2126944,-0.6612388,1.3044224,-8.945894,-12.228616,0.00025107962,0.009218065,0.9713718,0.00018177285,0.0023313756,0.01664516,5.8834524e-07,2.2078217e-08,2,,,,0.2270443,-2.8631074,0.7310868,5.3052034,-3.1727977,-0.8551084,1.2993264,-9.122698,-12.295317,0.00086609955,0.019466493,0.9519046,0.0005357353,0.0029487368,0.024269715,8.482398e-06,1.321063e-07,2,,,,0.011676888,Test
2925,1,-0.86007,-1.3257205,2.2020724,-2.182513,-0.17563702,-2.8323338,-3.7123225,-1.4548734,0.038463484,0.024144553,0.8220915,0.010249884,0.07625952,0.005351867,0.0022198884,0.02121919,2,,,,1.0716279,-0.72877824,-1.3253126,2.180894,-2.0374885,-0.08671688,-2.6479042,-3.497429,-1.4659556,0.047375638,0.028039932,0.7906908,0.013119188,0.08466781,0.007684528,0.0036017857,0.024820335,2,,,,0.017238542,Test
2926,0,5.221227,2.6247938,-1.6615309,-2.2411067,-3.2714949,-4.5532885,-4.130616,-10.864174,0.9289473,0.06924276,0.00095246104,0.0005335078,0.00019039212,5.284125e-05,8.0637554e-05,9.598204e-08,0,,,,0.38507453,5.032823,2.7921274,-1.8081261,-2.2808905,-3.1800048,-4.256715,-4.0427256,-10.645392,0.884961,0.11240269,0.0012719178,0.0008023683,0.00030442807,0.000116384916,0.00014058378,5.683659e-07,0,,,,0.020953463,Test
2927,0,3.057427,4.1929436,-0.3993672,-3.301837,-3.168026,-1.938094,-6.291493,-12.496198,0.24068102,0.7491874,0.007588837,0.00041653228,0.00047616995,0.0016289757,2.0953556e-05,4.2324217e-08,1,,,,0.8854516,3.2140732,4.515165,-0.49047175,-3.1196265,-3.0304046,-1.8969498,-6.10559,-12.974957,0.23429045,0.75233966,0.008933084,0.00090895995,0.0007510305,0.0027363964,4.0341278e-05,7.1075505e-08,1,,,,0.036487535,Test
2928,0,-4.074588,-0.11179258,6.8470826,-3.2761376,-0.08357161,1.2626058,-9.761444,-12.126383,1.7959415e-05,0.00094474043,0.9942912,3.9907525e-05,0.0009717819,0.0037342731,6.088668e-08,5.7206115e-09,2,,,,0.05841436,-3.6872745,-0.5061027,6.3742104,-2.7794309,-0.23819666,1.208452,-9.06455,-11.778255,9.026971e-05,0.0014995162,0.98935163,0.00037390616,0.0015701264,0.00711298,1.4870265e-06,4.741107e-08,2,,,,0.0022765833,Test
2929,0,-3.694347,-1.8736732,0.721275,-0.89768434,-1.7788423,1.3985544,-1.839094,-1.7240857,0.003454028,0.021332134,0.28576303,0.056611005,0.023454105,0.5625288,0.022082685,0.024774184,5,,,,1.7451144,-3.5669656,-1.8247156,0.48814613,-0.8203192,-1.9788907,1.4127555,-1.5883309,-1.934383,0.004357164,0.024331978,0.24364606,0.06386483,0.020916266,0.58872783,0.03129673,0.022859082,5,,,,0.032814324,Test
2930,0,7.4419913,0.2457397,-2.4843307,-0.2541291,-3.642305,-6.481766,-2.6682591,-11.185966,0.998692,0.00074840913,4.880729e-05,0.00045399283,1.5331438e-05,8.962321e-07,4.0607436e-05,8.117325e-09,0,,,,0.016253691,6.887127,0.8453949,-1.8639753,-0.15919031,-3.6193023,-5.4678392,-2.7834961,-10.479895,0.99457276,0.0033157873,0.0003601634,0.0015549323,5.6458444e-05,1.7075465e-05,0.00012279992,1.5352057e-07,0,,,,0.0012974375,Test
2931,0,1.2623316,2.8647647,1.6963643,-3.7357965,-1.5830187,-1.9830583,-7.3544493,-10.800865,0.13136165,0.6522235,0.20275268,0.0008867663,0.0076339385,0.0051169787,2.3782002e-05,7.5768486e-07,1,,,,1.3555987,1.6058336,3.122323,1.504295,-3.5697827,-1.5916194,-2.2441947,-6.8992753,-10.960934,0.15366296,0.6459509,0.18620418,0.0010882139,0.009028138,0.004015478,4.903577e-05,1.1056618e-06,1,,,,0.058587965,Test
2932,0,-4.984032,-1.13191,7.959489,-3.1612124,0.4351403,1.4610543,-10.318358,-12.265378,2.3864716e-06,0.000112385875,0.99782926,1.477057e-05,0.00053860835,0.0015025259,1.1510337e-08,1.6425105e-09,2,,,,0.024824427,-5.2049413,-1.3306167,7.9696608,-3.1636841,0.53598636,1.2515174,-10.425831,-11.8496685,3.1041159e-06,0.00014967765,0.99640924,3.1274827e-05,0.0012189861,0.0021877498,5.945058e-08,1.8385071e-08,2,,,,0.0011005214,Test
2933,0,-1.797229,0.6490922,6.3805337,-3.5587983,-1.3938402,-0.23111165,-10.708863,-16.569183,0.0002793388,0.0032251892,0.9946919,4.798346e-05,0.00041813919,0.0013374808,3.765803e-08,1.0733796e-10,2,,,,0.0557789,-1.5970194,0.58868045,6.0796046,-3.5583732,-0.8983172,-0.5101935,-10.324963,-16.257797,0.0052456716,0.017905578,0.97191656,0.0008648926,0.0018076794,0.0022578093,1.7854114e-06,2.238306e-09,2,,,,0.011017082,Test
2934,0,6.1153264,4.54092,-0.94428647,-2.906401,-4.0685387,-4.744856,-7.3511043,-16.721228,0.82769895,0.17144164,0.00071108504,9.995072e-05,3.126628e-05,1.5898471e-05,1.1734804e-06,1.0001915e-10,0,,,,0.67150706,6.104404,4.795751,-1.2011815,-3.060844,-3.9396775,-4.6855497,-7.7055407,-16.515347,0.75133663,0.24754262,0.000782652,0.00015075714,0.00012967511,5.545832e-05,2.2375675e-06,1.7379469e-09,0,,,,0.056513783,Test
2935,0,12.389284,0.5142378,-4.9331193,0.27375478,-6.3323226,-9.782745,-3.719758,-17.718285,0.9999875,6.9618923e-06,2.998959e-08,5.4737775e-06,7.401229e-09,2.3485752e-10,1.00908096e-07,8.403179e-14,0,,,,0.00023630819,12.076447,0.18396032,-4.76295,0.05652827,-5.6767364,-9.768771,-3.2064214,-16.407784,0.999946,3.894971e-05,2.258583e-07,1.4200562e-05,9.6346454e-08,5.26701e-09,5.160499e-07,1.1538002e-11,0,,,,2.2465929e-05,Test
2936,0,1.4235754,1.0932608,1.0711591,-2.6592453,-1.4632618,-1.7790711,-6.168635,-8.931323,0.39440146,0.28345537,0.27725926,0.006649545,0.021988776,0.016034182,0.0001989223,1.2556346e-05,0,,,,1.825507,1.487361,1.457234,1.0403476,-2.6332834,-1.7488854,-1.8562422,-6.175214,-8.787537,0.36220542,0.35676545,0.24343017,0.0059192246,0.01463854,0.016834043,0.00019118452,1.5925058e-05,0,,,,0.04423367,Test
2937,0,14.610937,-2.7932675,-5.074242,3.0290935,-7.263655,-11.317342,-3.3862891,-18.849558,0.9999906,2.7634115e-08,2.8237834e-09,9.333945e-06,3.1621422e-10,5.488922e-12,1.5272132e-08,2.9395954e-15,0,,,,0.00017064302,14.931875,-3.355741,-5.03357,3.0660992,-6.6077256,-11.621654,-3.0128503,-19.460665,0.9999803,3.5439538e-08,6.908947e-09,1.9628013e-05,1.3711887e-09,3.8324875e-11,1.1156038e-07,2.0549577e-14,0,,,,7.568327e-06,Test
2938,0,-3.1004968,-0.7573227,2.9026618,-1.9848518,-1.0487385,1.0199678,-4.3601084,-4.678698,0.0020448628,0.021295689,0.8275663,0.0062399716,0.015912246,0.1259387,0.00058025884,0.00042194908,2,,,,0.890683,-2.8390098,-0.58717144,2.7265675,-1.8538218,-0.9756896,0.90411013,-4.003126,-4.5429354,0.0042820303,0.033841524,0.7924463,0.009897968,0.02161107,0.13578501,0.0013372225,0.00079884287,2,,,,0.019156784,Test
2939,0,-3.304722,0.37283722,4.9844127,-3.1079724,-0.5188147,1.6601306,-8.246079,-11.006029,0.00023913913,0.009457893,0.9518669,0.00029113737,0.0038775285,0.03426564,1.7086248e-06,1.08147226e-07,2,,,,0.3355074,-2.812075,0.5693995,4.904912,-2.8906503,-0.65647143,1.7316109,-8.238653,-11.5869255,0.00087533006,0.025682008,0.8936869,0.00076443783,0.005057013,0.073929146,4.9880005e-06,1.8902317e-07,2,,,,0.031765692,Test
2940,0,-3.341684,-1.6203246,1.9182884,-1.9765067,-1.0729293,1.21372,-3.236413,-2.3780138,0.0032099674,0.017950546,0.6178424,0.012571577,0.031031901,0.305413,0.0035663124,0.008414286,2,,,,1.4043642,-3.4456062,-1.6618261,1.8982884,-2.1292386,-1.2974133,1.1838195,-3.102571,-2.378457,0.0034260252,0.02183554,0.61149824,0.012128771,0.026581064,0.30995592,0.004914752,0.009659709,2,,,,0.02871931,Test
2941,0,-3.39998,-1.0043753,3.2659595,-2.3529294,-0.22663926,1.4575698,-5.315266,-4.8375707,0.0010493123,0.011516025,0.8239207,0.002989737,0.025065077,0.13505535,0.00015456337,0.00024921095,2,,,,0.86817443,-3.4302592,-1.1919546,3.327783,-2.4169993,-0.32737067,1.5845695,-5.4184394,-5.0258803,0.0015582882,0.012994103,0.8048215,0.0036948188,0.023225337,0.15308937,0.00035328098,0.00026321047,2,,,,0.021201458,Test
2942,0,-3.508005,-2.9033673,3.4539075,-2.194653,0.39134663,-2.7743356,-3.4300985,2.535049,0.0006510795,0.0011918583,0.68731225,0.002421115,0.032144066,0.001356009,0.0007038308,0.27421987,2,,,,1.102876,-3.8393197,-2.9536068,3.7012813,-2.2644112,0.42517632,-2.9020681,-3.748951,2.6933777,0.00041077757,0.0009382833,0.7053541,0.0019222617,0.027622428,0.0010592411,0.00046892575,0.2622239,2,,,,0.014657568,Test
2943,0,2.641697,3.3942623,1.0532097,-3.3246987,-2.7918184,-2.1767023,-7.66674,-13.908695,0.29924738,0.635134,0.061116595,0.00076711026,0.001307027,0.0024178317,9.9800545e-06,1.9421663e-08,1,,,,1.2248764,2.5474567,3.2561429,1.1258075,-3.6681283,-2.4764214,-1.9651629,-8.326374,-13.846994,0.31541356,0.58136004,0.0954099,0.00062327716,0.0023392309,0.0048462576,7.6984725e-06,4.79795e-08,1,,,,0.048733648,Test
2944,0,-1.4159803,1.6594368,5.375879,-3.8042905,-1.503827,0.3383548,-10.515595,-15.830619,0.0010869398,0.023541937,0.96799356,9.976442e-05,0.0009955296,0.0062820804,1.214208e-07,5.9704597e-10,2,,,,0.24066646,-1.324208,1.4516058,5.8072386,-3.8272133,-1.3125385,0.27866226,-10.649117,-15.808887,0.0037874598,0.032575913,0.95676386,0.00016213304,0.0011666553,0.0055430885,9.2733933e-07,8.7283185e-09,2,,,,0.015340356,Test
2945,0,4.5803432,0.44809708,-1.393337,-0.7961579,-2.897097,-3.5277672,-3.242427,-8.89317,0.97610086,0.015663292,0.0024840378,0.004513464,0.0005521837,0.00029389156,0.0003909388,1.3741119e-06,0,,,,0.19852637,4.75974,0.18760245,-1.3690187,-0.7725158,-2.5965552,-3.3457062,-3.400518,-9.3593855,0.9789754,0.011952735,0.002593052,0.0047443206,0.0007954768,0.00038375618,0.00055341644,1.9163467e-06,0,,,,0.002935532,Test
2946,0,-2.6820884,0.97917837,4.963323,-3.3064015,-0.8501448,1.0951688,-8.6319895,-11.519719,0.00045841708,0.017837286,0.9585633,0.0002455415,0.0028632795,0.020031005,1.1946805e-06,6.654673e-08,2,,,,0.30739123,-2.0951462,1.395325,4.5013657,-2.952423,-1.4444367,0.7012717,-8.04929,-10.916297,0.0027707105,0.0729595,0.88666457,0.0012839886,0.00317025,0.033138655,1.1818739e-05,4.322539e-07,2,,,,0.027427841,Test
2947,1,8.840745,0.66817814,-2.200258,-0.3986618,-5.56288,-6.975592,-5.9669476,-17.689768,0.99960357,0.0002821807,1.6024373e-05,9.709671e-05,5.5515306e-07,1.351698e-07,3.706198e-07,3.004499e-12,0,,,,0.005471065,8.607084,0.9112013,-1.7509482,-0.21494071,-5.0160365,-6.4733667,-5.479795,-17.224476,0.9984077,0.0011670865,7.838041e-05,0.00034142841,2.650901e-06,7.1814475e-07,2.0525893e-06,1.2701437e-10,0,,,,0.0005404253,Test
2948,0,-1.6590672,-0.13959204,1.6112899,-2.07063,-0.82782644,0.082644045,-3.7182605,-3.6920943,0.024500832,0.111964546,0.64487994,0.01623459,0.05625798,0.13982874,0.003125249,0.0032081031,2,,,,1.6724689,-1.6289498,-0.10790644,1.5671917,-2.1679044,-0.9227912,0.027587403,-3.6691833,-3.8855724,0.029391289,0.12479748,0.62810814,0.01567529,0.05313719,0.14229578,0.0036124378,0.0029823484,2,,,,0.02469509,Test
2949,0,-4.270401,-2.6421027,2.887038,-1.7075452,-0.46045902,-1.4147296,-2.941897,1.4647855,0.0005957459,0.003035444,0.7647112,0.0077285036,0.026896637,0.010357707,0.0022491752,0.18442553,2,,,,1.060116,-3.9637566,-2.598307,2.931162,-1.7831514,-0.49567348,-1.6108837,-3.0078635,1.6233752,0.0008989698,0.0032887417,0.7430464,0.008244387,0.024952834,0.00842848,0.0024145269,0.20872566,2,,,,0.01848738,Test
2950,1,-2.3981857,0.5681352,5.338867,-3.2381265,-0.7568823,0.8073756,-8.909607,-12.052799,0.0004269138,0.008290811,0.978362,0.00018431405,0.0022036838,0.010531682,6.345501e-07,2.7377567e-08,2,,,,0.18391423,-2.4666104,0.37297457,5.4024434,-3.48618,-0.9705246,1.1369783,-8.696432,-12.014391,0.0005792239,0.008015084,0.9558442,0.00020671019,0.0018824034,0.033470068,2.202355e-06,7.375899e-08,2,,,,0.012128354,Test
2951,0,0.014119001,2.8800704,3.4547095,-4.0269136,-1.6459621,-0.56211764,-9.354634,-13.3423815,0.019785939,0.34755507,0.6174278,0.00034782322,0.003761773,0.011119886,1.6887255e-06,3.1311398e-08,2,,,,1.1779113,-0.22930677,2.9531758,3.413533,-3.9533024,-1.9286296,-0.59096915,-8.811815,-12.467148,0.018641058,0.38614786,0.56735045,0.00042437864,0.0043370323,0.023093767,5.213286e-06,2.6067792e-07,2,,,,0.06666526,Test
2952,0,1.2877787,2.3971007,1.6195489,-3.1992538,-1.8143348,-2.2859669,-6.694373,-10.026195,0.18147677,0.5502923,0.25287566,0.0020423378,0.008158124,0.005090532,6.197501e-05,2.2142415e-06,1,,,,1.5371382,1.0138025,2.2156262,1.5638194,-3.4987328,-1.5566008,-2.3591404,-6.5280886,-9.118315,0.173209,0.51650107,0.28692746,0.0022145174,0.014399116,0.00659944,0.00013741598,1.2017236e-05,1,,,,0.055969723,Test
2953,0,-2.772423,0.12981683,5.5498776,-3.1908987,-0.94612896,1.2894088,-9.244329,-12.839892,0.00023816428,0.00433814,0.97995466,0.00015672388,0.0014791976,0.013832727,3.6826773e-07,1.0107183e-08,2,,,,0.16686548,-2.93641,-0.056133818,5.7160773,-3.0437062,-0.5112705,1.1444604,-9.215583,-12.144301,0.00032939864,0.004678176,0.9779785,0.00021031177,0.0030364096,0.013766211,9.3150436e-07,1.16770295e-07,2,,,,0.004035714,Test
2954,0,5.0149317,3.1582842,1.4156415,-3.219239,-2.9126127,-4.16565,-10.404517,-19.735937,0.84440356,0.13189195,0.023088632,0.00022412745,0.0003045518,8.699092e-05,1.6981205e-07,1.5044714e-11,0,,,,0.7244715,4.6217184,3.1227872,1.7882656,-3.1451316,-3.2988434,-3.6383812,-10.914424,-19.794657,0.6615297,0.20826311,0.12780088,0.00045985106,0.00129663,0.0006494002,4.1971498e-07,6.3369343e-10,0,,,,0.07717824,Test
2955,0,-5.8261833,-1.5448967,8.937813,-3.4251413,1.0569208,1.0203879,-10.786134,-11.957954,3.8702726e-07,2.7995005e-05,0.99922574,4.2707175e-06,0.0003776033,0.0003640571,2.7143314e-09,8.4090557e-10,2,,,,0.010077191,-5.1254063,-1.5074341,8.867459,-3.687737,1.493222,0.62377644,-10.938733,-11.607278,1.6502939e-06,0.00010286954,0.9973787,5.775805e-06,0.0011147939,0.0013961626,1.3138366e-08,7.668627e-09,2,,,,0.0011865371,Test
2956,1,-2.01117,0.27809516,3.300651,-2.9330108,-0.5821087,0.20755985,-6.3785377,-6.8797183,0.004398015,0.04339822,0.8915613,0.0017494694,0.018360736,0.04044257,5.5786993e-05,3.3796598e-05,2,,,,0.6888703,-2.1150002,0.5260881,3.6027913,-3.141231,-0.20964114,0.2720818,-6.615107,-6.3114696,0.0059079323,0.06314145,0.87017614,0.0014118095,0.023082292,0.036171854,5.1241874e-05,5.7313126e-05,2,,,,0.021802919,Test
2957,1,-1.5651045,2.440633,5.436762,-4.115195,-0.7127264,-0.30176592,-10.686344,-14.746257,0.00086165697,0.047315575,0.9466868,6.727357e-05,0.0020207725,0.0030478626,9.419554e-08,1.6249242e-09,2,,,,0.33635703,-1.5017438,2.3226666,5.3749347,-4.1626477,-0.9322756,-0.4510711,-10.611066,-14.913467,0.0037052247,0.13027799,0.85799617,0.00018240539,0.003530601,0.0043065296,9.4605895e-07,2.7006871e-08,2,,,,0.057981554,Test
2958,0,-4.14377,-1.2059189,5.0046954,-3.5767505,0.2978012,1.9294423,-8.444762,-7.289272,0.00010059666,0.0018987878,0.94560975,0.00017735254,0.00854149,0.043666314,1.3635997e-06,4.3302184e-06,2,,,,0.3530572,-4.329816,-0.8736278,4.9813733,-3.4284775,0.114882484,1.7153645,-8.177163,-7.05654,0.00013871287,0.0052999198,0.9429121,0.00044052588,0.007673825,0.04351393,5.8274472e-06,1.5184674e-05,2,,,,0.009850889,Test
2959,0,-3.194981,-1.2243154,2.135571,-1.9945765,-0.9115139,1.6832745,-3.9348035,-3.488427,0.0027740512,0.019905068,0.5729857,0.009213901,0.027215209,0.36451373,0.0013237734,0.0020685813,2,,,,1.3620197,-3.0906336,-1.0801682,2.176396,-2.0177805,-0.71619767,1.399369,-3.8329558,-3.2854588,0.0037901201,0.029180592,0.616521,0.009884974,0.034184102,0.3017215,0.0018409335,0.002876824,2,,,,0.037037276,Test
2960,0,-0.78220904,0.92521125,2.1660094,-2.6264005,-0.76258695,0.3019259,-5.7349467,-8.63982,0.033637237,0.18549979,0.6415275,0.005319834,0.03430378,0.09946129,0.00023761486,1.3010767e-05,2,,,,1.567661,-0.63579345,1.0138363,2.0110974,-2.7460995,-0.92151755,-0.031272072,-5.509051,-8.926134,0.061606854,0.23773976,0.5814138,0.0076010698,0.03158178,0.07934767,0.000691736,1.7342789e-05,2,,,,0.05411689,Test
2961,0,13.884848,-1.9655464,-4.997477,2.6002438,-7.0416384,-10.700929,-2.8890455,-18.308205,0.99998736,1.3069403e-07,6.3023906e-09,1.2564732e-05,8.160874e-10,2.101489e-11,5.190213e-08,1.0440678e-14,0,,,,0.00022722887,13.581772,-1.589168,-4.618393,2.8270802,-7.3246956,-11.128436,-2.3506598,-17.369936,0.9999504,8.522053e-07,1.1139739e-07,4.5767367e-05,2.0299932e-08,2.126268e-10,2.8062072e-06,1.4169054e-12,0,,,,1.40199e-05,Test
2962,0,-1.2277832,-0.4981919,1.2204624,-2.3025882,-0.5011917,-0.20383053,-3.4038527,-2.6046402,0.049500827,0.102676205,0.5726272,0.01689781,0.10236867,0.1378191,0.0056176847,0.012492545,2,,,,1.9635206,-1.1954122,-0.29489666,1.1644732,-2.302092,-0.59431773,-0.015462043,-3.4902368,-2.7818615,0.057280064,0.1263655,0.5195164,0.018199144,0.09133211,0.17042468,0.0061150016,0.010767086,2,,,,0.0387755,Test
2963,0,5.425139,2.4761233,-1.9158254,-2.1365662,-3.253646,-4.571292,-3.7729285,-10.790645,0.9488776,0.049712885,0.00061527593,0.0004934048,0.00016145875,4.3232983e-05,9.605946e-05,8.6056694e-08,0,,,,0.30303183,5.3984785,1.9756901,-1.6563549,-2.0987496,-2.8493757,-4.553632,-3.447146,-10.493283,0.9590908,0.036943804,0.0019008272,0.0010177005,0.00059220224,0.00013920471,0.0003150269,4.9266646e-07,0,,,,0.005954977,Test
2964,0,-4.5492635,-1.9765838,3.6426919,-2.061186,-0.25534564,1.6546736,-4.874046,-4.1025486,0.00023763414,0.0031132184,0.8582819,0.0028606665,0.017407395,0.117555946,0.00017173454,0.00037146243,2,,,,0.7133809,-4.336457,-1.5994414,3.5152545,-1.9662724,-0.11203571,1.622456,-4.567283,-4.142539,0.00039751214,0.006164607,0.8225524,0.0038549989,0.022615971,0.14356428,0.00037375622,0.00047641905,2,,,,0.020432917,Test
2965,0,3.4529748,3.853623,0.2036563,-3.3948534,-2.6038074,-3.3391526,-6.99217,-12.509368,0.39429876,0.588606,0.015299043,0.0004186504,0.000923418,0.00044263105,1.1469823e-05,4.6075264e-08,1,,,,1.0908515,3.2313247,3.988114,0.042076588,-3.1736894,-2.30702,-3.1466873,-7.286377,-11.966001,0.3330334,0.63615364,0.026062062,0.0005619116,0.0032070696,0.00096566847,1.5830983e-05,3.5051747e-07,1,,,,0.057997953,Test
2966,0,-3.5248203,-0.07966584,6.0415277,-3.060985,-0.27316624,1.3790154,-8.955309,-11.707025,6.9104826e-05,0.0021663073,0.9865534,0.00010988785,0.0017851875,0.009315737,3.0274515e-07,1.9320671e-08,2,,,,0.119991906,-3.9467978,-0.05088681,5.8041906,-3.052304,-0.48901314,1.0945222,-8.512663,-10.715274,0.000108996945,0.0044900933,0.98252267,0.00023213323,0.0023108523,0.010333324,1.5492594e-06,4.2323495e-07,2,,,,0.0028576967,Test
2967,1,8.174144,-1.3982172,-2.9825187,1.0014906,-4.1690564,-6.975065,-2.1046972,-10.6919565,0.9991105,6.956487e-05,1.4267135e-05,0.0007666018,4.3554155e-06,2.6326654e-07,3.4321765e-05,6.399857e-09,0,,,,0.010999189,8.520536,-1.4801124,-2.9508932,1.2643473,-4.066807,-6.995654,-1.8413732,-11.448156,0.99829227,0.000173129,8.022696e-05,0.0013755404,7.465026e-06,5.9319404e-07,7.067492e-05,4.9910163e-08,0,,,,0.00070858566,Test
2968,0,-1.9562169,1.252809,4.7098866,-3.39462,-0.7901534,0.5353378,-8.600074,-11.78211,0.0012097566,0.029947475,0.9500575,0.00028708298,0.0038825122,0.0146139115,1.5750979e-06,6.5368226e-08,2,,,,0.3571203,-1.9050963,1.5279408,4.5855246,-3.4820035,-1.1262302,0.32610852,-8.509517,-12.314878,0.002067781,0.07233072,0.9025532,0.00033107816,0.0037147454,0.018999944,2.4233707e-06,6.408903e-08,2,,,,0.02289369,Test
2969,0,-0.24283877,1.4465854,3.1038172,-2.8974717,-1.8213903,-0.0038562305,-7.4593263,-11.815134,0.027494252,0.14891881,0.7810452,0.0019335238,0.00567134,0.034916505,2.0191153e-05,2.590944e-07,2,,,,1.0592145,-0.22650084,1.5422463,3.370261,-2.854756,-1.7996998,0.2990126,-7.577424,-12.164657,0.028399069,0.18998191,0.7317241,0.0019260526,0.0044144006,0.043516107,3.8046765e-05,3.104193e-07,2,,,,0.06201645,Test
2970,0,-3.2699769,0.23122391,5.1815495,-2.8789365,-0.40732527,1.2234148,-8.095607,-10.455424,0.0002072629,0.006871854,0.97044957,0.00030644212,0.003628737,0.01853433,1.6625588e-06,1.5700783e-07,2,,,,0.23357518,-3.661798,-0.016683757,5.248137,-3.1152709,-0.5077364,1.1452435,-8.373244,-10.508913,0.00052577455,0.010873368,0.9635109,0.00036159693,0.0046526,0.02007129,4.0649766e-06,4.5333167e-07,2,,,,0.006584144,Test
2971,0,-1.5084394,2.2384863,5.648578,-3.9892762,-1.3675573,0.17668745,-10.65539,-15.803294,0.00075013266,0.03179855,0.96247923,6.276598e-05,0.00086361973,0.0040455665,7.992227e-08,4.6447438e-10,2,,,,0.26091117,-1.9378777,2.3900728,6.40235,-4.2451696,-0.7707009,0.74051464,-11.414782,-16.13894,0.0016940646,0.055526875,0.9340273,0.00012855818,0.0017340587,0.006888929,2.8506946e-07,2.1554656e-09,2,,,,0.018967932,Test
2972,0,3.8893785,1.7027568,-0.43733174,-1.9684128,-2.8439913,-3.4127035,-4.775024,-11.161175,0.8846414,0.09934123,0.011686943,0.002527905,0.0010531782,0.0005963666,0.00015270924,2.5727348e-07,0,,,,0.6029625,3.700945,1.5663557,-0.41674417,-1.9357479,-2.8146582,-3.2708347,-4.7696743,-11.059413,0.8430213,0.12334199,0.0239311,0.004256374,0.0030854833,0.002054887,0.00030620903,2.6346122e-06,0,,,,0.030519946,Test
2973,0,-0.9505857,0.58332163,2.1138327,-3.179681,-0.20477511,0.17339453,-6.096827,-6.7883477,0.030902496,0.1432719,0.6619932,0.0033259038,0.06514708,0.09508936,0.0001798909,9.009186e-05,2,,,,1.5608919,-1.0539411,0.260685,2.4009576,-3.25807,0.18055904,0.2291452,-6.1377044,-6.4612627,0.029289614,0.1000403,0.6976923,0.0033409793,0.0824386,0.08679603,0.00024927148,0.00015291071,2,,,,0.03275269,Test
2974,0,-2.4973845,0.43822896,4.330079,-3.206677,-0.79092157,0.91237706,-8.040107,-10.315588,0.0010215088,0.019238135,0.9426966,0.00050257443,0.0056279413,0.030908847,4.000078e-06,4.1099784e-07,2,,,,0.40274024,-2.784554,0.43544942,4.680505,-3.3605142,-0.78823644,1.0598493,-8.386524,-10.640665,0.0014726545,0.026438331,0.9366725,0.00043763855,0.004681089,0.030292684,4.694166e-06,4.1421717e-07,2,,,,0.01091276,Test
2975,0,-1.3747325,0.88687056,1.8641196,-2.6033208,-1.1479529,0.7046286,-5.0589356,-6.644068,0.021891532,0.21012504,0.55833095,0.00640777,0.02746409,0.17511815,0.0005498536,0.00011267638,2,,,,1.6998047,-1.1834685,0.83791846,1.7600195,-2.4216685,-1.1202309,0.337537,-4.708345,-6.1025534,0.033066083,0.24355516,0.5384904,0.008800146,0.03515306,0.13968943,0.0009470392,0.0002985426,2,,,,0.044620696,Test
2976,0,-2.8707287,-0.5963084,2.32173,-2.1403413,-0.81586164,1.2077968,-4.2424912,-4.4750915,0.00384575,0.03738946,0.6918902,0.007983332,0.030019155,0.22712354,0.00097551075,0.00077306334,2,,,,1.2866951,-2.9032884,-0.758628,2.4199963,-2.128944,-1.0023354,1.3717397,-4.4029026,-4.794431,0.0036918453,0.030509118,0.67791784,0.0077090687,0.023990288,0.25466338,0.00088138634,0.00063709385,2,,,,0.028343229,Test
2977,0,-0.3767223,2.2027004,2.6364746,-3.170017,-1.610193,-0.47152567,-7.221217,-11.395703,0.027929047,0.36837077,0.5684221,0.0017097931,0.008135168,0.025402917,2.9752933e-05,4.5769218e-07,2,,,,1.3454051,-0.18084136,2.3160095,2.8212333,-2.9775805,-1.5111791,-0.3567297,-7.6079698,-11.953975,0.04030331,0.36315197,0.5590989,0.0019608496,0.008773889,0.026679149,3.0401969e-05,1.5113959e-06,2,,,,0.057257738,Test
2978,0,3.305676,-1.8622664,-0.56798464,-0.21126999,-1.8375987,-4.5529647,-1.8557465,-4.1786346,0.93572617,0.0053301556,0.019446407,0.02778168,0.0054632733,0.00036156343,0.00536502,0.00052571937,0,,,,0.47548357,3.1096432,-2.0352619,-0.47541556,-0.12872349,-2.0265152,-4.4368205,-1.8874197,-4.003119,0.90986365,0.006336464,0.028024599,0.040350832,0.0060007456,0.00058344624,0.007541635,0.001298669,0,,,,0.011641915,Test
2979,0,9.436682,-1.7328985,-3.9607973,1.5695621,-5.177327,-6.9113684,-1.7136965,-12.703591,0.9995865,1.4090721e-05,1.5183405e-06,0.0003829779,4.4981815e-07,7.94242e-08,1.4363909e-05,2.42338e-10,0,,,,0.0054422296,8.90712,-1.3346568,-4.3225965,1.7341042,-5.1851697,-6.5956755,-1.576412,-11.639003,0.9985363,8.039398e-05,3.1441446e-06,0.0012903169,1.3950032e-06,6.434454e-07,8.772323e-05,7.464358e-09,0,,,,0.00046372137,Test
2980,1,1.766265,-0.8873016,0.79789555,-1.6232096,-0.876577,-4.3889885,-3.0775576,-3.371927,0.63659644,0.044816185,0.24171671,0.0214701,0.045299403,0.0013510506,0.005014398,0.003735732,0,,,,1.5132494,1.768378,-0.7251868,0.9050418,-1.5783116,-1.0099962,-4.5720444,-3.0630221,-3.2205071,0.6065594,0.053337444,0.2667359,0.021573102,0.03953152,0.001468,0.0052459184,0.0055487333,0,,,,0.03642117,Test
2981,0,-3.4969025,-1.7066292,2.5744185,-1.8643403,-0.47136557,0.15835306,-3.7880387,-1.4807683,0.0019496985,0.011680817,0.844712,0.009976545,0.04017367,0.07540928,0.0014572317,0.014640754,2,,,,0.9349861,-3.5370288,-1.6481568,2.6206026,-1.8415152,-0.48755175,0.09868287,-3.7747085,-1.4461544,0.0020430707,0.013132982,0.8444704,0.010926058,0.03908191,0.07129164,0.0018414492,0.017212516,2,,,,0.011980376,Test
2982,0,-2.9632108,0.12503919,3.1493008,-2.7729642,-0.8983352,2.1842296,-6.480353,-8.222797,0.0015254847,0.033467077,0.6887125,0.0018451468,0.012027406,0.26236922,4.5282708e-05,7.928637e-06,2,,,,1.1495544,-3.0852485,0.19373755,3.3404555,-2.9321463,-0.7936903,2.4016323,-6.7606,-8.07509,0.0016156653,0.033522945,0.6628667,0.0017029115,0.01114027,0.2890911,4.6137568e-05,1.4205097e-05,2,,,,0.03709866,Test
2983,0,-4.4270587,-1.476586,6.137775,-2.6654809,0.5027646,0.22446615,-7.36167,-7.005878,2.5629764e-05,0.0004899127,0.99310136,0.00014920661,0.0035460081,0.0026845795,1.3622573e-06,1.9443644e-06,2,,,,0.06944792,-4.0367575,-1.5143987,5.676091,-2.6530068,0.54727906,-0.027520996,-6.9438324,-6.7155123,0.00014987285,0.0009921502,0.9853357,0.00035319666,0.007569012,0.0055827727,6.6041566e-06,1.06819225e-05,2,,,,0.0031190407,Test
2984,0,3.4303055,1.748759,0.029063359,-2.4697335,-2.1546626,-3.4366999,-5.538078,-10.45352,0.8149422,0.15164931,0.027163526,0.0022324026,0.0030591867,0.00084883696,0.000103802355,7.6112866e-07,0,,,,0.84983444,3.6852288,2.0337791,-0.08036743,-2.6809235,-2.2912107,-3.9410043,-5.8428345,-10.727759,0.77258074,0.19333808,0.029328948,0.0015283825,0.0023845313,0.00074818835,9.0003996e-05,1.0731299e-06,0,,,,0.037561484,Test
2985,0,-3.5281363,-0.6917343,3.4671836,-2.8325224,-0.30831504,1.9621067,-6.199485,-6.126853,0.0007251341,0.01236665,0.7914931,0.00145385,0.0181455,0.17571165,5.0149498e-05,5.392749e-05,2,,,,0.91390014,-3.6106975,-0.9582632,3.6511955,-3.0303466,-0.23225541,1.8823597,-6.227586,-5.935801,0.00073694985,0.011027001,0.8201784,0.0013283461,0.01966717,0.14691639,6.4154185e-05,8.157069e-05,2,,,,0.017910015,Test
2986,0,-3.880848,-1.8015133,1.0575274,-1.5920985,-1.5300901,3.3912704,-3.1069393,-3.5199523,0.00062030955,0.0049619465,0.086560085,0.0061178645,0.0065092314,0.89299583,0.0013449703,0.000889905,5,,,,0.6100751,-3.9277997,-1.8076334,1.2412449,-1.4486952,-1.3606882,3.2437394,-2.9994419,-3.2826195,0.0007852454,0.0064121624,0.118445896,0.008078826,0.009496287,0.853371,0.0020107196,0.0013998749,5,,,,0.009915326,Test
2987,0,0.64269376,2.362968,1.4154834,-2.9256895,-1.7914582,-1.1034774,-6.1284547,-10.141681,0.110578604,0.6176987,0.23949109,0.0031184736,0.009694655,0.019289393,0.0001267648,2.2912739e-06,1,,,,1.4767903,0.52813315,2.7774975,1.4067812,-2.9268653,-1.7443552,-0.77828526,-6.2221365,-10.16319,0.08796173,0.6679195,0.210115,0.0024163476,0.008597218,0.022876197,0.000111005524,2.9474809e-06,1,,,,0.049172543,Test
2988,0,-1.4223274,1.586927,5.3863134,-3.9548538,-1.3056804,-0.018249545,-10.545898,-14.416774,0.0010727468,0.021747025,0.9715215,8.523833e-05,0.0012054702,0.004367979,1.1699861e-07,2.4382651e-09,2,,,,0.21827015,-1.6244354,1.3371304,4.936675,-3.8357208,-1.2038994,-0.22860432,-10.083421,-13.813528,0.003668281,0.051723085,0.9327966,0.0002421255,0.0035079706,0.008061,8.991663e-07,2.3715259e-08,2,,,,0.019491624,Test
2989,0,5.0775266,0.054698512,-2.107813,-0.6060787,-3.1171834,-3.8085535,-2.240328,-8.425073,0.98831403,0.0065089124,0.0007487583,0.0033615269,0.00027288377,0.00013668458,0.00065582956,1.3514202e-06,0,,,,0.11137874,5.0249915,-0.3042318,-2.263626,-0.7758582,-3.0980487,-4.14557,-2.0746312,-8.073625,0.98559225,0.007089955,0.0013441456,0.003669016,0.00076391845,0.00032920367,0.0011899767,2.143628e-05,0,,,,0.0034026755,Test
2990,0,-0.013878731,1.1286166,2.087796,-3.389881,-0.6978834,-0.9844945,-6.6526775,-9.227856,0.07556594,0.23686753,0.6181187,0.0025831347,0.038129993,0.02862814,9.8885444e-05,7.529163e-06,2,,,,1.5528582,0.2811668,1.4826934,1.8033851,-3.3576088,-0.8231452,-1.2757536,-6.66162,-9.292548,0.11427231,0.34773204,0.46732622,0.0036143188,0.040973343,0.025880694,0.00018492214,1.6252608e-05,2,,,,0.05358003,Test
2991,0,0.6065314,1.2231027,0.5166841,-2.3856115,-1.9466183,-0.9294147,-4.0815005,-7.2926955,0.24274911,0.44970855,0.22188987,0.0121811,0.018894646,0.05225222,0.0022344533,9.006723e-05,1,,,,1.9253018,0.42403865,1.2030485,0.40780824,-2.5248404,-1.9543073,-0.8117603,-4.57128,-7.4315453,0.23003086,0.45055264,0.21622248,0.011716169,0.02069766,0.068925805,0.0017261801,0.0001281727,1,,,,0.04632696,Test
2992,0,-1.9621314,1.1941197,4.1205354,-3.0335965,-0.91668296,0.5926326,-7.6836286,-10.530002,0.002088827,0.04905067,0.91531616,0.0007154366,0.0059420336,0.026879575,6.8405e-06,3.9712162e-07,2,,,,0.540576,-1.8660866,1.2688687,4.2856126,-2.895855,-1.0399401,0.5060199,-7.666276,-11.180933,0.003767484,0.05797308,0.90626097,0.0009522628,0.0053935237,0.025636708,1.5570062e-05,3.758958e-07,2,,,,0.017536882,Test
2993,0,-0.9763329,0.66557735,1.0862141,-2.6858046,-1.5863625,1.555211,-4.9296083,-7.1073837,0.03656365,0.18885222,0.2876089,0.0066166087,0.019866303,0.45971116,0.00070171984,7.950015e-05,5,,,,1.8298106,-0.7602454,0.8440884,0.88125145,-2.546088,-1.8261659,1.6690016,-4.674304,-7.449136,0.050044574,0.23192537,0.22610588,0.00849493,0.01550847,0.46657056,0.0012820384,6.8131994e-05,5,,,,0.044872254,Test
2994,0,-4.446628,-0.89067596,7.2552752,-3.032873,0.5722096,0.5003081,-9.0583105,-10.085293,8.2553515e-06,0.00028911186,0.9972582,3.3940774e-05,0.0012485017,0.0011618836,8.201769e-08,2.9369353e-08,2,,,,0.03136499,-4.4571757,-0.72311133,8.109827,-3.3073406,1.0037355,0.87481135,-10.035095,-9.917118,6.2149256e-06,0.00024379413,0.99735993,2.0051586e-05,0.0014138226,0.00095607806,3.7005332e-08,5.0788184e-08,2,,,,0.0005932855,Test
2995,0,9.02159,-0.025412263,-2.4322371,-0.15880768,-4.4752083,-7.9862833,-4.135974,-13.751655,0.99976534,0.00011771578,1.0606309e-05,0.000103015336,1.3750324e-06,4.106506e-08,1.93037e-06,1.2870739e-10,0,,,,0.0034791015,8.982301,0.08031595,-2.7027445,-0.6239608,-4.5399804,-8.690783,-4.1312447,-13.800863,0.9991744,0.0006600126,2.3845094e-05,0.0001263217,9.9634835e-06,1.2791517e-07,5.2580276e-06,3.5557384e-09,0,,,,0.00036504903,Test
2996,0,2.290702,2.5276935,1.1319104,-3.3044915,-2.07986,-2.1929536,-7.4427156,-11.656843,0.38328755,0.48579022,0.12030063,0.0014241742,0.004846338,0.004328106,2.2717211e-05,3.3587887e-07,1,,,,1.4888994,2.494226,2.8876312,0.9989954,-3.2502313,-2.096786,-2.468259,-7.0356956,-11.553526,0.36646527,0.50904256,0.109476365,0.0023984998,0.004913719,0.0076414375,6.1069026e-05,1.0770922e-06,1,,,,0.059832923,Test
2997,0,0.108474866,3.2653666,2.7185616,-3.5514278,-1.6833918,-0.9971441,-7.6854434,-12.250515,0.02589233,0.6084035,0.35214162,0.0006663394,0.004314926,0.008570513,1.0673715e-05,1.1110407e-07,1,,,,1.2028549,-0.04615813,3.396603,2.7464392,-3.6524975,-1.4781725,-1.0316657,-7.598006,-11.892366,0.024156911,0.60685575,0.3542247,0.0006284453,0.0054602274,0.00865428,1.9519408e-05,1.7663376e-07,1,,,,0.057105035,Test
2998,0,-2.7818024,-0.8898594,2.3959677,-2.0583327,-0.6374448,0.7831041,-3.8835626,-3.6002107,0.004317286,0.028633287,0.76539886,0.008900404,0.036854755,0.15255629,0.001434572,0.001904498,2,,,,1.1566339,-2.5890484,-0.9433955,2.1985734,-2.078318,-0.5816721,0.7184237,-3.7980447,-3.7391553,0.008228719,0.036379136,0.71916705,0.011583349,0.046233773,0.17317037,0.0023320487,0.0029055986,2,,,,0.020281874,Test
2999,0,-3.8931446,-0.5462604,6.4653487,-2.8486273,-0.09933604,0.9569296,-8.509233,-10.586554,3.1517793e-05,0.00089554896,0.9935563,8.957441e-05,0.0014001871,0.004026396,3.1175531e-07,3.905217e-08,2,,,,0.06532622,-3.8898563,-0.7509214,6.729988,-3.0605576,-0.23051152,0.39042825,-8.679342,-10.748858,6.43516e-05,0.0008695975,0.9955777,8.847583e-05,0.0012843234,0.002114608,8.3341064e-07,9.501349e-08,2,,,,0.0007026495,Test
3000,0,-3.522346,-1.2446975,1.7423146,-1.6004399,-1.4217947,2.2996156,-2.968056,-4.364618,0.0017890877,0.017450254,0.3459749,0.012226575,0.014618048,0.6040562,0.0031142726,0.0007706153,5,,,,1.2880236,-3.5178828,-1.163724,1.7722759,-1.6759737,-1.4323766,2.273045,-2.9014773,-4.5910964,0.0021844725,0.02120905,0.3645591,0.01175951,0.015727704,0.57952464,0.0041850833,0.0008503913,5,,,,0.03584139,Test
3001,0,-0.79235685,1.1903006,3.5574293,-3.2245286,-0.47753423,-1.364277,-7.1689057,-8.428533,0.011396219,0.08275952,0.88277286,0.0010011109,0.015613007,0.0064324904,1.938477e-05,5.5006226e-06,2,,,,0.68078053,-0.31791213,1.3145541,3.2651372,-2.8177915,-0.4389175,-1.4860785,-6.512259,-8.483436,0.02736628,0.14368507,0.7965137,0.002109774,0.022066819,0.008172325,7.252353e-05,1.3562674e-05,2,,,,0.02858355,Test
3002,0,-2.3141341,-0.49784625,1.4812154,-1.9115124,-0.79117584,1.5307095,-3.3755062,-4.2802067,0.009527289,0.058583204,0.42390516,0.014250358,0.04368997,0.4454139,0.003296259,0.0013338747,5,,,,1.6729803,-2.2866554,-0.57738656,1.4925482,-1.9448833,-0.8964839,1.5304588,-3.5194802,-4.322112,0.011866807,0.05778878,0.42681074,0.01514138,0.04034708,0.44241017,0.00402157,0.0016133873,5,,,,0.035920702,Test
3003,0,4.894936,1.1362934,-1.3187395,-1.3903081,-3.0251915,-3.945673,-3.9202034,-10.782366,0.9729164,0.022683904,0.0019476484,0.0018131292,0.0003535149,0.00014081469,0.00014444716,1.5118547e-07,0,,,,0.20419367,4.6039095,1.1565425,-1.065563,-1.3922276,-3.1445222,-3.6823814,-3.8810506,-10.3082485,0.9429507,0.046486102,0.006025817,0.0028811768,0.00062792434,0.0007209799,0.0003060974,1.1935961e-06,0,,,,0.015255321,Test
3004,0,-1.5821165,1.3950908,4.313799,-3.1355062,-1.3126528,0.34111607,-8.235312,-12.497412,0.0025474622,0.050014105,0.9261286,0.00053886406,0.0033352966,0.017432394,3.285954e-06,4.630792e-08,2,,,,0.47582084,-1.8887888,1.2789252,4.396734,-3.3702462,-1.4132216,0.7917675,-8.705793,-12.860458,0.0028569766,0.08299379,0.8750119,0.0005285258,0.0032619904,0.0353387,8.072129e-06,7.308377e-08,2,,,,0.03365422,Test
3005,0,-3.2972193,-0.014418552,5.850892,-3.3702307,-0.21074338,0.7542656,-9.162155,-10.966449,0.00010521174,0.002803925,0.98864067,9.780381e-05,0.002304112,0.0060478607,2.9850727e-07,4.9131515e-08,2,,,,0.10752437,-3.093455,-0.25875676,5.620172,-3.353046,-0.08443008,0.93235505,-9.180045,-10.989874,0.0006580566,0.007307613,0.97389346,0.00026580843,0.004743586,0.013129747,1.4353735e-06,3.0919944e-07,2,,,,0.0058903103,Test
3006,0,-6.510628,-2.778527,9.535409,-3.1466498,1.2876064,-0.27460754,-9.95609,-9.079052,1.0743692e-07,4.4872945e-06,0.99967575,3.1053546e-06,0.00026174836,5.4881133e-05,3.4261685e-09,8.235726e-09,2,,,,0.004498665,-6.5837235,-2.6376467,10.153095,-2.8792026,1.7004015,0.07820632,-10.460554,-8.9559555,1.3399219e-07,5.633336e-06,0.999683,5.4409816e-06,0.00024724432,5.8487476e-05,5.3499547e-09,1.5049206e-08,2,,,,4.5864243e-05,Test
3007,1,-2.6186206,-0.6316119,1.9488325,-2.0309255,-0.82398194,0.65715253,-3.5979602,-3.277014,0.0071548,0.052184865,0.6889969,0.012877463,0.043052584,0.18934236,0.0026870498,0.0037039155,2,,,,1.4272786,-2.7948341,-0.65971375,1.940682,-1.9674094,-1.0168785,0.7196874,-3.5260139,-3.312425,0.0068105916,0.058396943,0.6690146,0.014692632,0.035888065,0.20782137,0.0036909077,0.003684964,2,,,,0.028162293,Test
3008,0,8.133775,-0.77582973,-2.8535297,0.5911977,-4.2441072,-6.683752,-2.4658604,-11.584913,0.99928904,0.00013498927,1.690306e-05,0.0005296533,4.207705e-06,3.6687743e-07,2.4907382e-05,2.72881e-09,0,,,,0.009256746,7.731303,-0.8417093,-2.703505,0.69800866,-4.1018696,-6.1486764,-2.3430877,-11.105751,0.99835825,0.0002854696,3.690471e-05,0.0012396254,1.2362475e-05,1.8745111e-06,6.5447086e-05,1.4687489e-08,0,,,,0.00029109875,Test
3009,0,8.437998,-0.018070074,-2.858392,0.08234722,-4.2569947,-7.3219357,-2.918936,-12.303557,0.9995252,0.00021250545,1.24117805e-05,0.00023495282,3.0649878e-06,1.4300184e-07,1.1682618e-05,9.814116e-10,0,,,,0.006562934,8.227299,0.13051806,-2.5219717,0.2986651,-4.687255,-7.6934104,-2.3033166,-12.054079,0.99886143,0.0004384353,4.4945045e-05,0.0005937808,1.0568716e-05,4.3619798e-07,5.031516e-05,4.537589e-09,0,,,,0.00023737176,Test
3010,0,-3.762429,-0.06328105,7.0323334,-3.219612,-0.054099068,0.73379743,-9.903895,-12.551717,2.0433881e-05,0.0008257917,0.9964527,3.51636e-05,0.00083340897,0.0018324719,4.3968896e-08,3.113237e-09,2,,,,0.039591566,-3.6323276,0.27556664,6.3448257,-2.9012856,-0.19658399,0.24695483,-9.310628,-12.28937,0.0001111235,0.004998059,0.98942506,0.00013169493,0.0021001245,0.003233344,5.8680473e-07,6.6791e-08,2,,,,0.0024246215,Test
3011,0,1.5515798,1.416556,2.2940857,-2.6987376,-1.8208572,-2.1564555,-7.08438,-12.33215,0.24702583,0.21582526,0.5190493,0.003522515,0.008474451,0.006058471,4.3872533e-05,2.3073582e-07,2,,,,1.5990903,1.5109903,1.5066092,2.3384972,-2.9701352,-2.0735087,-2.1019957,-7.071434,-12.485285,0.22712973,0.24309547,0.5111876,0.0026520365,0.007674773,0.008200298,5.9516857e-05,5.342885e-07,2,,,,0.04981527,Test
3012,0,-2.1271067,1.1063095,5.0797305,-3.4798918,-0.8317563,0.45496154,-8.819436,-12.226764,0.0007183275,0.01822121,0.96875083,0.00018570156,0.00262353,0.009499491,8.9100666e-07,2.9518707e-08,2,,,,0.24579138,-1.930836,1.2986742,4.9790277,-3.4155946,-1.2519482,0.5540625,-8.8655,-12.75776,0.001833433,0.045324057,0.9367115,0.0004177895,0.0024711832,0.013236252,5.676928e-06,1.7356149e-07,2,,,,0.013785903,Test
3013,1,-0.02216476,1.1982576,2.5977504,-2.8672516,-0.6827402,-1.7685808,-6.04714,-7.737704,0.052979786,0.1795283,0.72765404,0.0030796735,0.027366923,0.009239563,0.0001280845,2.3620783e-05,2,,,,1.2353544,-0.0033564628,1.3681512,2.6812649,-2.727916,-0.6190989,-1.8237374,-5.7281632,-7.5589266,0.049690332,0.22450474,0.68605113,0.003502616,0.027170088,0.008875387,0.00016893772,3.6786594e-05,2,,,,0.05985122,Test
3014,0,-1.6090065,0.94094926,2.2257698,-2.8033895,-1.699713,0.48376125,-5.4729795,-7.218955,0.014401386,0.1844319,0.66654044,0.0043620463,0.013152583,0.11675671,0.0003022053,5.272718e-05,2,,,,1.410416,-1.7477258,1.0827317,2.3672016,-2.7857764,-1.3039365,0.2748695,-5.5741777,-6.7755346,0.012259966,0.19866417,0.6717164,0.0046773134,0.01846841,0.09368279,0.00035176848,0.00017917769,2,,,,0.030936113,Test
3015,0,7.5914645,-0.19425043,-2.58934,-0.13366733,-4.088862,-6.984753,-2.6566684,-11.027196,0.9990614,0.0004152399,3.785516e-05,0.00044117408,8.450665e-06,4.6689723e-07,3.5390338e-05,8.196168e-09,0,,,,0.0121674705,7.2778144,0.042634107,-2.7593777,-0.09634589,-4.1959467,-7.267619,-2.7034607,-10.90871,0.9979328,0.0010317808,9.048484e-05,0.00083624024,3.1088977e-05,1.9635495e-06,7.56097e-05,5.2390284e-08,0,,,,0.00046373127,Test
3016,0,6.552879,-0.44831166,-2.6703303,0.313963,-4.027748,-4.3096986,-2.6206234,-10.447641,0.99689984,0.00090797327,9.8415294e-05,0.0019459191,2.5324647e-05,1.9102672e-05,0.00010343089,4.1249546e-08,0,,,,0.034530874,6.428931,-0.9245497,-2.7629316,0.46040425,-4.2201834,-3.9370453,-2.335631,-10.884094,0.9948176,0.0011378202,0.00014783454,0.0035825062,3.0532454e-05,4.769048e-05,0.00023582482,1.2068702e-07,0,,,,0.001301558,Test
3017,0,-2.1762931,-0.2303237,3.670924,-3.340633,0.27133957,0.60454863,-6.932073,-8.167535,0.0026158385,0.018311955,0.9057849,0.00081647845,0.030241573,0.04220027,2.2501014e-05,6.5410527e-06,2,,,,0.6116157,-2.342959,-0.45951208,3.543988,-3.3141503,0.20797062,0.5941455,-6.576847,-8.013963,0.009026499,0.0319817,0.87020886,0.0016019767,0.034646727,0.05240636,0.00010342692,2.448865e-05,2,,,,0.023563016,Test
3018,0,-3.3108137,-0.82076293,2.521797,-2.7634776,-0.2712778,2.7682831,-5.7149043,-6.685604,0.0012289636,0.014823623,0.41938186,0.002124438,0.025679868,0.5366081,0.00011103391,4.2061645e-05,5,,,,1.266224,-3.5332704,-1.0234635,2.7706835,-2.983744,-0.098619185,3.0255058,-6.478963,-6.7631836,0.0014382665,0.0151365455,0.42175645,0.0016568679,0.024656236,0.53521854,8.118482e-05,5.5933535e-05,5,,,,0.03478117,Test
3019,0,14.720378,5.673598,-5.259033,-1.515431,-8.67474,-11.127703,-7.5224137,-26.057867,0.9998821,0.00011775581,2.1037803e-09,8.8884576e-08,6.911588e-11,5.946623e-12,2.1878972e-10,1.950664e-18,0,,,,0.0017091717,15.01512,5.070675,-5.497003,-1.3130745,-9.1135,-11.157062,-8.188537,-26.75477,0.9998194,0.00018033593,4.0081742e-09,2.5175464e-07,1.8414133e-10,7.9288624e-11,2.0534097e-10,3.6198673e-18,0,,,,6.044505e-05,Test
3020,0,-3.0416598,-1.0524732,1.735929,-2.0132048,-0.83915544,1.4558142,-3.3158762,-3.0553493,0.0043382426,0.031710763,0.51545924,0.012132945,0.039250877,0.38953102,0.0032977904,0.0042792587,2,,,,1.5360149,-3.1026738,-1.0296495,1.710198,-2.0374925,-1.0633708,1.4647961,-3.3371456,-3.1103644,0.0044320254,0.039105672,0.49997106,0.012254102,0.032281917,0.40338677,0.0035861998,0.004982226,2,,,,0.04093781,Test
3021,0,-3.4544506,-0.9720653,3.0937238,-2.2703097,-0.5863558,1.7547823,-5.0733633,-4.7627172,0.0010926193,0.013078412,0.76261413,0.0035705457,0.01923387,0.19989869,0.00021646306,0.00029532204,2,,,,0.9997981,-3.627288,-1.0393822,3.2039237,-2.4429576,-0.42041913,1.9693178,-5.5094953,-4.9228053,0.0009195257,0.01099546,0.7242838,0.0026614794,0.020730427,0.24000077,0.00014319783,0.00026534815,2,,,,0.037184924,Test
3022,0,-3.0931146,-0.70059866,6.55173,-2.955721,0.5886173,-0.8256754,-8.586201,-9.556537,6.4497646e-05,0.00070566795,0.99597126,7.399686e-05,0.0025615322,0.00062270195,2.654159e-07,1.0058088e-07,2,,,,0.043792248,-3.2393155,-0.48434776,6.9089804,-2.8651817,0.4325536,-0.64423007,-8.838762,-9.931125,6.825365e-05,0.0014078468,0.99575484,9.957206e-05,0.0019614059,0.0007076471,3.188743e-07,1.219337e-07,2,,,,0.0010344548,Test
3023,1,0.620182,3.2975287,2.5213923,-3.6637306,-1.6122833,-1.6489035,-8.128875,-12.22252,0.044513576,0.64751434,0.29797348,0.0006137802,0.0047746897,0.0046030027,7.06034e-06,1.1775467e-07,1,,,,1.2055552,0.25764817,3.263631,2.892477,-3.7112243,-1.0558165,-1.6774133,-8.340784,-11.768255,0.03305554,0.5464838,0.40299845,0.00061908015,0.010263554,0.006570303,8.773417e-06,4.1481752e-07,1,,,,0.058911186,Test
3024,0,-1.5945628,1.1919872,3.6174936,-3.0466044,-1.2427258,0.67161405,-7.3715377,-10.424742,0.0047170403,0.076533705,0.8654398,0.0011042209,0.006706105,0.045483895,1.4613741e-05,6.8987674e-07,2,,,,0.7629666,-0.92339575,1.5527086,3.1025424,-2.9832377,-1.4918472,0.40866166,-7.035843,-10.680929,0.028414149,0.18847859,0.712838,0.0028274828,0.010196246,0.05718087,6.3771826e-05,9.605128e-07,2,,,,0.052164316,Test
3025,0,-4.129526,-2.0012183,0.4416601,-0.8120079,-2.148477,2.1466477,-1.8330011,-2.505753,0.0014542,0.012216205,0.14056106,0.04012397,0.010543447,0.77327096,0.0144541375,0.007375978,5,,,,1.1720676,-4.111898,-2.0845098,0.26930633,-0.8173791,-2.2928805,2.301882,-1.7086128,-2.71036,0.001613069,0.010727988,0.109780714,0.037798144,0.00896926,0.8061948,0.0183695,0.0065464624,5,,,,0.015181309,Test
3026,0,-3.1453128,-1.1702025,3.1476674,-2.875311,0.34949923,0.37157097,-5.3343873,-3.0157807,0.0016177208,0.011659581,0.87480277,0.0021191607,0.053294346,0.05448373,0.00018121769,0.001841444,2,,,,0.7506496,-2.9293475,-0.9194226,2.943359,-2.853501,0.29107738,0.19202423,-5.01704,-2.9447968,0.0038404122,0.020486454,0.84881,0.0038650353,0.06217743,0.057463206,0.00063394726,0.002723557,2,,,,0.0123096,Test
3027,0,-4.5291033,-1.1733774,7.5767546,-3.337475,1.332939,-0.047134805,-9.462491,-9.481678,5.512635e-06,0.00015802748,0.9973935,1.8150013e-05,0.0019373671,0.00048736396,3.970235e-08,3.8947807e-08,2,,,,0.02895636,-4.343841,-1.2711394,6.937513,-3.4091244,0.8519993,0.025858318,-9.160323,-8.973536,0.00070663996,0.0017936187,0.98852617,0.00016792813,0.0070606596,0.0017395694,4.5186885e-06,9.1532576e-07,2,,,,0.0060453536,Test
3028,0,7.433363,-0.29923156,-2.8414693,0.08952475,-4.209144,-6.340017,-2.7895782,-11.290806,0.99883586,0.0004377952,3.445017e-05,0.0006458114,8.774398e-06,1.0418162e-06,3.6284993e-05,7.373793e-09,0,,,,0.014620843,7.0626726,-0.25201738,-2.6061127,0.3015775,-4.0526896,-5.807494,-2.7437136,-11.044687,0.99476516,0.0016773075,0.00015739526,0.003182847,5.6415527e-05,1.2092943e-05,0.00014857827,1.147171e-07,0,,,,0.0022072,Test
3029,0,2.4652197,3.0147033,1.3172073,-3.0654294,-2.2409341,-2.7788846,-7.0067487,-12.107581,0.32594696,0.56465685,0.10341214,0.0012918635,0.002946391,0.0017205268,2.5091309e-05,1.5284813e-07,1,,,,1.3846163,2.6530461,2.9312086,1.3770392,-2.95754,-2.352714,-2.3365312,-6.5808206,-12.528044,0.3769565,0.4832769,0.12714753,0.0021557328,0.005680458,0.0047212513,6.124172e-05,3.823739e-07,1,,,,0.058374904,Test
3030,0,-3.9798064,-1.0000634,3.3278985,-2.406282,-0.5444479,3.0009353,-5.8601265,-6.592403,0.00038106262,0.0075003635,0.56845003,0.001838101,0.011829153,0.40991518,5.8127807e-05,2.7948605e-05,2,,,,1.1415654,-3.783923,-0.8798146,3.2065716,-2.5547423,-0.7614702,3.0386121,-5.7474203,-6.5438232,0.00064517243,0.009107597,0.52658385,0.0018787964,0.010281559,0.45135674,9.983425e-05,4.6278958e-05,2,,,,0.0399403,Test
3031,0,7.0857396,-1.0467238,-2.584142,0.39881924,-3.5056965,-6.0980573,-1.8946846,-9.379355,0.99824595,0.00029332802,6.304654e-05,0.0012449303,2.5086218e-05,1.8775319e-06,0.00012562874,7.055657e-08,0,,,,0.0209121,7.6632056,-1.4336009,-2.8513515,0.13580313,-3.5127692,-6.620208,-2.076543,-9.78255,0.9989918,0.0001997487,4.3092885e-05,0.0006372695,2.483089e-05,1.2926623e-06,0.000101850004,1.16117064e-07,0,,,,0.00018677143,Test
3032,0,-2.5843377,0.6903077,3.976862,-2.9676597,-0.71446687,1.1939751,-7.261687,-9.594352,0.0012731154,0.03365334,0.9002447,0.0008677468,0.0082592815,0.055688832,1.1844619e-05,1.1493634e-06,2,,,,0.61162025,-2.1868174,0.925691,3.7592266,-2.8672237,-0.8587224,0.76283437,-7.181254,-10.231862,0.0044375802,0.061410528,0.86276543,0.002153184,0.011989537,0.057203628,3.8902992e-05,1.2402176e-06,2,,,,0.022898074,Test
3033,0,8.472693,-1.1792729,-3.1046097,0.8996717,-4.2922993,-7.0006104,-2.3257723,-11.261238,0.99938905,6.4259744e-05,9.370781e-06,0.00051382236,2.8573845e-06,1.9044262e-07,2.0418343e-05,2.6877978e-09,0,,,,0.007921846,8.535898,-1.1605545,-2.8576024,0.8876355,-3.8811672,-6.710537,-2.6359239,-11.128353,0.99926746,9.570326e-05,1.7640026e-05,0.00059096393,6.233943e-06,4.6968066e-07,2.1464226e-05,1.6384888e-08,0,,,,0.00014967045,Test
3034,0,19.019415,-4.8855915,-6.337388,5.96692,-10.089942,-13.03347,-4.16928,-24.800486,0.99999785,4.1513244e-11,9.720286e-12,2.1447295e-06,2.2801658e-13,1.2011774e-14,8.497227e-11,9.3166134e-20,0,,,,4.3487238e-05,18.837158,-4.5686216,-5.7173305,6.299998,-9.977554,-13.223788,-3.8658223,-24.81982,0.99996793,6.6574346e-10,6.0370875e-10,3.1972202e-05,2.0253863e-11,6.228713e-13,1.0081207e-08,2.8386552e-17,0,,,,1.0711011e-05,Test
3035,1,-0.87019825,2.1675231,4.2342443,-3.5742462,-1.12784,-0.46824405,-8.716843,-12.761078,0.0052925507,0.110390246,0.87195945,0.00035425162,0.0040904647,0.007911002,2.0697157e-06,3.62678e-08,2,,,,0.6551309,-1.2992189,2.007035,4.390172,-3.459499,-1.354959,-0.45994434,-8.326301,-11.841902,0.0036241047,0.11148363,0.86943626,0.00044080825,0.0037483205,0.011262347,4.277297e-06,2.7157068e-07,2,,,,0.023423284,Test
3036,0,-2.6416726,1.21243,5.558408,-3.5534065,-1.061745,0.96044904,-9.65839,-13.210825,0.0002679985,0.01264585,0.975848,0.00010768902,0.0013010269,0.009829109,2.403316e-07,6.886643e-09,2,,,,0.19677845,-2.4579587,1.192241,5.168312,-3.1558518,-1.5766245,0.6286582,-8.873167,-12.815051,0.0009173554,0.02153524,0.96191084,0.0005049025,0.002533384,0.012596446,1.6985417e-06,1.360758e-07,2,,,,0.004988427,Test
3037,0,-2.4556062,-0.8457939,0.89297014,-1.8716549,-1.2870247,2.0700138,-3.1221926,-3.734266,0.0075403624,0.037715927,0.21461517,0.013520698,0.024260554,0.6963763,0.003871662,0.0020993135,5,,,,1.3353568,-2.3648756,-0.774368,0.6909698,-1.8523623,-1.3442625,1.9157217,-3.012035,-3.9442017,0.010114628,0.0475819,0.2147241,0.016717546,0.028887833,0.6745008,0.0051860316,0.0022871285,5,,,,0.026187675,Test
3038,0,-0.7943331,1.3865849,2.9688778,-2.8136187,-0.80869365,-0.21884736,-6.737815,-9.2595415,0.017908216,0.15856703,0.7716031,0.00237732,0.017652879,0.031840697,4.697112e-05,3.772758e-06,2,,,,1.096463,-0.59945506,1.4491862,2.7619164,-2.9302113,-0.9127798,-0.56557465,-6.6489267,-9.168185,0.03808364,0.21182442,0.6986328,0.0028468824,0.019692304,0.028821643,9.042459e-05,7.97366e-06,2,,,,0.040648058,Test
3039,0,-3.759654,-0.40830737,5.7678604,-3.3596456,0.14592043,0.90201294,-8.454413,-9.4653015,7.184448e-05,0.002050523,0.98659825,0.00010718025,0.0035691333,0.00760203,6.568789e-07,2.3903536e-07,2,,,,0.12246766,-4.0795083,-0.5380905,5.6721015,-3.5144877,0.12917624,0.8353232,-8.392381,-9.19348,0.00010712367,0.0050949436,0.9794062,0.00016737857,0.005649078,0.009572563,1.9026277e-06,9.413149e-07,2,,,,0.0046705324,Test
3040,0,-2.09356,1.0636212,4.495231,-3.2606928,-0.8802675,0.5091374,-8.267089,-10.827586,0.0013010943,0.030581228,0.9457673,0.00040497593,0.004377587,0.017564904,2.7113108e-06,2.0949298e-07,2,,,,0.38375697,-2.0609045,1.1667125,4.268016,-3.2797456,-1.0722373,0.37632543,-8.544841,-11.071175,0.0021194797,0.059842803,0.9073269,0.000806847,0.006836164,0.023058482,8.699824e-06,5.5474595e-07,2,,,,0.018316953,Test
3041,0,-4.4314938,-1.993014,4.0038652,-1.6972352,-0.18766592,0.62634474,-4.0603604,-3.3985493,0.00020550082,0.002354138,0.9467677,0.0031643682,0.014318073,0.032315053,0.00029784787,0.0005773189,2,,,,0.3814886,-4.233765,-1.811908,3.836594,-1.6506889,-0.17694125,0.37323108,-3.9940422,-3.0382805,0.0003585778,0.0037537317,0.93827283,0.004330895,0.018015753,0.033274587,0.0004614321,0.0015321636,2,,,,0.007219374,Test
3042,1,-3.3536596,-0.5027107,4.2850413,-2.7513955,-0.55869544,1.6412213,-6.699048,-7.771855,0.00044223538,0.0076525267,0.9185423,0.00080763176,0.0072358754,0.06529842,1.5587268e-05,5.3315766e-06,2,,,,0.48847935,-3.6909337,-0.8357824,4.564076,-2.684848,-0.66362107,1.701265,-6.759433,-8.059678,0.00044227386,0.0060122656,0.9254497,0.0009489817,0.005314371,0.061782278,4.248927e-05,7.561591e-06,2,,,,0.009542964,Test
3043,1,-4.2729692,-0.46766502,7.2788095,-3.301291,0.2930296,0.8880831,-9.696074,-11.615471,9.589486e-06,0.00043094103,0.99694014,2.5339006e-05,0.0009221116,0.0016719057,4.232243e-08,6.2085155e-09,2,,,,0.03449341,-4.4026937,-0.2989388,7.099704,-3.5325286,0.098052695,0.61912304,-9.4583025,-11.330742,2.481879e-05,0.0010923123,0.9938135,4.3583652e-05,0.0013953953,0.0036300574,2.4984453e-07,9.61351e-08,2,,,,0.001967043,Test
3044,0,11.578466,-0.42945343,-4.1979103,1.181086,-6.341814,-9.061361,-3.6803417,-16.815834,0.99996305,6.095516e-06,1.4073126e-07,3.0511168e-05,1.6493205e-08,1.0869777e-09,2.3613903e-07,4.661181e-13,0,,,,0.0006254483,12.214991,-0.395911,-4.37583,0.93035585,-5.895078,-9.481973,-3.6892369,-17.598858,0.9999552,9.517048e-06,1.4658198e-07,3.490571e-05,3.503022e-08,2.0910875e-09,1.8826623e-07,6.457902e-13,0,,,,1.6768847e-05,Test
3045,0,-3.4720225,0.1099243,5.9795938,-3.2877216,-0.16291703,0.92115605,-9.193754,-10.923017,7.766912e-05,0.002791696,0.9886286,9.338764e-05,0.0021250765,0.0062832097,2.5429165e-07,4.511517e-08,2,,,,0.10713967,-3.6600575,-0.19417065,6.428159,-3.205981,-0.124345444,0.75803196,-9.257479,-11.556394,0.00011652439,0.003487213,0.9886034,0.0001115543,0.0021774254,0.0055033728,3.8159297e-07,6.0606666e-08,2,,,,0.0031007933,Test
3046,1,-3.0450926,0.074416496,6.0712476,-3.0415306,0.21098018,0.14146532,-8.867239,-10.989108,0.00010896065,0.0024663548,0.9918503,0.00010934957,0.0028272502,0.00263739,3.2265922e-07,3.8656953e-08,2,,,,0.08248791,-3.3818393,-0.26403847,6.127298,-3.5327804,0.018783886,-0.15199223,-8.932843,-10.380552,0.00011432937,0.0027069524,0.99122113,0.00011870116,0.0033788804,0.0024576678,1.4784061e-06,8.0977e-07,2,,,,0.0020380937,Test
3047,0,-2.5044181,0.5197831,3.5414724,-3.2638521,-1.2375282,1.8457389,-7.4221764,-9.860672,0.0019030663,0.03916047,0.8038055,0.0008905044,0.006755497,0.14746985,1.3921908e-05,1.2152723e-06,2,,,,0.9187337,-2.6604638,0.8089846,3.782247,-3.3295102,-1.2107563,1.8059162,-7.2578225,-9.718641,0.003065939,0.06962218,0.79716253,0.0009298573,0.006756793,0.122423485,3.5611978e-05,3.5692578e-06,2,,,,0.030212402,Test
3048,1,-5.041008,-0.8787938,7.2302947,-3.052147,0.1682397,1.4882523,-9.409715,-10.888058,4.663714e-06,0.00029947364,0.9956144,3.4078723e-05,0.0008532565,0.0031941386,5.9078182e-08,1.347071e-08,2,,,,0.04558816,-4.874916,-0.46514565,6.9152894,-3.3074772,-0.090644926,1.4473345,-9.244476,-11.236867,1.2305017e-05,0.000818669,0.9928425,5.814446e-05,0.0012957748,0.004972459,1.5777205e-07,9.403859e-08,2,,,,0.001327206,Test
3049,0,-4.358179,-2.3517053,5.329733,-3.3265214,1.7459489,-1.2881644,-7.0514545,-2.0019896,6.0195085e-05,0.00044767355,0.97043794,0.00016889023,0.026949463,0.0012967362,4.0727373e-06,0.0006350987,2,,,,0.20971207,-4.422286,-2.668296,5.4624405,-3.2887287,1.7859802,-1.3163587,-7.069101,-2.087119,0.00011282166,0.00051078876,0.96852094,0.0002781314,0.028200904,0.0015148523,1.185771e-05,0.0008496847,2,,,,0.0043679727,Test
3050,1,3.5440176,1.430642,-0.60871917,-1.9982619,-2.1878393,-3.1399364,-4.1297398,-9.194521,0.8730361,0.10548842,0.013725292,0.0034201953,0.0028295568,0.0010920129,0.00040584634,2.5630386e-06,0,,,,0.6655626,3.5132205,1.5319574,-0.62938035,-1.9116939,-2.1740327,-2.7739065,-3.9177184,-9.20958,0.8102826,0.15607736,0.020844823,0.004858808,0.004008101,0.0032311429,0.0006894139,7.793089e-06,0,,,,0.033182915,Test
3051,0,3.4906113,2.1324933,-0.34024614,-2.6071465,-2.3836908,-4.7183824,-4.28522,-8.354621,0.7784566,0.20017564,0.016885508,0.0017498945,0.0021880514,0.00021189157,0.00032676372,5.583616e-06,0,,,,0.8870558,3.4930236,2.27121,-0.16797498,-2.4086983,-2.6591315,-4.675073,-4.5079994,-8.178191,0.7221316,0.2458415,0.0265389,0.0022517962,0.0024669734,0.0004709301,0.00028138477,1.685433e-05,0,,,,0.040825814,Test
3052,0,5.8733172,-0.5748465,-2.1861868,-0.16193661,-3.1929562,-5.1901946,-1.9815787,-8.573902,0.99521106,0.0015758438,0.00031456997,0.002381429,0.00011494301,1.5598867e-05,0.000385991,5.2913606e-07,0,,,,0.052115534,5.7982287,-0.47044182,-2.1884813,-0.20211658,-2.9482398,-4.9944816,-1.949703,-8.492748,0.9932249,0.0022374825,0.00043818844,0.0030350937,0.00031374308,3.1947733e-05,0.0007166234,1.9456268e-06,0,,,,0.0011445059,Test
3053,0,-3.258056,-2.3263683,2.3155224,-1.8797022,-0.103346154,-0.9412271,-2.9914377,1.1942558,0.0025536106,0.006483083,0.6725569,0.010133654,0.05987255,0.025902437,0.003333846,0.21916395,2,,,,1.4082484,-3.3193653,-2.3735836,2.2196877,-1.9759535,-0.16973719,-0.8785742,-3.1249917,1.1567438,0.0034446612,0.007479202,0.64767736,0.010708483,0.061494935,0.03491262,0.0038666718,0.23041609,2,,,,0.025259392,Test
3054,0,7.9365125,-1.1082838,-2.4149036,0.7181952,-4.0856037,-6.859167,-2.9046507,-11.3781395,0.999092,0.00011789639,3.1918524e-05,0.00073236943,6.0043635e-06,3.7490713e-07,1.9559056e-05,4.0865697e-09,0,,,,0.0113707865,8.420307,-0.69950235,-2.4599893,0.8592197,-4.5606728,-6.89933,-3.1443048,-12.303995,0.998843,0.00025300888,3.2115473e-05,0.0008522502,4.909336e-06,1.2475441e-06,1.3486247e-05,3.3480874e-09,0,,,,0.000298741,Test
3055,0,-3.7797973,-1.4276085,1.6571285,-1.7810991,-1.3656799,2.1057687,-3.3531275,-3.6139534,0.0016068863,0.016886035,0.3691577,0.011857925,0.017964825,0.5781678,0.0024619852,0.0018967508,5,,,,1.320607,-3.6599407,-1.3666939,1.7058191,-1.7082603,-1.2389743,1.9809933,-3.2814975,-3.3726811,0.0023436402,0.020791138,0.4045725,0.015286259,0.022240283,0.5269604,0.0037760376,0.0040298747,5,,,,0.037838127,Test
3056,0,5.9805155,0.16994275,-2.1476803,-0.49752152,-3.348649,-4.911473,-2.4561949,-9.702444,0.9948744,0.0029803594,0.0002935876,0.0015289476,8.8341265e-05,1.8511331e-05,0.000215651,1.5372535e-07,0,,,,0.054237813,6.0878954,0.5591077,-2.3578944,-0.7200253,-3.7096837,-5.194246,-2.6726286,-9.974343,0.99219465,0.005180597,0.0004483809,0.0017113254,0.000103099526,3.5624114e-05,0.00032545265,8.108109e-07,0,,,,0.0012162125,Test
3057,0,6.128343,1.6233507,-1.482988,-1.8170907,-2.9164617,-6.4495497,-3.8582656,-10.851513,0.98807365,0.010921844,0.0004889115,0.00035005098,0.00011659518,3.406278e-06,4.5463235e-05,4.173797e-08,0,,,,0.09991462,5.9040394,1.2734597,-1.3395412,-1.8083051,-3.0320985,-6.684005,-3.38477,-10.030603,0.97955436,0.016946059,0.0017052258,0.001027987,0.00035137634,1.9492561e-05,0.0003936255,1.8072421e-06,0,,,,0.0069341967,Test
3058,0,-5.0096736,-1.6182281,9.648825,-3.5988219,0.9913708,-0.23619364,-12.243927,-13.796955,4.3031923e-07,1.2784304e-05,0.9997603,1.7640715e-06,0.00017378472,5.0919836e-05,3.1045214e-10,6.56936e-11,2,,,,0.0034932022,-4.6686354,-1.385378,9.336901,-3.8370674,0.8637451,-0.77849627,-11.867923,-12.514036,1.2263086e-05,9.598433e-05,0.9993967,1.5695465e-05,0.0004145537,6.4790824e-05,3.7645332e-08,2.3818572e-08,2,,,,0.00021239021,Test
3059,0,3.4790168,0.88112533,-1.0393176,-1.5178827,-2.2417393,-2.8641462,-3.0620482,-7.72403,0.91025865,0.06775088,0.009928351,0.0061523197,0.002983129,0.0016008996,0.0013134583,1.2409189e-05,0,,,,0.55051666,3.6523335,0.92060965,-1.1881818,-1.4722555,-2.1836674,-3.163155,-3.1174252,-7.4934435,0.9094617,0.07010122,0.008084634,0.0061661936,0.003636031,0.001201078,0.0013293636,1.9764597e-05,0,,,,0.01463977,Test
3060,0,-4.33361,-2.9210694,3.3729064,-1.8000817,0.25334063,-2.0807881,-3.5844915,2.0830379,0.0003375799,0.0013862293,0.7503676,0.00425279,0.033148497,0.00321192,0.00071402686,0.20658143,2,,,,1.0284607,-4.639593,-2.9218597,3.3875282,-1.9598019,0.17232685,-2.2383335,-3.7285156,2.2345147,0.00036064218,0.0017972647,0.7198656,0.0045885677,0.03160393,0.0029978412,0.00095479656,0.23783132,2,,,,0.02206394,Test
3061,0,3.7937157,3.0819614,-0.8733262,-2.8813736,-2.922774,-2.936433,-5.2374916,-11.151591,0.6649071,0.32632473,0.006250151,0.000839086,0.00080505677,0.00079413527,7.953487e-05,2.1483089e-07,0,,,,0.99057615,3.9947295,3.2518668,-0.99374855,-3.0347085,-3.3231761,-3.4173741,-5.5444136,-11.390146,0.652934,0.33866572,0.006407713,0.00080241996,0.0004910258,0.0006313559,6.740341e-05,3.5985855e-07,0,,,,0.044826392,Test
3062,0,-4.1347365,-1.6882892,3.6501575,-2.0317383,-0.17665903,0.4789703,-4.677367,-2.9645042,0.00038733162,0.004472615,0.93114954,0.0031725136,0.020279353,0.03906523,0.00022512392,0.0012482696,2,,,,0.4730215,-3.9384995,-1.6427749,3.691524,-2.1333709,-0.140837,0.39311963,-4.690303,-3.044991,0.0007907335,0.0076319957,0.9210609,0.0038011484,0.023753583,0.04071817,0.00047232956,0.0017710843,2,,,,0.013523953,Test
3063,0,-3.7512107,-1.7352633,2.5860255,-2.5293925,-0.08908971,1.8602337,-4.996826,-3.3592253,0.0011218511,0.008422675,0.6341062,0.0038068367,0.043689217,0.30687013,0.00032282821,0.0016602462,2,,,,1.2557718,-4.138438,-1.7084558,2.6689935,-2.812913,-0.08933187,1.95204,-5.664917,-3.5262616,0.000807976,0.008892478,0.622699,0.003092891,0.04063211,0.32202473,0.00032970842,0.0015210634,2,,,,0.033120845,Test
3064,0,-2.0867352,1.438899,4.8021746,-3.3969707,-0.89530516,0.640524,-8.978438,-12.815009,0.0009660344,0.032821324,0.94799954,0.0002605941,0.0031799779,0.014771555,9.816665e-07,2.1172028e-08,2,,,,0.36382723,-1.7988012,0.99661577,4.5630617,-3.0680575,-1.4256936,0.7881259,-8.651192,-12.82742,0.004052791,0.043820225,0.92014617,0.0010874413,0.003222666,0.02766471,5.908986e-06,4.8862052e-08,2,,,,0.014803694,Test
3065,0,-5.331584,-2.0583832,7.1908836,-3.1535683,0.8742016,1.0766628,-9.198014,-8.25275,3.6288004e-06,9.5784715e-05,0.9958677,3.2037842e-05,0.0017984633,0.0022020612,7.596161e-08,1.9548642e-07,2,,,,0.0436157,-5.7742276,-2.752933,7.262146,-3.0692463,0.8626107,1.0456711,-9.137627,-7.9135413,4.4751478e-06,6.487162e-05,0.9943918,5.010204e-05,0.0024621985,0.0030257304,2.3548839e-07,5.383811e-07,2,,,,0.0013005806,Test
3066,0,-3.8266435,-1.9174339,0.9515773,-1.0854162,-2.0651867,2.449681,-2.3089406,-3.54161,0.001458387,0.009840832,0.17339142,0.02261375,0.008489138,0.77561426,0.006652772,0.0019393723,5,,,,1.0496098,-3.8136387,-2.292123,0.93555576,-1.1053128,-2.2363448,2.526741,-2.3394756,-3.5601292,0.0017472005,0.0076501667,0.17537938,0.023957208,0.008422906,0.77131087,0.008795921,0.002736366,5,,,,0.028237656,Test
3067,1,8.463924,-0.25427505,-3.1099207,0.44538695,-4.371791,-6.8646374,-2.3872764,-12.084791,0.9994758,0.00016349566,9.404058e-06,0.00032912864,2.6625144e-06,2.201215e-07,1.9371155e-05,1.1900864e-09,0,,,,0.007135011,8.060957,-0.30853003,-3.3241668,0.41750377,-4.319708,-6.7407227,-2.0773811,-12.130436,0.9988518,0.00039895304,2.2576212e-05,0.00061666634,8.940137e-06,1.0682013e-06,0.00010003596,4.002801e-09,0,,,,0.00027123583,Test
3068,0,6.863188,-1.4296731,-2.5141416,0.6949072,-3.7208283,-5.5297356,-2.2247782,-9.38666,0.9974343,0.00024965516,8.440382e-05,0.0020894601,2.5252515e-05,4.137196e-06,0.00011272775,8.743097e-08,0,,,,0.028368613,6.7527304,-1.1050612,-2.6364949,0.47780743,-3.6338735,-5.344043,-2.330391,-9.140201,0.99597967,0.0010465536,0.00018134355,0.0024979343,6.85492e-05,1.5588057e-05,0.00020997974,4.3706683e-07,0,,,,0.00087970326,Test
3069,0,-2.947551,0.4615132,5.776629,-2.8281958,-0.12142214,-0.041964468,-8.136901,-11.08495,0.00016084,0.004863309,0.98913914,0.0001812297,0.0027149778,0.0029395057,8.967841e-07,4.7029058e-08,2,,,,0.10511773,-2.911221,0.40637812,5.4179053,-2.6514285,-0.06857525,0.104245245,-7.8381777,-10.647729,0.0013695748,0.018402673,0.96750385,0.00074106746,0.0058520935,0.006106961,2.2709364e-05,1.1088995e-06,2,,,,0.010866998,Test
3070,0,-3.6090844,-1.6575127,0.8018324,-1.1176298,-1.9426891,1.1486152,-1.8195468,-1.8603505,0.0042378595,0.029833434,0.34896615,0.0511884,0.022431213,0.49361593,0.025370717,0.024356335,5,,,,1.8247652,-3.5503838,-1.6425024,0.76155967,-1.1243095,-1.869587,1.2567257,-1.7235994,-1.8388112,0.004382858,0.030160278,0.32143587,0.048678122,0.023164695,0.5195246,0.027228579,0.025425047,5,,,,0.035484284,Test
3071,0,-0.3574702,2.7953515,2.7444932,-3.811737,-1.7748975,-0.35116395,-7.976667,-11.4326725,0.020866212,0.48831123,0.4640975,0.0006595908,0.0050566485,0.020998219,1.0243976e-05,3.232545e-07,1,,,,1.2982051,-0.7967824,2.8630986,3.070812,-4.013451,-1.5167001,-0.49009752,-8.325758,-11.273662,0.013365234,0.42094263,0.54132617,0.0004947546,0.0054573985,0.018404871,7.892538e-06,1.0528449e-06,2,,,,0.0626525,Test
3072,1,24.59903,-9.1407995,-8.038401,10.335042,-13.594181,-16.450277,-5.418007,-30.904566,0.9999994,2.223196e-15,6.69491e-15,6.385996e-07,2.5876119e-17,1.4876865e-18,9.1995476e-14,7.854081e-25,0,,,,1.4001393e-05,24.511066,-9.096225,-7.8148828,9.839614,-14.383295,-17.548494,-5.6515074,-31.041723,0.99999887,9.397928e-14,2.861435e-14,1.0825164e-06,2.29799e-16,6.6466266e-18,1.8603771e-13,1.0383517e-23,0,,,,3.348708e-07,Test
3073,0,6.1809998,-1.406872,-2.1029727,0.61157393,-3.1450388,-5.5397406,-1.4019694,-7.6994977,0.9948478,0.0005039482,0.00025123084,0.003793026,8.861549e-05,8.08172e-06,0.0005064248,9.3225214e-07,0,,,,0.053336296,5.8360558,-1.5082918,-1.8796667,0.5900388,-3.231631,-5.6519427,-1.323992,-7.415864,0.9899173,0.000994554,0.0006763259,0.0069768443,0.00017303995,2.3809658e-05,0.001233555,4.623834e-06,0,,,,0.0022399577,Test
3074,0,7.1417317,-0.81164014,-2.2401516,0.5528199,-3.655904,-6.1535497,-2.3162055,-10.35223,0.998092,0.00035080436,8.4075655e-05,0.0013729112,2.040877e-05,1.679203e-06,7.791851e-05,2.5213883e-08,0,,,,0.022382818,7.3329477,-0.81723183,-2.5758812,0.5441092,-3.913627,-5.81602,-2.786916,-11.042689,0.99759847,0.0006233094,9.091265e-05,0.001608352,1.8270948e-05,5.161335e-06,5.5542572e-05,2.2693659e-08,0,,,,0.00056711887,Test
3075,0,-5.1696386,-1.0575398,7.389122,-3.2770815,-0.006742878,2.4064872,-10.259163,-12.215837,3.4870925e-06,0.00021297335,0.99234784,2.314145e-05,0.0006090888,0.006803513,2.1483805e-08,3.0362606e-09,2,,,,0.06950305,-5.039713,-0.9463924,7.5697427,-3.7345462,0.0012608111,2.5732002,-11.348551,-12.897993,7.4550253e-06,0.00036319887,0.9888687,2.8221495e-05,0.00091049046,0.009821897,1.3902245e-08,7.56881e-09,2,,,,0.0021312726,Test
3076,1,1.2679833,-0.08746433,0.27185202,-2.1167142,-1.2955576,-3.1698658,-2.8722618,-3.4833205,0.56355894,0.14530344,0.20812538,0.019097826,0.043411788,0.0066620214,0.008971267,0.004869388,0,,,,1.7940304,1.3062887,0.017225299,0.24825403,-2.0740945,-1.3653023,-2.9478989,-2.867122,-3.9645607,0.5493463,0.16176417,0.20478444,0.019754391,0.04206524,0.009195419,0.009654458,0.0034355684,0,,,,0.035743073,Test
3077,0,0.8358472,2.488688,3.0534966,-3.6703637,-1.8921806,-1.7354684,-9.141141,-13.925758,0.0642658,0.3355827,0.59032726,0.0007095082,0.004199644,0.0049121506,2.985583e-06,2.4951449e-08,2,,,,1.3103118,0.6301378,2.591799,3.1918066,-3.7592006,-1.9142494,-1.566741,-9.450829,-14.532362,0.060710352,0.37360263,0.5543477,0.000539051,0.0042567803,0.0065378,5.6469066e-06,5.3342006e-08,2,,,,0.08004539,Test
3078,0,18.257368,-4.4983287,-6.449823,4.842003,-9.196185,-13.839816,-3.5138483,-22.904476,0.99999845,1.3101636e-10,1.8612402e-11,1.4920392e-06,1.1941891e-12,1.1491316e-14,3.5065478e-10,1.3293469e-18,0,,,,3.104316e-05,18.299545,-4.6976213,-6.7281394,4.8547792,-9.30944,-13.300676,-3.8574238,-23.578289,0.9999956,4.7181e-10,3.24216e-11,4.34893e-06,3.194534e-11,3.1314968e-13,1.5122792e-09,5.5888915e-17,0,,,,1.7051137e-06,Test
3079,0,-0.627829,1.6147124,3.4506521,-3.1790497,-1.1640401,0.069830865,-7.8241296,-11.53981,0.0138608385,0.13053076,0.8185617,0.0010809575,0.008108043,0.027847065,1.0386655e-05,2.5279957e-07,2,,,,0.9164484,-0.55249006,1.8909909,3.7029564,-2.9365654,-1.0812179,0.50505763,-8.016778,-11.716005,0.021990504,0.16109724,0.7619562,0.0010924691,0.0071222833,0.046733372,7.639546e-06,2.0525351e-07,2,,,,0.038874857,Test
3080,0,6.930972,-1.7014652,-2.426676,0.9007769,-3.687644,-5.9809184,-1.9893932,-9.186522,0.99717784,0.00017772666,8.605929e-05,0.002398237,2.4387442e-05,2.4615579e-06,0.00013326226,9.9777935e-08,0,,,,0.030453466,7.14702,-1.4686205,-2.7248526,0.76509213,-3.7309048,-6.025952,-2.1750493,-9.017266,0.9971256,0.00030555663,7.65751e-05,0.002314375,3.2527678e-05,5.217218e-06,0.0001399949,2.402086e-07,0,,,,0.0005832705,Test
3081,0,12.132484,-2.6603985,-3.8809552,2.457657,-6.3010497,-9.407987,-3.7774675,-16.556833,0.9999366,3.762747e-07,1.1102587e-07,6.284174e-05,9.871657e-09,4.416367e-10,1.2313117e-07,3.4702447e-13,0,,,,0.0009823296,11.888475,-2.0233102,-4.159887,2.5418391,-6.684793,-8.955183,-4.2533646,-16.64494,0.9998722,3.4369568e-06,3.6300136e-07,0.00012354922,1.2140885e-07,4.1470076e-09,3.2638061e-07,2.071272e-11,0,,,,2.9058829e-05,Test
3082,1,-2.6235356,1.0232433,4.909728,-3.5047333,-0.7607888,1.221618,-9.133744,-11.948347,0.00050963974,0.019545164,0.95261663,0.00021113688,0.0032827964,0.023833752,7.5843025e-07,4.545164e-08,2,,,,0.34141174,-2.6311774,1.3435465,5.006359,-3.5836265,-0.50039464,1.1533399,-8.848031,-11.853474,0.000614403,0.02932339,0.9239193,0.00024716556,0.0041127047,0.04178133,1.5818605e-06,1.4178089e-07,2,,,,0.020742998,Test
3083,0,-1.1503911,0.38366252,2.2082777,-2.7234128,-0.7874323,0.57885,-5.813124,-6.646338,0.023990748,0.11124352,0.6897554,0.0049761017,0.03448854,0.13522086,0.00022648754,9.844284e-05,2,,,,1.4511365,-1.5531179,0.2976295,2.455254,-2.9414425,-0.9493826,0.9974496,-6.1507897,-6.9312124,0.013433923,0.09584084,0.68763775,0.0036441428,0.024411812,0.17479596,0.00015633312,7.923155e-05,2,,,,0.041011196,Test
3084,0,-3.1119993,-2.0335834,1.8930204,-1.7212734,-0.6707803,0.013046581,-2.872755,-0.4121436,0.00481896,0.014167832,0.7187962,0.019361451,0.05535556,0.109684065,0.0061214697,0.0716945,2,,,,1.4751134,-3.0135446,-2.0251093,1.9808747,-1.6154581,-0.5747057,0.009636682,-2.9647608,-0.28838068,0.0061559356,0.0140872095,0.70017636,0.0222621,0.056647886,0.11270653,0.0063673845,0.08159665,2,,,,0.030799411,Test
3085,0,-2.94914,-0.17379427,3.4866402,-2.5810332,-0.81727934,1.7921945,-6.357479,-8.064599,0.0013066514,0.020964148,0.815049,0.0018881066,0.011015776,0.14972533,4.324512e-05,7.844122e-06,2,,,,0.86956936,-3.2980626,-0.12891245,3.61045,-2.8228426,-0.90634954,1.8741663,-6.5744753,-8.186048,0.0014825661,0.023654353,0.7975439,0.0018755449,0.009397582,0.165963,5.9389433e-05,2.3684444e-05,2,,,,0.032179277,Test
3086,0,-4.6691875,-2.2227676,4.735148,-2.307421,0.6461443,1.1064795,-5.8723373,-4.2814784,7.879215e-05,0.0009098076,0.9566075,0.0008359588,0.01602884,0.025399383,2.3657109e-05,0.00011610815,2,,,,0.31209332,-4.695056,-2.2670007,5.0127897,-2.3944974,0.74706,1.2554258,-6.0706706,-4.1812897,8.072438e-05,0.0007219074,0.95534956,0.000885168,0.014826313,0.027969057,2.8481034e-05,0.00013886754,2,,,,0.0060252575,Test
3087,0,-0.3043085,2.659253,2.873649,-3.3984525,-1.2907529,-0.2537868,-7.482861,-11.710944,0.021817239,0.42253056,0.5235632,0.0009886216,0.008135651,0.022947801,1.6641556e-05,2.426392e-07,2,,,,1.3259017,-0.22257876,2.6293757,2.6866813,-3.8267388,-1.0221918,-0.4381133,-7.1473136,-11.1486845,0.03220915,0.46533346,0.45913282,0.00090599584,0.01151109,0.030856192,4.973429e-05,1.5635018e-06,1,,,,0.06757256,Test
3088,0,-3.6978912,-2.451329,1.7265579,-0.96737015,-1.2021505,-1.2597024,-1.8124473,1.5303591,0.0021582234,0.007507086,0.4896713,0.03310904,0.026180793,0.024716571,0.014221132,0.40243584,2,,,,1.6245573,-3.7852352,-2.5134037,1.6223409,-1.0623921,-1.3928453,-1.2712669,-1.8076748,1.7330335,0.0020733478,0.008066119,0.4233126,0.030465081,0.02077684,0.025805939,0.01547044,0.47402963,7,,,,0.027002864,Test
3089,0,2.197614,3.8876145,0.8035039,-3.5719607,-2.6511784,-2.212032,-6.901426,-12.274968,0.14945967,0.8099942,0.03707402,0.0004664763,0.0011714408,0.0018173521,1.6705564e-05,7.7475e-08,1,,,,0.86570597,2.0828547,3.2629123,0.24233046,-3.2506912,-2.9665809,-2.405359,-6.9875135,-11.419107,0.2518698,0.69136673,0.050443966,0.0013084041,0.0019495891,0.0030216426,3.9210554e-05,6.83602e-07,1,,,,0.045601618,Test
3090,0,1.5797094,0.3565945,0.45632213,-2.561464,-1.3351647,-2.3283584,-4.7105083,-6.8550205,0.584196,0.17193587,0.18996677,0.009291157,0.031669766,0.011730224,0.0010833072,0.00012688259,0,,,,1.652952,1.7332065,0.68305725,0.3957496,-2.7369907,-1.5717608,-2.5085359,-4.797048,-7.3777685,0.5731819,0.21130097,0.17061344,0.0066763996,0.022264123,0.015005745,0.000875735,8.1588674e-05,0,,,,0.048652276,Test
3091,0,-4.2864366,-2.498127,1.2001094,-0.5915686,-1.5318812,-0.018333334,-1.6759921,0.572984,0.0019293982,0.011536521,0.465799,0.07763949,0.03031867,0.13773225,0.02624965,0.24879491,2,,,,2.075357,-4.252363,-2.542729,1.2880584,-0.58901477,-1.5654663,-0.110602535,-1.7309628,0.6602788,0.0022953216,0.011059391,0.46467122,0.07473852,0.02805086,0.122916535,0.024465729,0.27180246,2,,,,0.035964876,Test
3092,0,0.049911022,1.4926473,2.1492884,-2.923672,-1.250456,-0.96839434,-6.87839,-9.530318,0.071026996,0.30060473,0.5796575,0.0036308873,0.019350009,0.025655417,6.958257e-05,4.906625e-06,2,,,,1.5244888,0.4111517,1.5752772,1.7021118,-2.8835363,-1.341355,-0.8660692,-6.663713,-9.474924,0.13104934,0.38249323,0.42377853,0.0048012277,0.021767695,0.03598378,0.00011848435,7.717402e-06,2,,,,0.057249233,Test
3093,1,-1.6134758,0.7507028,3.0903301,-2.7536373,-0.7610248,0.5945627,-6.0321035,-8.541075,0.0074750837,0.07949976,0.8249982,0.0023902878,0.017531976,0.068007216,9.0080415e-05,7.328212e-06,2,,,,0.9603487,-1.538226,0.73701006,3.0592637,-2.6318424,-0.71577007,0.40410918,-5.8119164,-8.38876,0.010706385,0.09694615,0.796759,0.003832516,0.023212962,0.068290226,0.00023061445,2.2173675e-05,2,,,,0.027808875,Test
3094,1,6.98697,1.6563488,-2.121766,-1.4300177,-3.9415054,-6.716028,-4.5124297,-12.285746,0.9948249,0.0048160087,0.000110121684,0.00021993555,1.78472e-05,1.1132947e-06,1.0083726e-05,4.2433825e-09,0,,,,0.049111377,6.5942955,1.8328464,-2.0550382,-1.7641081,-3.6800034,-6.7170663,-4.4780517,-11.676193,0.98430145,0.014472313,0.0006450176,0.00043093046,9.1717244e-05,6.9228104e-06,5.1549647e-05,1.4765786e-07,0,,,,0.00394729,Test
3095,0,-4.0521607,-2.0358493,1.9272822,-1.4897397,-0.99732137,1.9144998,-3.2892234,-2.886227,0.0011998037,0.009011212,0.47418663,0.015558066,0.025457174,0.46816394,0.002573059,0.0038500724,2,,,,1.3771887,-4.086719,-1.9752781,2.030933,-1.6532772,-1.1290971,1.7892946,-3.3930256,-2.9264686,0.001417929,0.010058052,0.5252828,0.014809636,0.02401484,0.4170277,0.00284211,0.004546913,2,,,,0.029842384,Test
3096,0,-3.9335923,-2.0291955,1.580352,-1.3186011,-1.2496994,0.78694224,-2.5569923,-1.3715057,0.002419522,0.016247949,0.60035086,0.03306784,0.035426594,0.27153867,0.009584717,0.03136387,2,,,,1.6245172,-3.683698,-1.9379909,1.3424914,-1.2055858,-1.2584021,0.8145213,-2.2594662,-1.558706,0.00392256,0.019831687,0.5271095,0.042527772,0.039366685,0.3194006,0.016394775,0.031446412,2,,,,0.030391667,Test
3097,0,4.3847313,-0.17870161,-1.6278863,-0.5384717,-3.0752404,-2.9568148,-2.3359547,-8.336,0.97791666,0.010195962,0.0023936199,0.0071151154,0.0005629598,0.0006337368,0.0011790848,2.922525e-06,0,,,,0.1948999,4.2060804,-0.49852785,-1.7139027,-0.6752671,-3.1885695,-2.625101,-2.3107257,-8.240017,0.9715015,0.012098917,0.0036522206,0.008448034,0.00079695927,0.0015249763,0.001969968,7.281468e-06,0,,,,0.0040734103,Test
3098,0,-3.6129284,-1.2950035,3.244166,-2.7804363,-0.10885574,1.6156589,-5.5877643,-4.6821933,0.0008443691,0.008574215,0.802658,0.0019412397,0.028075775,0.1574994,0.000117184994,0.0002898388,2,,,,0.9091741,-3.6010804,-1.1901177,3.0830917,-2.8060405,-0.23716053,1.9737056,-5.5159554,-4.9715357,0.0012423897,0.011722063,0.7086266,0.002509708,0.029021284,0.24639352,0.00019445157,0.00028997596,2,,,,0.025173826,Test
3099,0,0.56449443,0.9733328,-0.2790591,-2.1466942,-1.9568577,-0.26628432,-3.3478575,-5.8383174,0.28253248,0.4252307,0.12153957,0.018776476,0.022701735,0.12310219,0.005648791,0.0004681257,1,,,,2.060385,0.62409675,0.8875812,-0.20591466,-2.1962864,-1.9456726,-0.53042996,-3.0137703,-5.7447624,0.30151263,0.3916778,0.14202634,0.019033538,0.025104731,0.110406384,0.009469589,0.00076899264,1,,,,0.053850874,Test
3100,0,2.3201385,4.2365546,1.8369944,-3.876405,-2.8469195,-2.1150978,-8.808273,-15.082402,0.11858171,0.80594736,0.07314606,0.00024148656,0.00067607197,0.0014054624,1.7418457e-06,3.2823926e-09,1,,,,0.9149644,2.2487264,4.0470276,1.2621903,-4.2304206,-3.0526721,-2.879918,-8.899694,-14.61846,0.15627417,0.75686544,0.07934143,0.0003135518,0.005706586,0.0014924263,6.3313137e-06,5.935985e-08,1,,,,0.05186469,Test
3101,0,-5.417556,-0.85932374,9.139988,-3.7357993,-0.18852946,1.9803213,-12.38497,-15.327711,4.7570975e-07,4.538969e-05,0.99908626,2.5569334e-06,8.877272e-05,0.00077660347,4.4815957e-10,2.362742e-11,2,,,,0.011247569,-6.090689,-0.5366423,9.658248,-4.178428,0.17407893,1.9658229,-12.992416,-16.221985,5.6455735e-07,0.00014889037,0.99842894,2.0154162e-05,0.00023400415,0.0011674219,1.5870409e-08,4.3905484e-09,2,,,,0.00063870114,Test
3102,0,6.346135,-1.5264798,-1.969129,0.6585002,-3.2941453,-5.8196735,-2.0925188,-8.538365,0.99571806,0.00037940513,0.00024370431,0.0033730897,6.477623e-05,5.1831385e-06,0.0002154148,3.4188494e-07,0,,,,0.0447233,5.857565,-1.1607082,-2.0437083,0.7458437,-3.3840795,-5.3800983,-1.8002332,-8.201933,0.99063814,0.0012327034,0.00044968538,0.0067582605,0.00015469044,2.294787e-05,0.0007404306,3.082149e-06,0,,,,0.0014902364,Test
3103,1,-5.2604833,-0.9141079,8.440564,-3.4906793,-0.17958526,2.003174,-11.202446,-14.09034,1.119172e-06,8.639801e-05,0.99812824,6.569207e-06,0.00018009552,0.0015975822,2.9399223e-09,1.6373426e-10,2,,,,0.021080991,-5.1830273,-1.1214092,8.399621,-3.508344,-0.18708609,2.319027,-10.808792,-14.853076,4.020208e-06,0.00013641434,0.99630606,2.5932339e-05,0.00035045834,0.003177115,5.0870238e-08,5.4320914e-10,2,,,,0.0007090435,Test
3104,0,-4.35199,-2.304553,0.7409675,-0.6647513,-2.0769048,1.5324583,-1.8043107,-1.7038926,0.0016458435,0.012752027,0.26806,0.065725826,0.016012,0.5915236,0.021029633,0.023251057,5,,,,1.6496662,-4.090527,-2.2499516,0.73227596,-0.68025845,-1.9646248,1.6718023,-1.8404922,-2.0155866,0.0023534722,0.012677683,0.25176385,0.06420256,0.017969761,0.612944,0.02007898,0.018009668,5,,,,0.039520238,Test
3105,0,3.354424,2.4607306,1.4040502,-3.0247822,-2.4193401,-3.9034233,-7.9557095,-13.299909,0.6423086,0.2627953,0.091349706,0.0010896567,0.0019963186,0.00045258555,7.867113e-06,3.757152e-08,0,,,,1.2660556,3.4581897,2.7129338,1.6173588,-2.9707456,-2.6344383,-3.948748,-7.6663637,-13.305064,0.5565512,0.3429513,0.096952505,0.0015072501,0.0014089808,0.0006118919,1.6848044e-05,1.0243271e-07,0,,,,0.06281706,Test
3106,0,-3.4979718,-0.6758035,4.0568357,-2.81359,-0.20922503,1.950667,-6.617033,-7.475769,0.000456827,0.007680755,0.87249523,0.0009056806,0.012247188,0.10618559,2.0191148e-05,8.5549345e-06,2,,,,0.6616606,-3.8338883,-0.78908455,4.3075843,-3.0872853,-0.22066966,2.1439114,-6.9719634,-8.048349,0.00041663102,0.007199896,0.87416184,0.00073071185,0.010603796,0.106855534,2.5862764e-05,5.7039806e-06,2,,,,0.01202253,Test
3107,0,-4.1338897,-1.810608,0.33034146,-0.6097381,-2.2274451,2.1280906,-1.6528989,-2.6040835,0.0014715755,0.015023489,0.12781252,0.049923155,0.009902409,0.7714822,0.017589886,0.006794678,5,,,,1.2062035,-4.059464,-1.7377405,0.14353189,-0.7489953,-2.0232046,2.110462,-1.6139425,-2.6220725,0.002351529,0.01757865,0.118055105,0.05100431,0.01363424,0.7666663,0.023048783,0.0076610586,5,,,,0.025687173,Test
3108,0,3.5699089,3.822149,-0.7503243,-2.9770904,-3.135604,-3.2366996,-5.4754243,-11.460667,0.43401176,0.55853194,0.0057709594,0.0006225525,0.0005312931,0.0004802077,5.1187428e-05,1.2876724e-07,1,,,,1.0533165,3.6495368,4.1238127,-0.56366426,-3.141488,-3.1138327,-3.306045,-5.977589,-12.225615,0.39075786,0.5992453,0.007948769,0.0006727805,0.0007383303,0.00058637146,5.0094084e-05,4.878256e-07,1,,,,0.038132746,Test
3109,0,7.6218677,0.8059866,-3.06283,-0.8632258,-4.5067773,-5.290954,-3.7756674,-13.233261,0.9986571,0.0010947547,2.2861828e-05,0.00020624683,5.3952654e-06,2.4629135e-06,1.1208041e-05,8.752837e-10,0,,,,0.01590544,7.2788315,0.7442341,-3.159761,-0.7488822,-4.8751845,-5.063075,-3.2878826,-12.790745,0.99589795,0.0032555375,6.2003004e-05,0.0007004294,1.4683969e-05,1.3793469e-05,5.554576e-05,2.8245484e-08,0,,,,0.0013666046,Test
3110,0,4.2151265,5.0276737,1.874356,-4.3302755,-3.817502,-3.173733,-10.923944,-20.078167,0.2984155,0.6725215,0.028723521,5.8023033e-05,9.6893615e-05,0.00018445081,7.9433995e-08,8.401911e-12,1,,,,1.057043,4.0422688,4.6360984,2.0410662,-4.098015,-3.490708,-2.6648538,-10.757931,-20.164087,0.33982044,0.56208235,0.09670914,0.0001660139,0.00027345086,0.0009484493,1.624804e-07,3.0973218e-10,1,,,,0.088179566,Test
3111,0,-0.5559087,1.4684273,3.3073828,-3.121696,-1.0891303,-0.64028126,-7.4145865,-10.875761,0.017308025,0.13104048,0.82424,0.001330271,0.010154824,0.015907612,1.8178644e-05,5.706801e-07,2,,,,0.8906279,-0.5840925,1.5816389,3.4456108,-3.0599046,-1.2411356,-0.4324549,-7.7702246,-11.27947,0.025795024,0.17259821,0.7731318,0.0013585511,0.008778092,0.018302353,3.512394e-05,8.5118756e-07,2,,,,0.047457285,Test
3112,0,-2.3163261,0.6250388,4.546106,-3.3393872,-0.34394133,0.44769832,-7.981366,-10.499264,0.0010009562,0.018959796,0.9566023,0.00035983647,0.007194671,0.015878722,3.468324e-06,2.79647e-07,2,,,,0.32997912,-2.5282433,0.1449501,4.2063866,-3.031635,-0.52377695,0.5937659,-7.527243,-9.93704,0.0021485952,0.026467454,0.92461175,0.0012684787,0.010540319,0.034941126,2.0266256e-05,2.002534e-06,2,,,,0.015790557,Test
3113,0,-1.7252401,0.82197523,4.203712,-2.9717748,-0.5554164,-0.9064268,-7.0789943,-8.531352,0.0025296304,0.032307155,0.9505354,0.0007272673,0.008149013,0.0057367138,1.1966062e-05,2.8002737e-06,2,,,,0.35846496,-1.3236367,0.87967885,4.224048,-2.8427806,-0.46640158,-0.8244737,-7.0343237,-8.688556,0.005629034,0.0451017,0.93138015,0.0010231847,0.009563042,0.0072814105,1.7067252e-05,4.4364715e-06,2,,,,0.01338837,Test
3114,0,-4.188499,-0.7906306,7.147312,-2.9941294,0.3229078,0.36069977,-8.844396,-10.57241,1.1906425e-05,0.00035600588,0.9973827,3.9308805e-05,0.0010840785,0.0011258316,1.13175226e-07,2.0104071e-08,2,,,,0.030327158,-3.9595885,-0.7519492,6.9268293,-3.0318928,0.060309578,0.35134596,-8.715158,-9.874922,6.5998494e-05,0.0013516034,0.995302,6.484742e-05,0.0014652607,0.001749486,4.792349e-07,3.190536e-07,2,,,,0.0010385312,Test
3115,0,-4.753693,-0.8495834,7.531598,-3.2759054,0.099282965,1.6933376,-9.981553,-12.224097,4.601886e-06,0.00022828073,0.9962543,2.0171165e-05,0.00058959896,0.0029029918,2.4689102e-08,2.6216864e-09,2,,,,0.03934437,-4.552769,-0.69618094,7.80004,-3.1341586,-0.17429689,1.3630258,-10.079258,-12.196159,1.2567325e-05,0.00045291576,0.9968613,3.135673e-05,0.0005857892,0.0020558941,1.2081463e-07,1.1595593e-08,2,,,,0.0006847865,Test
3116,1,4.3598356,-1.6532079,-1.082767,0.013544897,-2.94001,-4.3289404,-2.7165565,-7.6048594,0.9790245,0.0023953116,0.0042374176,0.012683045,0.00066147104,0.00016493244,0.00082709524,6.2314994e-06,0,,,,0.18174723,4.4305477,-1.5123177,-1.1851335,0.14443184,-3.0327983,-4.012998,-2.7314544,-7.9907312,0.9701805,0.0035507244,0.006787765,0.017084656,0.0010315141,0.0003052595,0.0010478642,1.1684526e-05,0,,,,0.0065829167,Test
3117,0,-3.5736108,0.6600049,6.0011334,-3.3277936,-0.7844223,1.6329111,-9.539922,-13.3873205,6.818246e-05,0.004702282,0.9815925,8.7182576e-05,0.0011091793,0.012440459,1.7479803e-07,3.729344e-09,2,,,,0.15441526,-3.447691,0.6530752,6.159252,-3.4501681,-0.55765015,1.7047211,-9.583644,-14.0124035,0.00018515825,0.006361307,0.9753553,0.00016843693,0.0021097497,0.015819464,6.76407e-07,4.9819606e-09,2,,,,0.0046061575,Test
3118,0,33.113586,-13.075012,-11.105397,16.026073,-19.325975,-19.754955,-7.128559,-42.717934,1.0,8.7206025e-21,6.2508604e-20,3.79304e-08,1.6818548e-23,1.0951764e-23,3.3347114e-18,1.1662436e-33,0,,,,9.350628e-07,33.93837,-12.347988,-13.23985,15.727183,-21.276478,-21.58036,-7.7201896,-45.04841,0.9999999,1.4790932e-17,3.3249962e-19,1.18334356e-07,2.1445773e-22,9.953183e-23,3.447234e-16,7.697593e-31,0,,,,6.2961874e-08,Test
3119,0,-3.4855738,-1.0164746,2.4774134,-1.9084698,-1.1820295,2.8529186,-4.747513,-6.427703,0.0010175938,0.012019616,0.39560968,0.004926087,0.010185702,0.57589954,0.00028808546,5.368142e-05,5,,,,1.1838405,-3.8386676,-1.0374708,2.5404232,-2.0934231,-1.180747,2.9949322,-4.6856127,-6.109973,0.0009460382,0.0124913445,0.386272,0.0045670397,0.0101555465,0.58505774,0.00040696058,0.0001033061,5,,,,0.03555584,Test
3120,0,2.0836406,-2.4536765,0.5920614,-0.74106264,-1.3822995,-5.316876,-2.838107,-2.6694834,0.7447065,0.007969908,0.16757165,0.044180654,0.023267329,0.00045496886,0.0054262187,0.006422876,0,,,,1.2218416,2.1675746,-2.537811,0.5993992,-0.706696,-1.4553545,-5.134881,-2.8753116,-2.718684,0.7275144,0.007921723,0.17739667,0.04419996,0.025589239,0.0006288944,0.005320799,0.011428362,0,,,,0.043084953,Test
3121,0,-4.9704413,-1.9691073,5.069133,-2.1272717,-0.009402333,2.6591618,-6.4712133,-7.2327566,3.9753217e-05,0.0007995304,0.9109693,0.00068256655,0.0056744525,0.081821345,8.863293e-06,4.1386725e-06,2,,,,0.4765837,-4.8042336,-2.0734065,4.7970557,-2.315659,-0.012460959,2.6017761,-6.463707,-6.719756,0.0001492525,0.0018002104,0.88352644,0.0010879755,0.009959843,0.103425846,2.4744595e-05,2.574814e-05,2,,,,0.011065262,Test
3122,1,-3.1929286,-0.3792858,2.709142,-2.3925974,-1.2250051,2.8812368,-5.571862,-7.4591002,0.0012085467,0.020147119,0.44207922,0.0026905609,0.008648118,0.5250975,0.00011197101,1.6962455e-05,5,,,,1.2177856,-3.286262,-0.4309972,2.5516243,-2.3065386,-1.3551676,2.9853466,-5.4446816,-7.6491814,0.0013808596,0.02496043,0.38137883,0.003983264,0.0088230865,0.5792388,0.00021023613,2.4544952e-05,5,,,,0.02633727,Test
3123,1,-0.35244092,2.3254297,3.1254847,-3.3482432,-1.3423702,-0.4525993,-7.8267236,-11.802312,0.020294929,0.29537377,0.6574026,0.001014675,0.007541655,0.0183607,1.151722e-05,2.1615826e-07,2,,,,1.2009678,-0.29376063,2.3022594,3.0682495,-3.1625195,-1.5553311,-0.5406602,-7.5919127,-11.449617,0.030387556,0.32976368,0.6082839,0.00273703,0.006907457,0.021879356,4.0355902e-05,6.352954e-07,2,,,,0.061557606,Test
3124,0,-3.4786034,-1.6240705,4.0526023,-2.4679396,-0.15764315,-0.49116045,-5.022956,-2.7376053,0.0005193935,0.0033182558,0.9688523,0.0014269938,0.014380406,0.010302118,0.00011086461,0.001089702,2,,,,0.25890183,-3.5686212,-1.6272013,4.1605477,-2.522595,-0.12694477,-0.24597168,-5.2359076,-3.0857167,0.0009030385,0.0044257,0.9594201,0.0016318739,0.015488101,0.016883895,0.00019161742,0.0010557052,2,,,,0.008233721,Test
3125,0,-2.6721182,0.85163075,5.711831,-3.3363526,-0.3902201,0.9173833,-9.377567,-13.251124,0.00022433112,0.007607364,0.9817308,0.000115455936,0.0021973804,0.0081243785,2.7463128e-07,5.7080203e-09,2,,,,0.15970862,-2.7835338,0.6775123,5.7054753,-3.2363,-0.49206477,1.1636608,-9.081805,-13.336253,0.00065062795,0.009356969,0.9711922,0.00020495872,0.0026949304,0.01589943,9.4599335e-07,3.7708624e-08,2,,,,0.0048029404,Test
3126,0,-0.92025816,1.2946669,2.331387,-2.8244276,-1.044848,-0.14540572,-5.746288,-7.7180104,0.025507122,0.23366363,0.6589204,0.0037991907,0.022519188,0.055357378,0.00020452355,2.8473121e-05,2,,,,1.4095149,-0.7790977,1.2701185,2.1233735,-2.6627476,-1.118386,-0.15633678,-5.711827,-7.773257,0.035763532,0.26540917,0.5913503,0.0055999993,0.026223177,0.0752065,0.00039573255,5.156804e-05,2,,,,0.038227435,Test
3127,0,-4.4969497,-2.5674922,0.8110225,0.1394147,-2.3766103,-0.38285536,-0.75869596,0.516905,0.0017390293,0.011974558,0.35118005,0.17941314,0.014493006,0.10642293,0.07308189,0.2616955,2,,,,2.2817378,-4.4495997,-2.441557,0.87082434,0.0060863765,-2.2014139,-0.5289002,-0.765463,0.54581046,0.001898323,0.013721742,0.37097284,0.15705046,0.018127864,0.0953514,0.07507935,0.267798,2,,,,0.023586651,Test
3128,0,-0.658286,1.8866568,2.633925,-3.2417727,-0.8828964,-0.44123855,-6.679201,-9.205213,0.023384076,0.2979716,0.629085,0.001765738,0.018679842,0.02905245,5.6763645e-05,4.539803e-06,2,,,,1.3404527,-0.53935134,2.028525,2.456675,-2.993709,-1.17067,-0.50824875,-6.4402556,-9.109224,0.043025494,0.37061217,0.5420588,0.0024234897,0.014188622,0.027522251,0.00015760318,1.1500689e-05,2,,,,0.06909497,Test
3129,0,-4.4913487,-0.3490752,7.943531,-3.6856856,0.07575078,1.304707,-11.158882,-13.649218,3.9696524e-06,0.00024987265,0.99804914,8.884788e-06,0.0003821364,0.0013060124,5.0475344e-09,4.1835055e-10,2,,,,0.022873357,-5.0369425,-0.46356305,8.0961895,-4.1062326,-0.039367937,1.0222391,-11.583462,-13.715553,4.8840934e-06,0.0004421547,0.9978612,9.548756e-06,0.00041399206,0.001268253,1.2682278e-08,2.682215e-09,2,,,,0.000496945,Test
3130,0,-3.478442,-0.24353155,5.56563,-2.8877604,-0.69185096,1.7449404,-8.552393,-11.305489,0.0001149664,0.0029206176,0.9735574,0.00020753956,0.0018654005,0.021333255,7.1941935e-07,4.584879e-08,2,,,,0.2016172,-3.9620824,-0.48508248,5.5729356,-3.071376,-0.4113648,1.5133362,-8.690835,-10.699647,0.00035827828,0.004261636,0.96873295,0.0004943951,0.0043168347,0.021819782,7.89881e-06,8.286433e-06,2,,,,0.006365282,Test
3131,0,-3.8905275,0.05688557,6.6081786,-3.00858,-0.6756278,1.6441844,-9.49642,-13.44662,2.7320915e-05,0.0014152557,0.9908896,6.599639e-05,0.0006803124,0.006921338,1.0043539e-07,1.9334685e-09,2,,,,0.084628046,-3.41853,0.3068343,6.4529963,-3.106048,-0.22392626,1.6845062,-9.8119755,-13.891348,0.00019680141,0.0033368734,0.9779438,0.000116702446,0.0019457319,0.016459938,1.351921e-07,5.238207e-09,2,,,,0.006451786,Test
3132,0,-2.1498368,0.8050982,3.2613237,-2.783967,-0.67809325,0.55109626,-6.5487585,-7.7317367,0.0037894777,0.07275978,0.84843093,0.0020099257,0.016510092,0.056439046,4.657489e-05,1.4268921e-05,2,,,,0.8574711,-2.4309044,0.34330267,3.7282948,-2.7856987,-0.65394163,0.74693143,-6.972848,-8.449799,0.0026190677,0.033843156,0.89478046,0.0016897579,0.011561143,0.055465408,3.2766657e-05,8.21641e-06,2,,,,0.0120440675,Test
3133,1,-1.2447143,1.5321109,3.1337905,-3.871278,-0.87656224,0.54303724,-8.064805,-10.080482,0.009589447,0.15408254,0.76445866,0.0006935716,0.013857343,0.05730653,1.0468055e-05,1.3946615e-06,2,,,,1.1056811,-1.1965444,1.4712185,3.4469724,-3.7972283,-0.76866144,0.6792208,-8.303694,-10.799362,0.01040667,0.14068711,0.7727977,0.0007116662,0.019826287,0.055557143,1.2484949e-05,9.1681915e-07,2,,,,0.033414163,Test
3134,0,1.0295224,-2.3821232,0.640311,-0.7464916,-0.84273934,-3.8870053,-1.9666743,-1.0169384,0.45041847,0.014857897,0.30519947,0.0762611,0.06926331,0.0032990987,0.022510465,0.05819016,0,,,,2.070159,1.1116291,-2.3271337,0.54130614,-0.7749367,-1.0746063,-3.9501386,-2.094111,-1.2378173,0.4901999,0.017921975,0.28552246,0.074141845,0.05657379,0.003421021,0.020175364,0.05204367,0,,,,0.035627097,Test
3135,0,-3.6231775,-2.089747,1.6759503,-0.88890594,-1.3398172,0.07973847,-1.9844661,-0.21800147,0.003259051,0.015102592,0.6523385,0.05018456,0.03196994,0.13220474,0.01677932,0.09816127,2,,,,1.7093375,-3.8693862,-2.2099214,1.7613043,-1.0276465,-1.3475763,0.15902378,-2.2373888,-0.09917425,0.0025586404,0.013767386,0.6542366,0.042843893,0.030226499,0.13640761,0.0139469225,0.10601242,2,,,,0.021237453,Test
3136,0,-1.1607075,1.6774046,4.9163704,-3.2102306,-1.4984839,-0.62352854,-9.177808,-14.955726,0.0021911033,0.037431676,0.954782,0.00028220596,0.0015630343,0.0037493564,7.225708e-07,2.2364652e-09,2,,,,0.30863437,-1.0600011,1.500133,4.880587,-3.2109668,-1.1761907,-0.8102957,-9.079066,-14.593344,0.003943336,0.039443158,0.9447797,0.0005400359,0.0037141112,0.0075774128,2.2268805e-06,1.3311267e-08,2,,,,0.009806901,Test
3137,0,-6.2545547,-1.8469568,9.392016,-3.277626,0.4453438,2.1626573,-11.636039,-13.955766,1.60104e-07,1.3140063e-05,0.99912924,3.1424318e-06,0.00013005624,0.000724354,7.366367e-10,7.2411695e-11,2,,,,0.010764618,-5.900193,-1.9183029,9.6502495,-2.8999882,0.42240494,2.234339,-11.839613,-14.19218,5.9971006e-07,2.0205338e-05,0.998561,9.062905e-06,0.0002374488,0.0011717502,2.078424e-09,1.7624086e-10,2,,,,0.00043555076,Test
3138,0,-4.934917,-1.9772649,3.8487234,-2.652936,-0.23351435,3.5865111,-6.62133,-7.053387,8.555591e-05,0.001647183,0.5583884,0.0008381111,0.0094198305,0.4295948,1.5843469e-05,1.0285128e-05,2,,,,1.0818404,-4.652404,-1.9467148,3.73498,-2.4165597,-0.33978662,3.5013337,-6.1043177,-7.3232374,0.00020057315,0.0026566961,0.53318346,0.0018123856,0.010393493,0.4516378,9.836679e-05,1.7308748e-05,2,,,,0.046613187,Test
3139,0,-3.7062764,-2.442543,3.9489396,-2.576164,1.2140851,-1.4963148,-4.915554,0.3869151,0.0004299849,0.0015215486,0.9079697,0.0013312355,0.05893037,0.003919471,0.00012831304,0.025769368,2,,,,0.56796634,-3.8372426,-2.6551476,3.9477584,-2.6975036,1.112053,-1.8239994,-4.9390674,0.5350698,0.00045653377,0.001544702,0.9048131,0.0012706418,0.055247623,0.0035957906,0.0001629029,0.0329087,2,,,,0.007545372,Test
3140,0,-1.1723115,1.869842,3.6809494,-3.1991467,-1.3252275,0.52633727,-8.246393,-12.276627,0.0063871103,0.13381197,0.81855696,0.0008415133,0.00548143,0.034915503,5.408414e-06,9.61085e-08,2,,,,0.8901429,-1.4960635,1.5797479,3.8346863,-3.198832,-1.215799,0.80408925,-8.562597,-12.677224,0.008193864,0.1285716,0.8084475,0.0009860086,0.0067993193,0.046996374,5.256219e-06,1.0708027e-07,2,,,,0.035172544,Test
3141,0,8.933061,-1.3544879,-3.018181,1.1735414,-4.4990606,-7.664806,-2.3041122,-11.896399,0.9995184,3.4038112e-05,6.448112e-06,0.00042645624,1.4665425e-06,6.186274e-08,1.316887e-05,8.988168e-10,0,,,,0.006328777,8.490841,-1.214966,-2.8832958,0.9866831,-3.7940707,-7.1775336,-2.1865284,-11.129362,0.9987199,0.00014599216,4.1194067e-05,0.0010259936,2.4049295e-05,1.4886273e-06,4.1361207e-05,1.7436461e-08,0,,,,0.00047970717,Test
3142,0,-0.3755698,-0.8410989,1.132681,-1.8861394,-0.14000247,-2.1037319,-2.5136962,-0.8553062,0.11699373,0.07344899,0.5286736,0.025830368,0.14807038,0.02077932,0.013790695,0.07241286,2,,,,2.1448958,-0.46218523,-0.6631863,1.2169518,-1.8678786,0.056015022,-1.9617374,-2.4622834,-0.85679495,0.10374602,0.082338884,0.51909643,0.02523776,0.16274768,0.022622619,0.015406221,0.06880438,2,,,,0.027732518,Test
3143,0,-3.6058683,-1.5796356,4.160291,-2.005973,0.33117706,-0.80903614,-4.7416716,-2.4448178,0.0004091478,0.0031035724,0.96534026,0.0020263093,0.020975739,0.0067070094,0.00013140362,0.0013065257,2,,,,0.27729824,-3.5188518,-1.5678719,4.194486,-2.0521817,0.24456742,-0.821651,-4.8921323,-2.7992396,0.0005545812,0.0036655138,0.9644147,0.0021685935,0.02139561,0.0066406624,0.00014277466,0.001017445,2,,,,0.0043132775,Test
3144,0,6.2528563,-0.61968577,-2.2302818,-0.12334253,-3.1469874,-5.621242,-2.1946394,-8.727375,0.99676174,0.0010324864,0.00020625824,0.0016960686,8.2469116e-05,6.946023e-06,0.0002137424,3.109994e-07,0,,,,0.036891777,6.0387425,-0.7282212,-2.0915618,-0.044018704,-2.9631371,-5.2285314,-2.2408347,-8.410002,0.99350196,0.0021542262,0.0003588059,0.003351267,0.00016103406,3.8091457e-05,0.00043360516,1.0697981e-06,0,,,,0.0015137531,Test
3145,0,-2.8381371,-1.0612197,0.8186544,-1.686592,-1.447614,1.5827616,-2.3958163,-3.1206906,0.007230152,0.04274181,0.28007343,0.022869527,0.029043177,0.6013391,0.011252395,0.0054504974,5,,,,1.5880606,-2.877122,-1.0742347,0.75947744,-1.6965389,-1.542059,1.6490934,-2.3907914,-2.9934595,0.007408862,0.045093793,0.2573923,0.023199096,0.026591534,0.62162656,0.012243917,0.0064439764,5,,,,0.0211136,Test
3146,0,16.096945,-3.9189095,-5.7407026,4.1236634,-8.210221,-12.426162,-3.1968002,-20.27204,0.9999937,2.0287212e-09,3.2811634e-10,6.310547e-06,2.7766985e-11,4.0979804e-13,4.176671e-09,1.6037922e-16,0,,,,0.00011830837,15.830823,-2.280456,-5.4519506,3.841423,-8.157394,-11.864808,-4.1549916,-21.117529,0.9999881,8.916716e-08,4.648873e-09,1.1836056e-05,8.7074775e-10,5.87841e-12,4.8088937e-09,4.3385414e-16,0,,,,3.3031574e-06,Test
3147,1,3.4390967,0.39939076,-0.67781895,-1.7991449,-2.0628982,-4.661424,-3.1454477,-6.176134,0.92998725,0.044498917,0.015153859,0.0049378457,0.0037930703,0.00028214048,0.0012848304,6.203481e-05,0,,,,0.47365442,3.6937108,0.7027351,-0.63349545,-1.8049753,-2.340668,-4.9895678,-3.1554756,-5.9884086,0.92487395,0.05010395,0.015151469,0.004518822,0.0037692846,0.00025119906,0.0011983963,0.00013292527,0,,,,0.009158554,Test
3148,0,1.954999,2.2352383,1.1149489,-2.8264232,-1.709798,-2.3964145,-5.5541177,-9.763132,0.35681486,0.4722254,0.15403302,0.0029915592,0.009137803,0.0045988373,0.00019555769,2.906186e-06,1,,,,1.5824974,1.717746,2.3240542,1.1846046,-2.76489,-1.7072443,-2.2561092,-5.684037,-9.686217,0.2837691,0.51353604,0.18032637,0.0038947682,0.0112401,0.006954399,0.00027304495,6.1876117e-06,1,,,,0.049133383,Test
3149,0,-3.885233,-0.77004164,5.463532,-2.6440418,-0.17760931,1.2915345,-7.567278,-9.2105665,8.5255e-05,0.0019214546,0.9791216,0.00029495938,0.003474722,0.01509945,2.1459916e-06,4.1491242e-07,2,,,,0.17153022,-3.8971715,-1.0055597,5.6061177,-2.562593,-0.25269967,1.2567383,-7.26922,-9.0216675,0.00019381192,0.0016164385,0.9766906,0.00044799628,0.003103201,0.01793697,1.00816815e-05,8.2262943e-07,2,,,,0.004567701,Test
3150,0,-2.4110248,0.9322873,5.104864,-3.274848,-0.82729197,0.55771774,-8.679528,-11.95597,0.00052879925,0.014971761,0.97140425,0.00022291396,0.0025768986,0.010294363,1.0021079e-06,3.7842028e-08,2,,,,0.2300186,-2.4512563,1.008991,5.0501566,-3.2010472,-1.0371925,0.5272772,-9.110795,-13.038378,0.0010408808,0.026826784,0.95407856,0.0005863182,0.0031812545,0.014283555,2.5129307e-06,8.216772e-08,2,,,,0.010973757,Test
3151,0,-3.4357944,-0.4052673,3.0172486,-2.5312777,-1.0269374,2.9493618,-5.8606396,-7.4763937,0.0007917568,0.016395815,0.502473,0.001956223,0.008805317,0.4694938,7.006402e-05,1.3924563e-05,2,,,,1.1953343,-3.1113305,-0.13260022,3.165641,-2.6288853,-0.6848191,2.7695,-5.951312,-7.3765016,0.0016467802,0.024770107,0.5687603,0.002710273,0.013251482,0.3887151,0.00012523367,2.0777634e-05,2,,,,0.03644915,Test
3152,0,-1.3690443,1.3331538,3.6159568,-3.093798,-0.43459117,-0.70367336,-7.1215777,-9.003364,0.0059955954,0.08940915,0.8765784,0.0010685165,0.015263709,0.011662703,1.903438e-05,2.8992772e-06,2,,,,0.7001919,-1.4085953,1.1601224,3.5767922,-3.1420927,-0.4322478,-0.52646816,-6.9465156,-8.656164,0.009047205,0.086569905,0.86328554,0.0016063579,0.021624582,0.017805178,5.0703697e-05,1.0524813e-05,2,,,,0.020347305,Test
3153,0,-3.60003,-0.71641344,6.382772,-2.9256399,-0.11516039,1.3315871,-9.175501,-11.696157,4.5781373e-05,0.0008185163,0.99120706,8.986128e-05,0.0014933038,0.006345455,1.7349707e-07,1.3950343e-08,2,,,,0.08323593,-3.8319073,-1.1190383,6.283184,-2.73834,0.2544531,1.3783135,-9.007509,-10.536665,7.2460694e-05,0.0012056112,0.9800992,0.00020061186,0.00279587,0.015625399,7.188443e-07,1.9431725e-07,2,,,,0.005667799,Test
3154,0,-1.9878335,-0.28725436,1.8620663,-2.4528031,-0.8545635,-0.6115511,-3.988838,-2.8650622,0.016204644,0.08875475,0.7614295,0.010179015,0.05032831,0.06417285,0.0021908577,0.0067400616,2,,,,1.31252,-2.0262284,-0.20976558,1.7032611,-2.520629,-0.8769563,-0.5241499,-3.9030285,-2.7615008,0.022441324,0.1153177,0.70484614,0.011200073,0.054510467,0.080245405,0.0031535588,0.008285332,2,,,,0.029917032,Test
3155,1,1.470373,0.87343585,-0.091393135,-2.285158,-1.5799176,-1.0845103,-3.756779,-6.288614,0.5223322,0.28754133,0.10956715,0.012216322,0.024729904,0.040585883,0.002804294,0.00022297777,0,,,,1.7797184,1.3288676,0.7380041,-0.013966257,-2.354718,-1.5103753,-1.1055236,-4.0013576,-6.351374,0.4913835,0.27207303,0.14151523,0.013108866,0.03151708,0.047246136,0.0027980274,0.00035810808,0,,,,0.038217593,Test
3156,0,-3.514611,-1.7086982,1.7917868,-1.5370243,-1.2010072,0.6629538,-2.6415536,-1.3691772,0.0033091642,0.020138001,0.6672025,0.023909656,0.03345829,0.21578026,0.007922866,0.028279286,2,,,,1.5011721,-3.6198273,-1.7901247,1.7075838,-1.4757899,-1.0736177,0.7536123,-2.731424,-1.4759028,0.0034363754,0.020439617,0.6195895,0.02742205,0.04171161,0.24814768,0.008466423,0.030786714,2,,,,0.026495062,Test
3157,0,1.067403,3.3952727,2.3479111,-3.8943012,-2.041424,-1.3975877,-8.342087,-13.252692,0.06670541,0.6841355,0.2400373,0.00046700388,0.0029786169,0.005670603,5.466023e-06,4.0273836e-08,1,,,,1.2019496,1.2786056,2.9376302,1.9838394,-3.245512,-2.7341506,-1.3377682,-7.9163246,-12.582182,0.11965461,0.57668173,0.28094906,0.001725944,0.0030556605,0.017885102,4.7047164e-05,7.8902286e-07,1,,,,0.06844781,Test
3158,0,-1.4787447,1.1940488,4.351522,-3.8292816,-1.2625245,1.0683874,-9.937009,-13.661707,0.0027024304,0.039132193,0.92004126,0.00025759032,0.0033547322,0.034511205,5.73294e-07,1.3828057e-08,2,,,,0.5149062,-1.4542528,1.1594082,4.4890194,-3.8178856,-1.3592048,1.1372994,-10.385337,-14.310097,0.006969047,0.06395085,0.8798299,0.00035395555,0.0028949373,0.04599965,1.7166152e-06,3.9271203e-08,2,,,,0.028621744,Test
3159,0,-3.1110013,0.7119147,6.293083,-3.8112874,-0.29504538,0.62426895,-10.390053,-12.605826,8.167468e-05,0.003735585,0.99135536,4.0546856e-05,0.0013647134,0.0034221152,5.6342415e-08,6.145211e-09,2,,,,0.0852636,-3.4493415,0.6946306,6.5679245,-3.7929688,-0.05952149,1.1347227,-10.745182,-12.846642,0.00014821766,0.0037201834,0.9874876,6.686854e-05,0.002863887,0.0057130605,1.8442151e-07,5.4534354e-08,2,,,,0.003018848,Test
3160,0,-3.2523415,-2.4929695,3.212828,-2.2824006,0.34894907,-2.6816564,-3.4657106,2.32774,0.0010499085,0.0022435854,0.67443305,0.002769436,0.038474426,0.0018577905,0.000848177,0.2783236,2,,,,1.1568006,-3.372849,-2.4919448,3.4346948,-2.3626478,0.59421754,-2.744113,-3.7951183,2.2244773,0.0009613538,0.002480311,0.7191611,0.0025219328,0.044495847,0.0018254077,0.0007023498,0.2278517,2,,,,0.022506358,Test
3161,0,3.4122896,1.5067874,-0.6549195,-2.274662,-2.3747516,-3.252441,-4.2211814,-8.970896,0.8517211,0.12669174,0.014585822,0.0028872585,0.0026122658,0.0010860297,0.00041221431,3.5673716e-06,0,,,,0.72595984,3.6882432,1.680309,-0.81158555,-2.274756,-2.4966812,-3.166632,-4.0411186,-9.425119,0.8383374,0.14352879,0.0113153905,0.0023396127,0.0022917015,0.0016413375,0.0005434003,2.2721365e-06,0,,,,0.027559932,Test
3162,0,-3.6376786,-0.38250244,6.046183,-3.0149572,0.15753411,0.99394566,-8.655593,-10.570349,6.160539e-05,0.001597069,0.98915964,0.00011483209,0.0027406816,0.006325684,4.0772372e-07,6.008949e-08,2,,,,0.10229926,-3.3708348,-0.67127335,5.7038107,-2.7138362,0.09356032,0.75027084,-8.168086,-10.114015,0.0009460016,0.0055881897,0.9760844,0.0004373278,0.0060063824,0.010925961,1.1148344e-05,4.372244e-07,2,,,,0.007633008,Test
3163,0,-3.6892784,-1.6967604,2.409298,-2.0730736,-0.5548261,1.1966399,-3.7461576,-2.635185,0.0016186634,0.011871246,0.72066706,0.0081482725,0.037190497,0.21433051,0.0015291648,0.004644548,2,,,,1.191242,-3.6413586,-1.606103,2.4649534,-2.159289,-0.42972922,1.1514412,-3.8975887,-2.705945,0.0023066443,0.0157702,0.7119018,0.008560839,0.042537145,0.21273606,0.0016256955,0.0045616636,2,,,,0.033599634,Test
3164,0,-4.942516,-2.1036594,4.8384795,-2.5461607,0.046846904,2.6291785,-6.8388886,-5.959093,5.0471608e-05,0.00086287316,0.8930576,0.00055433327,0.007411393,0.0980375,7.5764e-06,1.8262199e-05,2,,,,0.5425604,-5.1170144,-1.6907924,4.900715,-2.7157362,0.2646851,2.6985412,-7.0390778,-6.210002,9.80609e-05,0.0027850445,0.8751219,0.0009602769,0.011574554,0.10940453,2.036325e-05,3.517969e-05,2,,,,0.017314103,Test
3165,1,-3.1947813,-0.9593524,3.0466185,-2.1906793,-0.56069773,0.6950137,-4.2964334,-4.088217,0.0016942554,0.01584212,0.8701304,0.004624393,0.023601891,0.08285055,0.00056303764,0.00069336954,2,,,,0.7594661,-3.2930694,-0.8622099,2.8698301,-2.0981903,-0.7611941,1.15756,-4.1570992,-4.379625,0.002514379,0.0227185,0.7885805,0.0068678847,0.02183845,0.15552048,0.0012108856,0.0007489702,2,,,,0.020625709,Test
3166,0,-1.4332273,0.8175866,4.113087,-2.9140677,-0.882931,-0.37637705,-7.4911695,-10.094374,0.00368151,0.034957625,0.94353855,0.0008373462,0.006382876,0.010592784,8.611822e-06,6.375849e-07,2,,,,0.40276828,-1.1621885,0.8495976,3.8746743,-2.8023777,-1.167916,-0.44854242,-7.0545692,-9.886607,0.008438152,0.060093068,0.90759075,0.0017258242,0.006551818,0.015564201,3.3936605e-05,2.1507692e-06,2,,,,0.01678253,Test
3167,1,-3.9858398,-2.8173332,3.5510182,-2.4414673,0.76800984,-1.9193804,-4.1343975,2.1373174,0.000405528,0.0013046585,0.7607409,0.0018999114,0.04705346,0.0032023785,0.000349545,0.1850437,2,,,,1.0228187,-4.0344973,-2.6615758,3.4748795,-2.3974378,0.79105866,-1.8884487,-4.05248,2.404714,0.0004512532,0.0017055493,0.6859154,0.00222089,0.04965771,0.0039278693,0.00048665912,0.25563464,2,,,,0.028629716,Test
3168,0,6.4619274,0.9351184,-2.4987903,-0.95200133,-3.5932457,-5.3918314,-3.1338718,-10.678653,0.9951953,0.0039595477,0.00012773735,0.0005999014,4.2756506e-05,7.0776046e-06,6.768705e-05,3.5797225e-08,0,,,,0.048267126,6.5703583,0.78734684,-2.44459,-0.8667989,-3.6386654,-5.7702804,-2.9990423,-10.768824,0.9954109,0.0035070986,0.00020799812,0.0006569029,7.941428e-05,1.1122803e-05,0.00012644961,1.204177e-07,0,,,,0.00062164344,Test
3169,0,-2.8172395,0.97445625,5.6108265,-3.2227564,-0.7956307,0.8715561,-8.925125,-12.648829,0.00021426144,0.009498537,0.97995627,0.00014283361,0.0016177738,0.008569743,4.7678557e-07,1.1511696e-08,2,,,,0.17072731,-2.7522976,1.2300874,5.5848093,-3.541699,-0.79009837,1.0789373,-9.25346,-13.115068,0.0007143191,0.024800781,0.9547536,0.00019477434,0.0022986562,0.017236864,1.0654327e-06,1.9551312e-08,2,,,,0.010561714,Test
3170,0,-2.904062,0.5789892,4.5470786,-3.0307822,-0.5883687,1.2124661,-7.550924,-9.890136,0.00054711965,0.01781362,0.94204456,0.00048200143,0.005543384,0.033563536,5.2477812e-06,5.059052e-07,2,,,,0.4019029,-2.702728,0.76734686,4.488157,-2.9972112,-0.3304576,0.9850575,-7.519252,-9.899481,0.0012584362,0.033357106,0.9241632,0.0006880112,0.009349337,0.031173155,8.741575e-06,1.9366228e-06,2,,,,0.011680182,Test
3171,1,-3.3196485,0.102486104,6.4694157,-3.3679361,-0.030006288,0.51146466,-9.485543,-11.647566,5.5731587e-05,0.0017073231,0.99411833,5.3104395e-05,0.0014954605,0.0025699981,1.17027376e-07,1.3468926e-08,2,,,,0.061850045,-2.7621694,0.2804666,6.603181,-3.6119022,-0.052925896,0.37190095,-9.462694,-12.01651,0.00047910959,0.007272607,0.9862343,0.00010703659,0.002483047,0.0034225427,1.4362176e-06,5.7424767e-08,2,,,,0.004662469,Test
3172,0,-4.5892,-1.5132836,3.3955035,-2.1700184,-0.77433056,3.4999352,-5.677851,-6.301107,0.00015937856,0.00345369,0.46788874,0.001790883,0.0072311372,0.5193937,5.3658056e-05,2.87712e-05,5,,,,1.1027892,-4.5485926,-1.3722044,3.2338696,-2.0181067,-0.74795836,3.6032608,-5.4642735,-6.30622,0.00028913844,0.0050697513,0.4084342,0.0030067991,0.007365701,0.57566845,0.00012638516,3.9617236e-05,5,,,,0.042678304,Test
3173,0,-3.4021878,-0.014580207,7.0825863,-3.5251265,-0.08079168,0.42646545,-10.030393,-12.939919,2.787696e-05,0.00082502,0.997068,2.4652085e-05,0.0007721637,0.0012823549,3.686821e-08,2.0093731e-09,2,,,,0.03377783,-3.456508,0.15804073,7.126905,-3.7231033,-0.43536425,0.123477004,-10.329309,-13.562955,6.4305554e-05,0.0048717055,0.9926346,4.0375857e-05,0.00063914515,0.0017496264,2.8244605e-07,7.610746e-09,2,,,,0.0033946855,Test
3174,0,-3.6696522,-1.8391728,2.1752102,-2.0017784,-0.526588,1.538022,-3.7578983,-2.3103843,0.0017585658,0.010967955,0.60750544,0.009321956,0.040754367,0.32123497,0.00161003,0.006846697,2,,,,1.3658012,-3.560101,-1.6317428,2.1613052,-1.8832304,-0.52005863,1.3500593,-3.7479281,-2.3547528,0.002605602,0.015904734,0.619183,0.012039298,0.046329476,0.29148525,0.002317062,0.010135496,2,,,,0.033911575,Test
3175,0,2.3544965,0.6681178,-0.61833906,-1.9850395,-2.1091213,-1.7772995,-3.795548,-7.523676,0.7817699,0.14477512,0.03999382,0.010196297,0.009006465,0.0125505505,0.0016678176,4.0090676e-05,0,,,,1.0909569,2.4548948,1.1372257,-0.61077994,-1.7759584,-1.9054524,-1.7516245,-3.6429908,-7.532688,0.7005462,0.22380106,0.038729236,0.010601907,0.010142775,0.014335053,0.0017878257,5.5951772e-05,0,,,,0.04473189,Test
3176,1,-4.80281,-2.2663097,5.490066,-2.4167879,0.7517193,1.1539549,-6.641262,-5.642235,3.312199e-05,0.00041850875,0.9778129,0.00036004174,0.008558901,0.012796955,5.268497e-06,1.4307334e-05,2,,,,0.18053593,-4.884548,-2.426472,5.5702987,-2.5044618,0.87375814,1.172612,-7.097516,-5.722641,4.644519e-05,0.00047228127,0.9706977,0.00045135833,0.011417504,0.016886305,6.982209e-06,2.1444199e-05,2,,,,0.006083589,Test
3177,0,1.9313887,0.1717609,0.66227955,-2.1673245,-0.9185737,-3.157801,-4.130184,-5.9980545,0.6508361,0.11201469,0.18293825,0.010799982,0.037648585,0.0040111113,0.0015169242,0.00023429237,0,,,,1.5029987,1.9824216,0.47948036,0.5762262,-2.1511488,-1.0084127,-3.091647,-4.4519744,-5.9621787,0.6232971,0.15217485,0.16390716,0.01144539,0.04210437,0.005575761,0.0012014298,0.00029398175,0,,,,0.03965654,Test
3178,0,-0.35537627,-0.6535674,1.4629455,-2.0171714,-0.03930536,-2.0185955,-2.8845196,-1.9323406,0.10059299,0.07465605,0.6198046,0.019092344,0.13798617,0.019065175,0.008020007,0.020782646,2,,,,1.824737,-0.33241898,-0.5759962,1.3141619,-1.9407625,-0.08429746,-2.0001912,-2.7378938,-1.9565496,0.12104128,0.08961228,0.56748646,0.022355424,0.14240673,0.023027048,0.010756186,0.023314644,2,,,,0.029529272,Test
3179,0,-3.76979,-2.1193025,3.1743455,-2.4651215,0.46578777,-0.6447375,-4.1669087,-0.13591649,0.00084937195,0.004424821,0.88084143,0.0031311812,0.058692977,0.019332636,0.000570994,0.032156534,2,,,,0.7463091,-3.692202,-2.241763,3.014728,-2.3767715,0.4234293,-0.7047778,-4.068977,-0.2969356,0.0013032871,0.004794288,0.85971963,0.004346068,0.06929352,0.024311904,0.00088458013,0.03534676,2,,,,0.01397454,Test
3180,0,-4.2737393,-0.9552083,6.812333,-3.1121752,0.14195237,1.290415,-9.348807,-11.076344,1.5236599e-05,0.0004208312,0.99427915,4.867985e-05,0.0012606625,0.0039752983,9.523886e-08,1.6926032e-08,2,,,,0.057737168,-4.274483,-1.0004742,6.8029184,-3.0288408,0.14024663,1.123811,-9.323925,-9.690591,4.4413875e-05,0.0014184816,0.9922048,6.867029e-05,0.0016733045,0.0045896806,3.1006772e-07,3.822848e-07,2,,,,0.001574776,Test
3181,0,-2.3901002,-1.0842482,2.467335,-2.3330233,-0.20892726,-1.5298804,-3.687617,-0.58950716,0.006579376,0.024283372,0.8467243,0.0069658305,0.05827149,0.015551542,0.0017975472,0.03982652,2,,,,0.965079,-2.4225645,-1.2623355,2.4692907,-2.222719,-0.2300041,-1.4161638,-3.5171685,-0.6572584,0.0073039294,0.021790918,0.84180224,0.008679278,0.057295453,0.018547587,0.002533838,0.042046797,2,,,,0.009850234,Test
3182,0,-4.1222053,-1.7461065,2.8011246,-2.3834841,-0.008915646,1.9149255,-5.1346564,-3.1461217,0.0006596287,0.0070994725,0.66998255,0.0037533292,0.04033467,0.27617994,0.00023966114,0.0017506814,2,,,,1.1934247,-4.0215917,-1.63355,2.69093,-2.360564,0.09149884,2.1300783,-5.1702623,-3.0843184,0.00076936895,0.0083395075,0.58895874,0.003952638,0.045132603,0.35035086,0.0003067956,0.0021895228,2,,,,0.040962998,Test
3183,0,-1.5759275,0.78609806,3.5532167,-3.497468,-0.11137654,0.22578834,-7.777348,-8.890621,0.0052350624,0.055556715,0.8840583,0.00076631503,0.02264479,0.031724673,1.0609118e-05,3.484903e-06,2,,,,0.718358,-1.716013,0.6389295,3.4880471,-3.4116058,0.4512094,0.55679977,-7.6485567,-8.976863,0.0059027104,0.06542699,0.83386815,0.000979627,0.04637881,0.047415208,2.1450329e-05,7.10344e-06,2,,,,0.025272155,Test
3184,0,-6.65384,-3.1014435,8.514278,-2.1642673,1.7700177,1.2866772,-8.070165,-9.627911,2.5806537e-07,9.00567e-06,0.99806744,2.298933e-05,0.0011753431,0.0007248575,6.260776e-08,1.3185825e-08,2,,,,0.022297524,-6.4615326,-3.3502707,8.161497,-1.9871448,1.6005125,1.0425867,-7.695362,-9.744804,1.2329939e-06,3.1351723e-05,0.99656945,6.8797104e-05,0.0021859736,0.0011427298,4.858056e-07,3.5709867e-08,2,,,,0.0006109846,Test
3185,0,8.386074,2.4449794,-2.898856,-1.3479358,-4.6090746,-7.004038,-4.5595336,-14.263077,0.9973015,0.0026220558,1.2526898e-05,5.907446e-05,2.2651925e-06,2.0653127e-07,2.3802377e-06,1.4535342e-10,0,,,,0.027497532,8.843976,2.6756487,-3.3923278,-1.1465073,-4.475875,-7.2989235,-4.3632045,-14.395658,0.993755,0.0061301617,1.6375057e-05,8.827403e-05,5.0510857e-06,7.5243173e-07,4.450907e-06,5.0075655e-10,0,,,,0.002630205,Test
3186,1,3.64836,4.456278,-0.17190014,-3.6275065,-3.1348627,-2.9697044,-7.1428366,-13.224894,0.30596614,0.68635315,0.0067074187,0.00021174092,0.00034654298,0.0004087751,6.296747e-06,1.4378463e-08,1,,,,0.9551404,3.910232,4.620577,-0.40479025,-3.6875825,-3.4623775,-3.1411257,-7.066199,-13.063536,0.33504742,0.6534563,0.010210769,0.00020117164,0.00034235214,0.00073311577,8.868613e-06,4.3877417e-08,1,,,,0.043353643,Test
3187,0,-3.5163827,-2.1484528,3.328103,-2.3514302,0.54759854,-1.3728299,-4.1771526,0.5780691,0.000931028,0.003656345,0.8739471,0.002984663,0.054191027,0.007941378,0.0004808327,0.05586768,2,,,,0.75502086,-3.5808651,-1.9746943,3.3376446,-2.3671503,0.53987974,-1.3874176,-4.2547684,0.37795165,0.0012558417,0.005340911,0.8713962,0.003800384,0.055397104,0.008755068,0.00083920767,0.053215377,2,,,,0.013773363,Test
3188,0,-3.980607,-1.8258424,0.47236687,-0.92620397,-2.2095757,3.4315288,-2.2188356,-4.0865397,0.0005601377,0.0048316712,0.04810573,0.011879694,0.0032918795,0.92756546,0.0032615382,0.00050383573,5,,,,0.4900162,-3.7823532,-1.6878687,0.4864459,-0.7376001,-2.131311,3.190872,-1.9496466,-4.004442,0.0013742093,0.008524053,0.07506763,0.022775795,0.0064855525,0.8766465,0.0076900544,0.0014362901,5,,,,0.022973752,Test
3189,0,8.810675,-3.7351837,-2.6749778,1.9990554,-4.4818153,-8.025763,-2.164874,-10.568777,0.99886775,3.5555838e-06,1.0264844e-05,0.0010996623,1.6852057e-06,4.8700812e-08,1.7095734e-05,3.829297e-09,0,,,,0.01297965,8.793031,-3.6401203,-2.92874,1.6784624,-4.448823,-8.219038,-1.8596287,-10.411478,0.9982278,9.829959e-06,1.6833692e-05,0.0016267471,3.8575486e-06,1.45818e-07,0.00011471859,4.1941455e-08,0,,,,0.00059100246,Test
3190,0,-2.730799,0.32145765,4.2664433,-2.979835,-0.42481968,0.79354006,-7.3773227,-8.706288,0.00086167315,0.018235624,0.94233674,0.0006717187,0.008646027,0.029237714,8.267661e-06,2.188872e-06,2,,,,0.41038015,-2.351089,0.37389484,4.170743,-2.611487,-0.14003798,0.66310567,-7.3528748,-8.039741,0.0023068723,0.031351782,0.9200164,0.0014508257,0.01391266,0.030936787,1.5724981e-05,9.024787e-06,2,,,,0.011804206,Test
3191,0,-0.33130267,0.765402,1.6577759,-2.776866,-0.83657485,-0.6298684,-5.1234703,-6.0989833,0.078453526,0.23491202,0.5734008,0.0068001393,0.047334254,0.058203213,0.00065072946,0.0002453243,2,,,,1.7449948,-0.16938105,1.1352875,1.5470974,-2.754853,-0.8642473,-0.81012505,-5.249842,-6.3448577,0.093873605,0.32226938,0.48208675,0.0072645,0.044273302,0.049222138,0.0007367847,0.00027351122,2,,,,0.050522756,Test
3192,0,7.3953834,3.2940328,-2.7260916,-2.2840374,-4.270014,-6.3895135,-4.870794,-13.975978,0.98360586,0.016278977,3.9547613e-05,6.153216e-05,8.445071e-06,1.0141833e-06,4.6311416e-06,5.1446647e-10,0,,,,0.12185145,7.6997976,3.2798188,-2.797694,-2.3977685,-4.1229753,-6.2313404,-5.2526774,-13.703897,0.9777357,0.022098793,7.069972e-05,6.857411e-05,1.9892901e-05,2.2441234e-06,4.0132754e-06,2.4043199e-09,0,,,,0.005985165,Test
3193,0,-0.895432,0.18782929,0.8089227,-2.1578002,-1.0322868,-0.61408657,-2.9663215,-3.2928967,0.08231029,0.24316919,0.45252857,0.023292419,0.07178256,0.10905383,0.010377155,0.0074859755,2,,,,2.1792731,-0.99413455,0.22515304,1.0242155,-2.1258397,-1.0530665,-0.6340775,-3.0300746,-3.4499817,0.07384608,0.23696582,0.49103227,0.022972148,0.061655127,0.097218886,0.010580162,0.005729562,2,,,,0.035992723,Test
3194,0,-2.6013978,0.61139804,5.5242114,-3.247845,-1.2659441,0.667538,-9.264044,-13.654397,0.0002910034,0.00723099,0.98357034,0.0001524578,0.0011063139,0.0076485486,3.718327e-07,4.609373e-09,2,,,,0.14492841,-3.124048,0.33008996,5.9873414,-3.7322927,-1.5108402,0.25683504,-9.542245,-14.048848,0.0003231605,0.00515158,0.98811513,0.00015597462,0.00082999904,0.005422704,1.4256557e-06,3.5301646e-08,2,,,,0.0026039295,Test
3195,0,-3.3335524,-0.41336817,5.118992,-2.5431712,-0.46512493,1.352081,-7.5915174,-9.585194,0.00020683656,0.0038357226,0.9694393,0.00045591683,0.0036422475,0.022416715,2.9269586e-06,3.9863372e-07,2,,,,0.23418297,-3.401286,-0.43206254,5.1229873,-2.771447,-0.29749545,1.4806885,-7.886483,-9.548047,0.0003243838,0.0046603545,0.95851594,0.0005446878,0.004672467,0.031275697,5.4642096e-06,9.30824e-07,2,,,,0.0061914604,Test
3196,0,2.0773869,0.3142081,0.6091774,-2.2433128,-1.3913666,-3.811906,-4.335086,-6.330769,0.6892199,0.11820041,0.1587532,0.009160132,0.021473229,0.0019084045,0.0011309836,0.00015372422,0,,,,1.3670025,2.6382208,0.36590797,0.51513207,-2.082912,-1.4630893,-4.030911,-4.3721075,-6.6361685,0.7538439,0.09222183,0.12665534,0.007651682,0.01655739,0.0019261563,0.0008796661,0.00026402497,0,,,,0.042919233,Test
3197,0,0.39194378,2.177775,4.332964,-3.2777119,-1.93004,-1.609737,-9.586046,-16.052265,0.017037416,0.101620264,0.8769343,0.00043420272,0.00167101,0.0023018913,7.9071094e-07,1.2296303e-09,2,,,,0.6419119,0.45698303,2.194214,4.823506,-3.4799209,-2.0679135,-1.8647273,-10.280456,-16.718082,0.013347298,0.119664,0.8640562,0.00027905015,0.0010682223,0.001584511,6.68041e-07,1.6640055e-09,2,,,,0.03396602,Test
3198,0,5.525978,0.23936692,-1.7044407,-0.6877046,-3.2959492,-4.595502,-3.2202191,-10.00114,0.9919337,0.005018069,0.0007183758,0.0019857043,0.00014627443,3.988226e-05,0.00015778207,1.7911877e-07,0,,,,0.07969027,4.677164,0.54144466,-1.4673196,-0.9117691,-3.3094265,-4.1752644,-3.1692116,-9.446077,0.9649881,0.022482473,0.0040748836,0.0057749655,0.0011700644,0.0006099128,0.0008937206,5.837664e-06,0,,,,0.0080580395,Test
3199,0,-3.204935,0.3981748,6.4402547,-3.6700776,-0.37573582,0.5493946,-10.170451,-13.352965,6.432822e-05,0.002361631,0.9936971,4.0401028e-05,0.0010891984,0.002747173,6.071778e-08,2.5186486e-09,2,,,,0.065251805,-3.8587716,0.11601226,6.4294877,-3.6577067,-0.6255063,0.49123612,-10.511236,-12.9226,0.00017202995,0.0040781763,0.9901846,9.032213e-05,0.0012831663,0.0041915695,1.9024911e-07,1.5747204e-08,2,,,,0.002288377,Test
3200,0,-0.19406629,0.55033654,1.0267853,-2.5306113,-1.2808241,-1.268947,-3.81124,-4.658692,0.1368189,0.28802893,0.46382606,0.013225056,0.046150155,0.04670155,0.0036747477,0.001574649,2,,,,1.9620667,-0.25112796,0.6401555,1.2238637,-2.5249183,-1.246062,-1.1678985,-3.9574108,-4.7124853,0.11757834,0.28602892,0.48728943,0.012800504,0.04209007,0.049341716,0.0033415756,0.0015294573,2,,,,0.041547813,Test
3201,0,11.07884,-4.435052,-4.036841,4.7596083,-6.546443,-7.1975236,-1.9928981,-13.939517,0.99819934,1.8264994e-07,2.719948e-07,0.0017980828,2.2113344e-08,1.15317045e-08,2.1000687e-06,1.3610785e-11,0,,,,0.019043256,11.348681,-4.745557,-4.373043,5.0181274,-6.859825,-7.199111,-2.017638,-13.559942,0.9962468,2.5946918e-06,9.631236e-07,0.0037454416,7.1155e-08,1.6156994e-07,3.9230954e-06,5.342676e-10,0,,,,0.0009900599,Test
3202,0,3.491441,1.7630424,-0.43819505,-1.9911797,-2.6590996,-3.4973617,-4.2714796,-8.823431,0.82997066,0.14737669,0.016309608,0.0034513643,0.0017697706,0.0007653572,0.0003529143,3.7220473e-06,0,,,,0.7835615,3.4272385,2.137178,-0.33572018,-2.2422209,-2.430784,-3.7629066,-4.3403444,-8.584389,0.74532807,0.22522478,0.02146673,0.0029172539,0.0038966234,0.0006329076,0.0005232919,1.03395105e-05,0,,,,0.034345668,Test
3203,0,-0.790079,1.7527869,4.208825,-3.5668643,-1.0179632,-0.68875,-8.725141,-12.223148,0.0061000846,0.07756906,0.90434134,0.00037965883,0.004856987,0.006750601,2.183647e-06,6.6072e-08,2,,,,0.5525294,-0.7885097,1.9398705,4.1593013,-3.7658997,-0.97014856,-1.4780228,-8.94181,-12.453887,0.010989459,0.16952924,0.80538845,0.00040953327,0.005527584,0.008150706,4.773113e-06,2.2823913e-07,2,,,,0.06044995,Test
3204,0,-0.72500336,1.6144218,3.37362,-3.2475848,-0.58433414,-1.0071152,-7.2907257,-10.395241,0.0135833565,0.140931,0.81849605,0.0010900937,0.015635038,0.01024442,1.912274e-05,8.575833e-07,2,,,,0.8917004,-0.870155,1.8974085,3.8043423,-3.6131814,-0.13886054,-1.0741891,-7.714186,-10.61473,0.009186089,0.16244522,0.80133617,0.00059729314,0.019475106,0.0069429697,1.5653535e-05,1.5208109e-06,2,,,,0.036904223,Test
3205,0,-2.7583306,-0.5244809,2.9715254,-2.5877435,-0.54811716,1.4350306,-5.563134,-5.8687587,0.0025321937,0.023639895,0.77972555,0.003003184,0.023087686,0.16774537,0.000153245,0.000112889895,2,,,,1.015613,-2.9379704,-0.46147728,3.257003,-2.7042558,-0.59167683,1.5263951,-5.7587924,-6.105288,0.0019879977,0.021717142,0.8013031,0.0022074406,0.018232446,0.15432629,0.00012219648,0.00010348087,2,,,,0.017342312,Test
3206,1,0.55020076,1.4527855,1.0470341,-3.08427,-1.4060299,-1.3040074,-5.2998934,-7.009098,0.18391673,0.4535329,0.30226874,0.004855016,0.026004052,0.028797103,0.0005296118,9.586486e-05,1,,,,1.8170418,0.8506276,1.4850855,0.69742924,-3.1314797,-1.7062572,-1.3682063,-4.977005,-6.9558945,0.26206106,0.44481903,0.22775991,0.0047163544,0.02179968,0.03776873,0.0009014124,0.0001738499,1,,,,0.043676425,Test
3207,0,3.4995518,3.7228632,0.55811423,-3.30244,-3.5020878,-3.7141743,-7.338315,-13.9107685,0.43369317,0.5422075,0.02289457,0.00048207567,0.00039482917,0.0003193752,8.5183765e-06,1.1911766e-08,1,,,,1.1399019,3.063075,3.3560023,0.70303226,-3.3713672,-3.4542394,-3.238608,-7.5363264,-14.194679,0.40226308,0.4867119,0.10728015,0.0010105973,0.00079875253,0.0019013757,3.4144792e-05,3.886128e-08,1,,,,0.06979308,Test
3208,0,9.090224,5.14917,-2.3167892,-2.6854553,-5.4716372,-7.3739653,-7.115384,-19.424673,0.9809238,0.019057114,1.0905172e-05,7.5426265e-06,4.6504968e-07,6.9395064e-08,8.987294e-08,4.0529675e-13,0,,,,0.13646188,8.994117,4.777586,-2.5520396,-2.442052,-5.506099,-7.548944,-7.0175157,-18.941906,0.97757703,0.02235352,4.3893426e-05,1.94313e-05,4.4795534e-06,5.7786156e-07,1.069372e-06,5.121307e-11,0,,,,0.007118266,Test
3209,0,-1.789447,1.3504145,4.823301,-3.535052,-1.1559715,0.5162227,-9.378746,-13.848247,0.0012808744,0.029589048,0.95364416,0.000223563,0.0024133557,0.012848309,6.479113e-07,7.4205575e-09,2,,,,0.33231163,-1.9964644,1.0832932,4.4038053,-3.6276479,-1.2622128,1.0336055,-9.408884,-14.217667,0.0030569637,0.05581479,0.90150833,0.0004978505,0.00431819,0.03480094,2.8083107e-06,1.0533105e-07,2,,,,0.020689167,Test
3210,0,6.8618054,5.707775,-1.8635633,-3.12045,-4.7081323,-5.705596,-6.9122453,-17.436533,0.7601177,0.23971315,0.00012345295,3.512709e-05,7.1799386e-06,2.6480584e-06,7.922945e-07,2.1293486e-11,0,,,,0.79705065,7.1138964,5.429533,-2.4044456,-3.4332836,-4.7625365,-5.9090195,-7.128657,-18.125423,0.7501689,0.24906877,0.00054070615,0.000104805324,0.000105037834,8.578734e-06,3.2334633e-06,1.0677731e-09,0,,,,0.06626138,Test
3211,0,1.5671334,2.0505664,0.21265472,-2.5209417,-2.3494556,-0.80607283,-4.821622,-9.162818,0.33208495,0.53851956,0.08570508,0.0055695563,0.006611442,0.030944165,0.0005580176,7.265917e-06,1,,,,1.5636723,1.4179394,2.171168,0.32818553,-2.4409301,-2.3192239,-0.70760375,-4.9600916,-8.899908,0.26666546,0.5670096,0.10927783,0.006602753,0.007966152,0.04166573,0.0007808198,3.155968e-05,1,,,,0.04105042,Test
3212,0,-0.28157505,0.6178718,1.2489836,-2.4348593,-0.83556074,-0.93121654,-4.0154552,-4.537178,0.107180275,0.26347518,0.4952541,0.012443869,0.061591666,0.055973083,0.0025616006,0.0015203028,2,,,,1.9498872,-0.22245467,0.60864127,1.388236,-2.606087,-0.6645737,-1.0061703,-3.945106,-4.5316954,0.10806459,0.24571419,0.51317805,0.010005781,0.06785728,0.05074632,0.0028881242,0.0015456518,2,,,,0.033866223,Test
3213,0,-4.553954,-0.43147305,7.3834424,-3.3681087,-0.028176187,1.7456303,-10.258454,-13.10991,6.511225e-06,0.00040182192,0.99542457,2.1314208e-05,0.00060142745,0.0035443585,2.168851e-08,1.2527323e-09,2,,,,0.046849392,-5.46177,-1.00563,7.970259,-3.6773243,-0.4541304,1.8455598,-10.691969,-13.594582,3.6339556e-05,0.00061220967,0.995149,3.4749806e-05,0.0005748434,0.0035925724,2.0908435e-07,1.3338344e-08,2,,,,0.0010844417,Test
3214,0,-3.9705186,-1.8261194,1.5775557,-1.2319417,-1.5359511,0.9970558,-2.430229,-1.8089458,0.0022213133,0.018963153,0.5703059,0.034352526,0.025347143,0.3191538,0.010364516,0.019291636,2,,,,1.5956514,-4.061586,-1.9058626,1.526803,-1.1970835,-1.4931086,0.98901117,-2.4796035,-1.7471263,0.0023812386,0.019047284,0.54974544,0.038381785,0.028713282,0.3263266,0.011539629,0.0238647,2,,,,0.02526843,Test
3215,0,-1.1877704,1.3909818,4.235322,-3.32149,-1.1377083,0.10809176,-8.688435,-12.649014,0.00407193,0.0536708,0.9226126,0.00048210044,0.0042809686,0.014879423,2.2506254e-06,4.287906e-08,2,,,,0.49538103,-0.7523205,1.7647015,4.134721,-3.1968293,-0.9394593,-0.14911404,-8.607626,-12.654711,0.008101342,0.089068115,0.88019526,0.0012714164,0.0065343766,0.01482031,8.953167e-06,2.7136724e-07,2,,,,0.013225046,Test
3216,0,0.786384,0.6922485,0.62142986,-2.5058973,-1.2832172,-1.1927261,-4.147747,-5.8368173,0.32592237,0.29664132,0.27636018,0.012114197,0.04114318,0.04503992,0.0023455692,0.0004332059,0,,,,2.0532753,0.6882632,0.604847,0.82357025,-2.5037992,-1.2893639,-1.2198,-4.3691607,-5.7487183,0.2909637,0.27555057,0.3291131,0.011873273,0.041284975,0.048709027,0.002014184,0.0004911238,2,,,,0.045244765,Test
3217,0,-4.119026,-1.6635875,1.4902203,-1.6103299,-1.5850079,3.8669772,-3.402099,-5.263654,0.00030746762,0.0035824724,0.083919756,0.0037784376,0.0038753368,0.9038089,0.0006297336,9.787995e-05,5,,,,0.53402495,-4.3072376,-1.5149505,1.2850952,-1.8914152,-1.4936032,3.7487133,-3.648943,-4.736263,0.000557797,0.007021345,0.08412127,0.0047689676,0.0063613104,0.8953186,0.0015695905,0.00028102467,5,,,,0.011627924,Test
3218,0,-1.3651317,1.8212495,4.439542,-3.5112689,-1.3942401,0.6714998,-9.112626,-13.458635,0.0027337265,0.066158086,0.9071787,0.0003196684,0.002655299,0.020953326,1.1804867e-06,1.5297232e-08,2,,,,0.55328333,-1.401359,1.9976952,4.260274,-3.59691,-1.8243072,0.79462415,-9.231425,-13.147383,0.005619211,0.16216746,0.78365624,0.00053054874,0.002209252,0.045815047,2.1847752e-06,2.9166605e-08,2,,,,0.05309881,Test
3219,0,-4.164952,-1.1671828,5.427281,-2.301253,0.2592579,1.1632049,-6.6922216,-7.492048,6.6810746e-05,0.0013389388,0.97881365,0.00043076504,0.005575144,0.013766871,5.3366257e-06,2.3983184e-06,2,,,,0.1757559,-4.27928,-1.2303627,5.480473,-2.5343986,-0.015304799,0.98524463,-6.70269,-7.5168924,9.751068e-05,0.0013790674,0.97441167,0.0004935887,0.004836147,0.01876685,7.434861e-06,7.6252095e-06,2,,,,0.008134289,Test
3220,0,-4.7152886,-2.5545466,4.4316216,-1.6638128,0.12119444,0.22710073,-4.5003834,-2.382311,0.00010315772,0.00089515856,0.96817565,0.0021814273,0.013000481,0.014452867,0.00012788914,0.0010634104,2,,,,0.25684172,-4.4429073,-2.564196,4.333783,-1.6967684,0.27955204,0.1718476,-4.5455756,-2.2241797,0.00020797299,0.0014303973,0.9582671,0.0025885832,0.019195288,0.01633892,0.0001850084,0.0017866467,2,,,,0.0049752975,Test
3221,0,1.5676003,2.6602979,0.76874965,-2.8940692,-2.0913491,-1.4785371,-5.8814187,-9.547975,0.22135668,0.66015387,0.09957636,0.002555137,0.0057020513,0.010523786,0.00012883231,3.2935145e-06,1,,,,1.343863,1.6956298,3.0388954,0.9616167,-2.9216993,-2.0547304,-1.4988813,-5.9151363,-10.032886,0.19138493,0.6899618,0.10109259,0.0021514366,0.0054966803,0.009794032,0.00011522693,3.361317e-06,1,,,,0.029833226,Test
3222,0,-1.0296311,-1.1317834,2.4026513,-2.2318678,0.1595634,-3.0917544,-3.7121294,-1.1672236,0.026665194,0.02407579,0.825213,0.008013459,0.08758008,0.0033913762,0.0018236885,0.023237487,2,,,,1.0316119,-1.1818713,-1.3465005,2.320987,-2.305876,0.038393207,-3.1156504,-3.9243076,-1.2001894,0.030534938,0.024693778,0.8106499,0.010010907,0.08786329,0.00398067,0.0020850115,0.03018156,2,,,,0.021613177,Test
3223,0,-7.277565,-3.363455,8.761739,-3.1255424,2.9697273,2.4456315,-10.325702,-9.269468,1.0767351e-07,5.394919e-06,0.99515235,6.8439817e-06,0.0030370436,0.0017982043,5.108807e-09,1.469046e-08,2,,,,0.048988845,-7.9244666,-3.609382,9.068457,-3.3801074,2.824898,2.4470391,-10.447389,-9.039331,7.620513e-07,3.1507065e-05,0.9942179,8.931772e-06,0.0037706874,0.0019698828,1.8393497e-08,2.792158e-07,2,,,,0.0013367821,Test
3224,0,-3.7048361,-0.453699,5.352493,-3.0420468,0.29068154,1.1573167,-8.051389,-8.93438,0.000113718605,0.0029361788,0.97584224,0.00022063646,0.006181058,0.0147040775,1.4728143e-06,6.090733e-07,2,,,,0.19820678,-3.6967933,-0.16730209,5.433449,-2.8119063,0.28093722,1.3096004,-7.980377,-9.164195,0.00019719898,0.00542384,0.97010595,0.00046983841,0.006195894,0.017600741,5.171531e-06,1.4311335e-06,2,,,,0.0035391396,Test
3225,0,4.2909455,0.16478996,-1.2591785,-0.83706766,-3.0077844,-3.7079444,-2.853043,-8.913919,0.97298616,0.015708696,0.0037819725,0.005768181,0.00065812527,0.00032676302,0.0007682664,1.7918716e-06,0,,,,0.22462903,4.5618696,0.41175446,-1.3910242,-0.8007158,-2.9635491,-3.8761554,-2.6356492,-8.522223,0.969322,0.01883884,0.0036482257,0.0060854773,0.00073116424,0.00039797084,0.00097144395,4.905158e-06,0,,,,0.005509652,Test
3226,0,-3.1080778,0.8455982,6.114958,-3.4266074,-0.31858885,0.6322984,-9.40253,-12.64063,9.7656186e-05,0.005090489,0.9890387,7.101732e-05,0.0015891304,0.0041126767,1.8032424e-07,7.0756228e-09,2,,,,0.10416071,-3.1812947,0.88385916,6.5762916,-3.4230855,-0.15889017,1.1266919,-10.290668,-13.735632,0.00020442213,0.005429797,0.98582447,7.3878626e-05,0.0015310142,0.0069359923,3.5825408e-07,6.114786e-09,2,,,,0.002944068,Test
3227,0,-5.038494,-1.3912905,7.422918,-2.8893092,0.5722274,1.444707,-9.289902,-10.741363,3.8586886e-06,0.0001480473,0.9962364,3.3099313e-05,0.0010547398,0.00252382,5.4963813e-08,1.287407e-08,2,,,,0.040077817,-4.2937846,-1.1439288,6.7090673,-2.5300698,0.32304066,0.95248854,-8.488143,-9.547281,2.6717384e-05,0.00051809236,0.99264354,0.00013266272,0.0027057792,0.003972153,8.7196423e-07,1.7504553e-07,2,,,,0.0012886794,Test
3228,0,9.026597,-1.1519084,-2.5606008,0.49692032,-4.728897,-8.116928,-3.4972167,-12.911319,0.99975055,3.796847e-05,9.281868e-06,0.00019746959,1.0615892e-06,3.585533e-08,3.6380502e-06,2.9673985e-10,0,,,,0.0035903307,8.865522,-1.1780338,-2.4700887,0.21660288,-4.2833204,-8.222876,-3.2374835,-12.376855,0.99949914,0.00017778602,2.5514968e-05,0.00028079515,7.123212e-06,3.800028e-07,9.286209e-06,6.8483414e-09,0,,,,0.00018406045,Test
3229,0,-3.6152916,-0.058940813,6.848138,-3.9511533,0.029023008,0.74537843,-10.215394,-11.596804,2.8437584e-05,0.0009963139,0.99564004,2.0324956e-05,0.0010879238,0.0022269355,3.8681616e-08,9.7177475e-09,2,,,,0.047288842,-3.7567801,-0.22163963,6.7525415,-3.6501222,-0.0863779,1.0507035,-10.382916,-11.242655,8.590939e-05,0.0015814187,0.99234307,4.7395133e-05,0.001586039,0.004356076,1.07079266e-07,5.2005383e-08,2,,,,0.0015362869,Test
3230,0,-3.4753788,0.17540675,5.6189094,-2.992358,-0.7929406,1.8414025,-8.853467,-11.5899105,0.00010912548,0.0042018653,0.97168434,0.00017688842,0.0015954903,0.022231812,5.037931e-07,3.2645964e-08,2,,,,0.21399713,-3.4520824,0.2790129,5.9117274,-2.9135575,-0.6368604,2.1394358,-8.532709,-11.716713,0.0005111306,0.010311424,0.94331855,0.00070126797,0.0031245225,0.042020597,1.2217692e-05,2.2693139e-07,2,,,,0.01674904,Test
3231,0,-2.3542054,1.0437024,5.000791,-3.5512834,-0.47998577,0.20966601,-8.688538,-11.00311,0.0006193104,0.018518299,0.96859646,0.0001870786,0.0040352624,0.008042362,1.098861e-06,1.0857684e-07,2,,,,0.24815191,-2.0534406,0.8919547,4.693179,-3.5810971,-0.34384555,0.42152095,-8.467544,-11.02222,0.0049865716,0.054603256,0.9155313,0.00041280524,0.008389793,0.01606864,7.450163e-06,2.878388e-07,2,,,,0.031068634,Test
3232,0,-1.4938169,-1.779473,2.2736886,-2.3142645,0.46271807,-2.4185405,-3.40798,0.09997777,0.017239891,0.012956139,0.7460043,0.007589595,0.121968254,0.0068380465,0.0025422846,0.0848615,2,,,,1.2943639,-1.5585616,-1.7458496,2.3668668,-2.2919493,0.3975773,-2.4236028,-3.3002524,0.21252063,0.020898035,0.015124868,0.74490154,0.0086431615,0.106181726,0.00716044,0.0033615641,0.09372878,2,,,,0.021745708,Test
3233,0,-2.3978248,-1.1894801,1.1163754,-1.4146887,-1.5295811,-0.8869478,-2.5124197,-2.1673195,0.020131173,0.06739792,0.67618704,0.053807113,0.047966998,0.091208346,0.017951516,0.025349898,2,,,,1.748044,-2.3904765,-1.2772149,1.0691808,-1.2988255,-1.6164627,-0.882171,-2.3839707,-2.0005827,0.026221598,0.07420084,0.6377188,0.06600345,0.044999085,0.09491386,0.025321355,0.030621042,2,,,,0.03900957,Test
3234,0,-2.9430666,-0.8730827,2.4460547,-1.9728314,-0.66321534,-0.017634984,-3.921351,-2.7746618,0.0038380218,0.030415146,0.8405682,0.010126866,0.037517518,0.07154943,0.0014429248,0.0045419736,2,,,,0.9606763,-2.9802947,-0.9711398,2.5065122,-1.9742906,-0.59037244,-0.045448624,-4.1033573,-2.8207746,0.0042067347,0.029605687,0.8415632,0.010558585,0.039555572,0.0684646,0.0013654726,0.004680097,2,,,,0.012739368,Test
3235,0,4.888716,2.041544,-1.1131535,-2.288658,-3.087974,-5.2544456,-4.620457,-10.564254,0.941883,0.054636862,0.0023303335,0.0007192885,0.00032341815,3.705764e-05,6.985789e-05,1.8317118e-07,0,,,,0.34365937,5.367896,2.6343791,-1.3056835,-2.3336425,-3.4509895,-5.3699536,-4.826807,-10.988432,0.9308133,0.06665547,0.0015916604,0.0005172413,0.00031698044,3.4919147e-05,6.9922506e-05,4.229352e-07,0,,,,0.007960275,Test
3236,1,-3.401115,-0.83892494,4.5565925,-3.42328,0.30621964,0.4820652,-7.9226956,-6.2711916,0.00033762708,0.004377058,0.96477425,0.00033022583,0.013756635,0.016401403,3.6706226e-06,1.9141635e-05,2,,,,0.274619,-3.5502293,-1.1935027,4.616696,-3.9002445,0.57823956,0.58867943,-8.455835,-6.1124477,0.0006340359,0.0059878724,0.95072365,0.00033760373,0.01988399,0.02238307,7.642115e-06,4.2207805e-05,2,,,,0.007947875,Test
3237,0,-2.3638523,0.77839136,4.5062914,-3.4004464,-0.20875077,-0.16988441,-7.9409256,-9.057123,0.0009948248,0.02303593,0.95810294,0.00035282518,0.008584113,0.008924316,3.7640425e-06,1.2328098e-06,2,,,,0.3182147,-2.3101869,0.8195262,4.318479,-3.4335155,-0.32054105,-0.14158909,-7.7905493,-9.207607,0.00223448,0.039452042,0.9325097,0.0005081069,0.010566311,0.014720827,6.7095616e-06,1.8378353e-06,2,,,,0.012543218,Test
3238,0,3.8771296,0.11911526,-0.7059834,-1.4847318,-2.3661513,-4.5796757,-3.8155768,-7.8707542,0.9607392,0.022414068,0.009821661,0.004507947,0.0018671666,0.00020410877,0.0004382336,7.595641e-06,0,,,,0.30341786,3.9297326,0.2883872,-0.43702388,-1.4038126,-2.39811,-4.7783027,-4.2737913,-7.9200697,0.943423,0.02771022,0.018596489,0.0061991066,0.0033790178,0.00027079572,0.00040514633,1.6258224e-05,0,,,,0.009204801,Test
3239,0,7.7570357,-0.5379818,-3.0268402,0.6638917,-4.145743,-6.057315,-2.021756,-11.0054865,0.9988356,0.0002494674,2.0706944e-05,0.00082981394,6.763678e-06,9.999953e-07,5.657426e-05,7.096339e-09,0,,,,0.014414407,7.783906,-0.19150403,-3.272618,0.57493067,-4.2623453,-6.010339,-2.0691276,-11.400366,0.9976349,0.00080008636,3.5271874e-05,0.0014058914,1.4084188e-05,3.731851e-06,0.00010603189,1.2537259e-08,0,,,,0.0008878989,Test
3240,0,0.31402782,1.6364838,1.0652268,-2.962981,-1.4811529,-0.53447145,-5.291036,-7.627777,0.13318956,0.49981064,0.28230056,0.0050267037,0.022122443,0.057012707,0.00049002905,4.735741e-05,1,,,,1.8042701,0.10766441,1.4242495,1.1158503,-2.895505,-1.3989322,-0.5572296,-5.274068,-7.205832,0.13066289,0.43612927,0.3210774,0.006144837,0.025278693,0.0799172,0.00067904487,0.00011064925,1,,,,0.046671487,Test
3241,0,-4.229528,-1.615649,3.8573449,-2.5049767,-0.040797845,1.8581529,-5.7844863,-4.918157,0.00026463304,0.0036127456,0.86045545,0.0014845921,0.01744964,0.116544105,5.5890014e-05,0.00013291568,2,,,,0.69880104,-3.951257,-1.1852582,3.50475,-2.5300364,-0.305865,1.7206032,-5.3868055,-4.406891,0.0007494704,0.00974424,0.81206053,0.002589704,0.019336557,0.15498203,0.00020454894,0.0003329252,2,,,,0.02443135,Test
3242,0,-4.3835773,-1.325138,3.4282532,-1.7515332,-0.9681911,2.333916,-4.95877,-6.3526783,0.0002972902,0.006330585,0.7342018,0.004132976,0.009046153,0.24578242,0.00016725445,4.149644e-05,2,,,,0.97142696,-4.2117815,-1.5589938,3.5033498,-1.3890584,-0.9910439,2.385838,-5.0216393,-6.4875436,0.0006403244,0.005762068,0.7260676,0.008621777,0.0098657515,0.24873623,0.00023692001,6.9335576e-05,2,,,,0.020991774,Test
3243,0,-3.3021119,-1.2177106,3.543753,-1.9985571,-0.45303914,0.5215253,-4.7778897,-4.4133034,0.0009839538,0.007910768,0.9249026,0.0036232763,0.016994612,0.045035943,0.00022493262,0.00032388474,2,,,,0.50643325,-3.4934852,-1.4347957,3.7551682,-2.0982697,-0.3847854,0.4785797,-5.2307196,-4.5678988,0.0012003242,0.0065554143,0.93106776,0.0035377934,0.016679205,0.040346943,0.00022752059,0.0003850461,2,,,,0.00871888,Test
3244,0,-3.2853217,-1.1450024,4.07793,-2.1396937,-0.12544401,-0.116034165,-5.001847,-4.6306863,0.0006107239,0.005192468,0.96308476,0.0019203698,0.014393368,0.014529447,0.00010974066,0.00015905983,2,,,,0.29573664,-3.6391654,-1.1614549,3.822356,-2.1929297,-0.08385311,0.120409,-4.9176126,-4.0607643,0.0006646184,0.0077382787,0.94298375,0.0025855848,0.020082096,0.025237236,0.00019746313,0.0005110102,2,,,,0.005220718,Test
3245,0,-3.118275,-0.5111505,5.859206,-3.3501515,0.55844015,-0.3853811,-8.420828,-9.022673,0.000125111,0.0016965051,0.99121046,9.921844e-05,0.0049439315,0.0019238713,6.229108e-07,3.4123062e-07,2,,,,0.08642775,-2.8771129,-0.4158464,5.490382,-3.117621,0.31835848,-0.54352206,-7.823697,-8.433775,0.0005351335,0.0043947385,0.98556787,0.0003301608,0.0060850857,0.003080943,4.888486e-06,1.2573149e-06,2,,,,0.0021468706,Test
3246,0,-3.0135155,-0.69779676,2.8242247,-2.554114,-0.46586376,1.2877817,-5.114423,-5.3024135,0.0022598114,0.02289686,0.77512264,0.0035775653,0.02887375,0.16676378,0.00027647745,0.00022909531,2,,,,1.043195,-2.891557,-0.56379896,2.6832268,-2.6563287,-0.5270864,1.2150053,-5.0598288,-5.312079,0.0043919543,0.045790665,0.7268333,0.0048097633,0.031207565,0.18604437,0.0004958075,0.0004265578,2,,,,0.0376906,Test
3247,0,-0.35546643,1.0216622,0.563773,-2.1339939,-1.9792249,0.58747363,-4.142823,-6.546778,0.095885076,0.38004094,0.24042057,0.01619371,0.018904345,0.24618675,0.0021723153,0.00019629014,1,,,,2.0732048,-0.3442549,1.0419185,0.41259208,-2.1171546,-2.1229355,0.54542243,-3.8938527,-6.4540267,0.10300205,0.386066,0.22621694,0.019528959,0.017434461,0.24360797,0.003832611,0.00031102513,1,,,,0.052709877,Test
3248,0,-2.6871157,0.39729047,4.1947813,-2.7722523,-0.6928106,1.1892977,-7.088411,-9.309792,0.00094889465,0.020737605,0.9246724,0.0008714526,0.006971621,0.04578497,1.1634829e-05,1.2619043e-06,2,,,,0.49267587,-2.5984807,-0.011406457,4.0996337,-2.6496887,-0.6435129,1.0398105,-6.990635,-9.556332,0.0030615835,0.029531548,0.902005,0.002092254,0.008278236,0.05497826,5.0808427e-05,2.2815643e-06,2,,,,0.019146573,Test
3249,0,-3.9989138,-0.51029074,4.9616165,-2.8131936,-0.48871386,2.3175967,-7.644511,-9.542974,0.00011885486,0.0038914075,0.9258184,0.0003890172,0.0039762845,0.06580253,3.1028023e-06,4.6479553e-07,2,,,,0.4301559,-4.0711293,-0.7168928,5.401746,-2.874148,-0.5565075,2.3332238,-8.352887,-11.1057205,0.00021611802,0.00325871,0.9385458,0.00041470613,0.0028321485,0.0547284,3.761136e-06,1.7681673e-07,2,,,,0.009089042,Test
3250,0,-4.5086904,-2.4270575,1.9352863,-1.2572856,-0.8497722,0.5505736,-2.9212923,-0.3495729,0.0010764883,0.008630795,0.67700624,0.027802018,0.041788533,0.16951947,0.005265108,0.06891138,2,,,,1.5257432,-4.705163,-2.3268094,1.969446,-1.2658997,-0.8739268,0.43990803,-2.9258382,-0.35165238,0.00087758776,0.009966793,0.6807438,0.028291702,0.04051905,0.15686765,0.005699355,0.07703401,2,,,,0.022881238,Test
3251,0,-3.4922624,0.075291246,7.147992,-3.2930717,-0.020939736,0.45191574,-10.215816,-13.42732,2.3863566e-05,0.000845482,0.9971015,2.912346e-05,0.0007679126,0.0012321691,2.8690195e-08,1.156099e-09,2,,,,0.033466212,-3.586057,-0.038526736,7.245599,-3.1862843,-0.011817771,0.16314915,-9.809506,-12.890289,0.00042768026,0.007994116,0.98869646,0.00024828213,0.0011183502,0.0015032988,1.1814499e-05,1.8892875e-08,2,,,,0.006609541,Test
3252,1,-7.765667,-4.782946,11.681866,-2.1332736,2.5406845,-1.1150222,-10.044785,-10.585879,3.5809287e-09,7.0692785e-08,0.999889,1.0002598e-06,0.0001071488,2.769069e-06,3.665958e-10,2.133991e-10,2,,,,0.001646053,-7.944075,-5.0809345,11.462468,-2.2955608,2.591195,-0.7300836,-10.513817,-10.87175,1.2848281e-08,2.11165e-07,0.99962586,4.112384e-06,0.00035284864,1.6984935e-05,2.2839914e-09,1.450743e-09,2,,,,0.00012828068,Test
3253,0,-0.14315186,2.867435,2.2070537,-3.086936,-1.7613289,-0.21769184,-6.543615,-10.967808,0.030332621,0.6157312,0.31812018,0.0015974992,0.0060137366,0.028153835,5.037605e-05,6.0370024e-07,1,,,,1.3143432,0.17381954,2.8140185,2.043675,-3.2160964,-1.7422711,-0.4635706,-6.4395432,-11.44612,0.046984978,0.5914519,0.32263386,0.0016542419,0.0076770457,0.029524961,7.236726e-05,6.690256e-07,1,,,,0.065213494,Test
3254,1,-4.844547,-1.0431724,8.22152,-3.1110861,0.61137074,1.1272008,-10.435357,-12.57204,2.1127933e-06,9.457426e-05,0.99856806,1.1958847e-05,0.0004946882,0.00082861714,7.884945e-09,9.3078484e-10,2,,,,0.017479107,-4.787116,-0.46902457,7.7961836,-3.2205644,0.22830483,1.1166089,-10.435719,-12.777215,2.0878215e-05,0.0008937238,0.9942074,6.683373e-05,0.001042474,0.0037685358,1.3127878e-07,5.9523666e-09,2,,,,0.0021559068,Test
3255,0,7.4227467,3.2218924,-2.4403825,-2.0745862,-4.165427,-6.628856,-4.2680597,-13.821568,0.9850971,0.014759485,5.1283387e-05,7.393327e-05,9.136905e-06,7.779385e-07,8.245677e-06,5.850468e-10,0,,,,0.113163136,7.151149,3.569999,-2.520329,-2.3990157,-3.8924537,-6.4282126,-4.4563627,-13.3277,0.9534869,0.04619846,0.00013062831,0.00012269113,4.265234e-05,3.2304438e-06,1.5446478e-05,5.1212767e-09,0,,,,0.015504136,Test
3256,0,-6.047033,-2.8974888,5.2878776,-2.866325,0.12587376,4.404242,-8.066239,-7.7254896,8.4168205e-06,0.00019632588,0.7044288,0.00020254054,0.0040365215,0.2911247,1.1174241e-06,1.5710997e-06,2,,,,0.91155535,-5.5917826,-2.6176171,4.9832544,-2.8618276,0.0076266676,4.1712294,-7.7162886,-7.8973336,2.7846656e-05,0.0006084769,0.6786308,0.00049749936,0.0054791286,0.31474844,4.6327755e-06,3.1320178e-06,2,,,,0.028488785,Test
3257,0,-3.6814623,-0.63627833,7.0416064,-2.9070508,-0.431036,0.79646766,-9.853676,-13.4576435,2.1964024e-05,0.00046154961,0.9969682,4.764688e-05,0.00056670094,0.0019339803,4.5830358e-08,1.2472973e-09,2,,,,0.03405238,-3.5901093,-0.8312999,7.6601005,-3.074327,0.30516443,0.97549856,-10.15064,-13.424156,3.408348e-05,0.0006171054,0.9970931,4.1835483e-05,0.0008127432,0.0014010026,6.410756e-08,2.0068263e-09,2,,,,0.00048626954,Test
3258,0,17.329243,-5.599647,-5.948841,5.7682548,-9.165616,-12.499816,-3.437191,-21.669497,0.99999046,1.10180656e-10,7.7705634e-11,9.530656e-06,3.1147652e-12,1.1101966e-13,9.577414e-10,1.1562661e-17,0,,,,0.00017275536,17.401592,-5.3640633,-5.869217,5.7715845,-9.304025,-11.7518215,-4.7278795,-21.903805,0.99995977,3.9138986e-10,5.8758887e-10,4.0268544e-05,2.8410801e-11,4.9030623e-12,2.4599598e-09,4.0758384e-16,0,,,,1.5359694e-05,Test
3259,0,-3.94351,-2.3411016,0.8664544,-0.7541738,-1.8075908,1.1277208,-1.6556108,-0.61010414,0.0027879414,0.013842061,0.3421564,0.06766978,0.023599429,0.44431525,0.027472973,0.0781562,5,,,,1.9789104,-3.9906685,-2.127149,0.83553714,-0.7852092,-1.9079062,1.1197145,-1.5523272,-0.70551366,0.0029740995,0.01889057,0.3352763,0.06735536,0.021623483,0.44395527,0.031667475,0.07825743,5,,,,0.0290152,Test
3260,0,-4.0510592,-0.41308466,6.6554904,-3.4631274,-0.008357955,1.7284342,-10.056659,-12.307014,2.218834e-05,0.00084348465,0.99065,3.9944804e-05,0.0012642927,0.00718004,5.4692315e-08,5.762472e-09,2,,,,0.0862739,-3.8261724,-0.50505584,6.5987005,-3.2189171,-0.13086979,1.6407611,-10.115824,-12.180281,0.00013281964,0.002079039,0.9839865,0.00018797183,0.001396747,0.012216514,3.3281344e-07,1.1507258e-07,2,,,,0.0036971278,Test
3261,0,-3.0096343,0.4041195,6.151143,-3.3892834,-0.9090375,0.8081214,-9.774283,-13.553207,0.00010414295,0.003163765,0.9910711,7.1244336e-05,0.0008509564,0.004738707,1.2016555e-07,2.7454565e-09,2,,,,0.08672596,-2.1947713,0.85143995,5.356847,-3.2796948,-1.2594805,0.40987164,-9.327029,-13.175821,0.0011897429,0.020315375,0.9656164,0.0004077977,0.0018415982,0.0106275,1.4002233e-06,1.7987111e-07,2,,,,0.0074958727,Test
3262,0,6.971337,0.671845,-2.0386336,-0.68022656,-3.4862726,-6.4122076,-3.044393,-11.094287,0.99749655,0.0018326386,0.00012187956,0.00047411048,2.8656916e-05,1.5364262e-06,4.4579498e-05,1.4226907e-08,0,,,,0.02819618,7.139762,0.44554085,-2.1991606,-0.3743232,-4.110708,-6.4322996,-3.004597,-10.891798,0.9953745,0.0030263686,0.00025575195,0.0011800667,9.3375835e-05,9.279006e-06,6.0533464e-05,7.646543e-08,0,,,,0.0016067305,Test
3263,0,-2.6356223,0.12082757,5.6631336,-3.467808,0.08887319,-0.73707557,-8.691554,-9.177705,0.00024642824,0.0038797287,0.9903627,0.00010722025,0.003757715,0.0016451998,5.7760724e-07,3.5522214e-07,2,,,,0.094785586,-2.7381127,0.073889196,5.990638,-3.6974843,0.18861692,-0.33956814,-9.0075035,-9.849938,0.00043444755,0.0051966324,0.9881961,0.00012376913,0.0036386536,0.0024086242,1.36451e-06,4.63279e-07,2,,,,0.0026153212,Test
3264,0,-3.0362034,-2.0606937,3.4249606,-2.2930965,0.1392633,-2.7389753,-3.7759452,1.004021,0.001373323,0.003642765,0.8786594,0.002887353,0.032874595,0.0018486611,0.00065540074,0.078058444,2,,,,0.7037891,-2.9262278,-2.093094,3.2193618,-2.3858733,0.015943399,-2.533359,-3.3710694,0.95618516,0.0025646114,0.0051624384,0.8466384,0.0037128418,0.03678008,0.004501039,0.001479898,0.099160716,2,,,,0.021821104,Test
3265,0,-4.9046073,-1.1113864,6.2700005,-2.6845624,-0.09820433,2.207096,-8.427924,-10.133081,1.3755145e-05,0.00061071746,0.98069936,0.00012665389,0.0016821309,0.016867043,4.0579653e-07,7.3751e-08,2,,,,0.1508103,-4.974986,-1.1072943,6.232725,-2.6452105,-0.087618016,1.9787483,-8.333902,-10.148817,3.8509894e-05,0.0024085555,0.9680603,0.000395088,0.0066548837,0.022439245,2.9243558e-06,4.3966617e-07,2,,,,0.0101702465,Test
3266,0,-3.2856293,-0.060980417,3.1620934,-2.3695352,-1.4521638,2.4909296,-5.630717,-7.9484973,0.0010112093,0.025426595,0.6383389,0.0025275254,0.0063256454,0.32626358,9.691305e-05,9.545155e-06,2,,,,1.154822,-3.0224683,0.00262722,2.9677393,-2.54779,-1.6305792,2.3794365,-5.491107,-7.437381,0.0026711128,0.04213698,0.6002588,0.0030313195,0.0071187196,0.34448573,0.00025289686,4.4441105e-05,2,,,,0.036478594,Test
3267,0,-1.7026254,0.40417588,2.5393922,-2.425467,-1.0355102,-0.1587936,-4.900304,-6.0099306,0.011635924,0.095669426,0.8092557,0.0056477427,0.022673853,0.054485194,0.00047540828,0.00015673354,2,,,,1.0477719,-1.685476,0.496782,2.7083669,-2.6747396,-1.0985321,-0.18138047,-5.0552163,-6.2039933,0.011650724,0.10626973,0.8111951,0.004186689,0.018851155,0.047236066,0.00048324518,0.00012727886,2,,,,0.02162481,Test
3268,0,-1.8358439,1.3984301,3.954454,-3.2065754,-1.143596,1.0428145,-8.111599,-11.800773,0.0026770686,0.067965254,0.87569726,0.00067976443,0.0053493246,0.047626104,5.036555e-06,1.2587695e-07,2,,,,0.71100104,-1.7984161,1.3900075,4.454003,-3.1355596,-0.5447916,0.92775375,-8.296476,-11.976955,0.00299996,0.06890976,0.8821734,0.00089600246,0.009279477,0.035733763,7.0545075e-06,5.985272e-07,2,,,,0.023360137,Test
3269,0,-3.678117,-2.024323,1.2572888,-1.3933127,-1.1445503,1.351373,-2.4300256,-0.89807653,0.0029391285,0.0153621575,0.40891978,0.028873304,0.0370282,0.4492606,0.010239006,0.04737779,5,,,,1.7632976,-3.8610034,-1.889888,1.3181525,-1.5126404,-1.2349135,1.556246,-2.5307674,-0.7900955,0.0024047329,0.016874697,0.3854842,0.023464844,0.030146044,0.48395577,0.009321395,0.048348315,5,,,,0.038059816,Test
3270,0,-2.525886,0.57038146,5.6433983,-3.2333343,-0.88786316,0.9918873,-9.24124,-12.879168,0.00027829714,0.0061546154,0.98261654,0.0001371728,0.001431836,0.009381201,3.373401e-07,8.874337e-09,2,,,,0.15183431,-2.2654576,0.89386815,5.8408785,-3.099029,-0.695005,0.9138136,-9.645431,-13.012484,0.0017894102,0.02781612,0.95873725,0.00031757157,0.001864089,0.009465939,9.484723e-06,3.5777408e-08,2,,,,0.020498166,Test
3271,0,-3.4044778,-1.9095384,3.5099833,-2.0913386,-0.2295766,-0.15115497,-4.314465,-2.452656,0.00093571725,0.004172425,0.94201314,0.0034788337,0.022386529,0.024212789,0.0003766536,0.0024239048,2,,,,0.4300194,-3.3271935,-1.9082559,3.4737449,-2.0005958,-0.29318818,-0.045808285,-4.1482015,-2.5215366,0.001223448,0.0047590667,0.9351115,0.004421632,0.022378154,0.02889635,0.00063243473,0.002577277,2,,,,0.004640146,Test
3272,0,-3.170522,-0.8527881,1.6640708,-1.4159511,-1.2252864,0.64872193,-3.2792315,-3.2570388,0.005073564,0.05151007,0.6381902,0.029330106,0.035491005,0.23120101,0.0045509418,0.004653068,2,,,,1.5528004,-3.0862453,-0.8276823,1.5493464,-1.3354558,-1.4245745,0.6346883,-3.1521544,-3.328397,0.006479467,0.06270163,0.59992385,0.033458345,0.03132593,0.25543112,0.0055873697,0.005092314,2,,,,0.03459113,Test
3273,1,-0.068503276,-1.2001841,1.1336725,-1.9098883,-0.55931765,-2.6748285,-3.0445514,-1.3764628,0.1719473,0.055451415,0.5721286,0.027270433,0.10525372,0.012690615,0.008768276,0.0464896,2,,,,1.9582766,-0.12422874,-1.0300739,1.340046,-1.9383732,-0.6262893,-2.9561176,-3.0786529,-1.0125515,0.14980115,0.058508795,0.6030631,0.024361033,0.08599665,0.009857972,0.008551427,0.05985992,2,,,,0.027930377,Test
3274,0,8.243814,-0.7706794,-2.8184843,0.89020836,-4.422255,-6.227352,-2.573863,-12.493552,0.99919933,0.00012153662,1.5680387e-05,0.0006397666,3.1539023e-06,5.1868574e-07,2.0026013e-05,9.852096e-10,0,,,,0.010154759,8.817805,-0.759637,-2.8457642,1.1920061,-4.3766236,-6.972983,-2.3666446,-12.501609,0.9987508,0.00039321618,2.8724497e-05,0.0007924375,5.7931534e-06,8.7071584e-07,2.817435e-05,4.743795e-09,0,,,,0.0003984925,Test
3275,0,2.9336495,0.15114649,-0.101602525,-1.7681614,-2.0957797,-3.3955202,-4.2211485,-7.3702407,0.8863948,0.054853134,0.04260239,0.0080474205,0.005799276,0.0015808975,0.0006923694,2.9696452e-05,0,,,,0.6994198,3.0799985,0.023961324,-0.28004605,-1.9000524,-2.156723,-3.5616455,-4.486052,-7.582124,0.88255584,0.050811984,0.05130226,0.006515307,0.006830645,0.0013586562,0.00058351096,4.1772255e-05,0,,,,0.025769584,Test
3276,0,-3.879705,-1.7165074,1.2945013,-1.6208119,-1.2671843,2.8095777,-3.1932824,-3.0806203,0.000982785,0.008549157,0.17361516,0.009407696,0.013398669,0.7899088,0.0019523962,0.0021852271,5,,,,0.9594508,-3.8884163,-1.9207436,1.536237,-1.6640705,-1.191556,2.829496,-3.186599,-3.0549715,0.001125202,0.007040958,0.21639743,0.009296159,0.014691127,0.7467259,0.002258369,0.0024648649,5,,,,0.024153871,Test
3277,0,-3.0331507,0.557664,5.92866,-3.3071928,-0.9886848,1.5929834,-9.796381,-13.421017,0.00012582829,0.0045629893,0.98139393,9.566725e-05,0.00097202807,0.012849402,1.4539353e-07,3.876018e-09,2,,,,0.15543224,-2.5164194,0.16063225,5.5288277,-3.302693,-1.2625792,1.2618638,-9.442297,-12.576231,0.00053334323,0.0071588485,0.96934384,0.0001840397,0.00180478,0.020974481,6.616071e-07,4.6212435e-08,2,,,,0.0070216977,Test
3278,0,2.5298035,2.3753347,0.77358335,-3.1270177,-2.4875035,-1.8672863,-7.3714423,-13.223046,0.48731855,0.41756874,0.08415817,0.0017024983,0.0032271866,0.006000411,2.4420604e-05,7.0216196e-08,0,,,,1.4190184,2.4684958,2.2768116,0.9463545,-3.2375665,-2.329195,-1.7178719,-7.6207247,-12.720485,0.4556776,0.38863704,0.13305198,0.003682557,0.0055856947,0.0133091565,5.441119e-05,1.5795364e-06,0,,,,0.06461665,Test
3279,0,0.43506834,1.4567204,1.2210163,-2.9240215,-1.4243106,-0.71015304,-5.474153,-7.6254463,0.15422612,0.42840624,0.33844712,0.005361961,0.0240237,0.049067575,0.00041861588,4.8699098e-05,1,,,,1.8573134,0.63311625,1.6238762,0.97687167,-2.979884,-1.5805215,-0.535508,-5.5991945,-7.577958,0.19255492,0.45915347,0.2580648,0.005485693,0.020927586,0.06324773,0.00046116597,0.00010464812,1,,,,0.052742053,Test
3280,0,-3.2339935,-1.0278133,0.8444767,-1.4716781,-1.909339,2.5727756,-2.7119465,-3.893727,0.0024185646,0.021962903,0.14282851,0.014090348,0.009095946,0.8042769,0.0040764282,0.0012503718,5,,,,0.9884923,-3.0915601,-0.9332978,0.7769834,-1.1978388,-1.7953898,2.4701931,-2.586167,-3.4617023,0.0038127457,0.02986531,0.14750454,0.023022367,0.01144665,0.77455187,0.007297589,0.0024989417,5,,,,0.02142417,Test
3281,0,-3.999205,-1.2227166,4.6792183,-2.6590087,0.55617034,1.196193,-6.756972,-5.7376814,0.00016203574,0.002602701,0.9519233,0.0006189426,0.015416473,0.029237706,1.0278457e-05,2.848393e-05,2,,,,0.34104255,-4.0227365,-1.0405525,4.6671715,-2.7756894,0.53414667,0.986187,-6.7396126,-5.6162157,0.00032039854,0.0048682108,0.94775504,0.0009969973,0.017372197,0.028584817,3.628629e-05,6.608442e-05,2,,,,0.008234671,Test
3282,0,2.2577581,0.7729733,-0.5993453,-2.1559615,-1.756264,-1.8347689,-3.4796484,-6.599529,0.7495022,0.16980053,0.043047573,0.009076508,0.013536468,0.012514428,0.0024157322,0.000106684725,0,,,,1.1885964,2.241768,0.95643693,-0.557863,-2.2133126,-1.7933172,-1.9824302,-3.5955539,-6.8932524,0.7008248,0.2107385,0.050112747,0.008274599,0.014502533,0.013327655,0.0021297226,8.951435e-05,0,,,,0.03283034,Test
3283,0,2.0970917,-0.72848505,0.32301903,-1.5523579,-1.3976446,-4.6258454,-2.745119,-4.044905,0.77129513,0.0457181,0.13084304,0.020057868,0.023414018,0.00092786783,0.006085205,0.0016587664,0,,,,1.1857613,2.184711,-0.55990684,0.21102238,-1.6526718,-1.5942155,-4.7622094,-2.8287964,-4.378451,0.7463621,0.06337104,0.14058606,0.017066125,0.023452317,0.00093381794,0.005675792,0.0025527815,0,,,,0.052947227,Test
3284,0,2.2164736,3.3663185,0.667795,-3.250899,-2.4062967,-2.453912,-6.612026,-11.02207,0.22759362,0.71867305,0.048370156,0.00096097105,0.0022362294,0.0021322465,3.3341967e-05,4.0525984e-07,1,,,,1.0886443,2.148259,3.2302341,0.9166915,-3.2535465,-2.4012332,-2.1539998,-6.722435,-11.536179,0.25985825,0.6499496,0.07977082,0.0011741573,0.0029499615,0.006250723,4.615952e-05,3.3922228e-07,1,,,,0.04214056,Test
3285,1,-2.7193527,0.6050897,5.247973,-3.299774,-0.32916838,0.610078,-8.625883,-11.244701,0.0003386025,0.009407563,0.9769126,0.00018950319,0.0036960177,0.009454606,9.2154556e-07,6.717048e-08,2,,,,0.19596176,-3.5921226,0.4315186,5.171148,-3.6205716,-0.31233078,0.753413,-8.889164,-10.778968,0.00022950149,0.012064985,0.96586543,0.00018862294,0.0050813374,0.016566664,1.9896313e-06,1.4133682e-06,2,,,,0.005421418,Test
3286,0,-3.9279368,0.20405349,6.5424566,-3.2146366,-0.51689506,1.4884924,-9.311479,-12.855078,2.810821e-05,0.0017511914,0.99098516,5.7360816e-05,0.0008515881,0.0063264254,1.2905967e-07,3.7310013e-09,2,,,,0.08511426,-3.9908886,0.40437937,6.3813744,-3.326159,-0.7193748,1.6219394,-9.120885,-13.030226,7.127684e-05,0.005513251,0.9802173,8.723173e-05,0.0011843004,0.012926241,4.479461e-07,1.05624505e-08,2,,,,0.0055114874,Test
3287,0,5.579029,1.0836004,-1.8784496,-1.5461154,-3.6743026,-4.262065,-3.5926073,-11.596974,0.98736703,0.011018914,0.0005698189,0.00079445203,9.458179e-05,5.2546744e-05,0.0001026331,3.4279584e-08,0,,,,0.10746981,5.346047,0.91330004,-2.0006006,-1.3869029,-3.8284097,-4.3338647,-3.166701,-10.387598,0.9788194,0.017621946,0.0011083712,0.0018614329,0.00015734893,0.000102683574,0.00032854715,2.606814e-07,0,,,,0.0051425174,Test
3288,0,-5.1117945,-0.92859226,7.9350834,-3.3130305,-0.083186924,1.9536077,-10.651956,-12.966279,2.1503404e-06,0.00014100959,0.99699795,1.2992736e-05,0.00032840038,0.0025175163,8.442001e-09,8.3434853e-10,2,,,,0.031915974,-4.952121,-0.72554034,7.5474634,-3.499817,-0.33451557,1.665461,-10.0891285,-12.499308,2.254613e-05,0.0016989525,0.9912343,3.6612968e-05,0.0006134097,0.006393832,3.163894e-07,9.087921e-09,2,,,,0.0036298127,Test
3289,0,0.99083847,3.000979,1.3034449,-3.337563,-2.0536823,-1.0755391,-6.786667,-10.745761,0.09980809,0.74500406,0.13643599,0.0013163302,0.0047527733,0.012640066,4.1825224e-05,7.980409e-07,1,,,,1.169901,0.9401207,3.0945852,1.1604192,-3.2101166,-2.0897934,-0.9841588,-6.7869062,-10.618723,0.102659546,0.7416312,0.1333543,0.0016309859,0.00498519,0.01568463,5.2390795e-05,1.6525437e-06,1,,,,0.033995464,Test
3290,0,3.6792479,1.1111277,-0.8129733,-1.850676,-2.02702,-3.7259014,-3.2441177,-7.650905,0.9117672,0.06991391,0.010207915,0.003616334,0.0030316797,0.0005544577,0.0008976447,1.0946146e-05,0,,,,0.5273288,3.8910618,1.1436781,-1.084416,-2.0631905,-2.0296023,-3.9072533,-3.312828,-7.9366693,0.9188749,0.065398246,0.008125903,0.0032365485,0.0030101,0.00053658185,0.0008062228,1.1462596e-05,0,,,,0.010156183,Test
3291,0,1.4750936,1.2966304,0.29566443,-2.5603323,-1.5394123,-2.8069634,-3.658226,-5.8637567,0.44820574,0.37494868,0.13780273,0.007923447,0.02199349,0.006191612,0.0026430474,0.00029124288,0,,,,1.6914704,1.5932735,1.4212573,0.20115809,-2.371707,-1.72176,-2.55034,-3.543605,-5.870478,0.4494029,0.38670093,0.12562484,0.008827507,0.018033566,0.008108606,0.0029924226,0.00030920524,0,,,,0.046162304,Test
3292,0,-2.3387115,0.369433,4.295199,-3.3458118,0.04603277,0.3103313,-7.820226,-8.788327,0.0012471642,0.018709222,0.94840586,0.0004555598,0.013539569,0.017635517,5.1919674e-06,1.9719268e-06,2,,,,0.38385952,-2.330576,0.18436396,3.9670212,-3.232182,0.08965151,0.09084545,-7.956843,-8.651929,0.0027682588,0.05163122,0.89684594,0.0009858726,0.021418119,0.026319837,2.3739505e-05,7.003192e-06,2,,,,0.03367958,Test
3293,0,-0.62696123,-0.9152723,1.7144108,-2.558528,0.017539727,-2.0513616,-4.189965,-2.6238153,0.06849435,0.051338464,0.7120323,0.009926268,0.13048421,0.016483352,0.001942057,0.009298908,2,,,,1.4610401,-0.65817213,-0.74924886,1.6082102,-2.3219464,0.021493617,-1.7882061,-3.9966857,-2.3505526,0.09091053,0.068109505,0.6511167,0.013622145,0.13649267,0.023041833,0.0027245772,0.013982008,2,,,,0.036043003,Test
3294,1,6.253593,1.7279415,-2.290215,-1.627258,-3.2017236,-5.6765313,-3.0904298,-10.602535,0.98855954,0.010703785,0.00019251925,0.00037358789,7.737685e-05,6.513519e-06,8.6485896e-05,4.7258414e-08,0,,,,0.09544174,6.380987,1.2457311,-2.4106653,-1.638561,-3.1104465,-6.004587,-2.8880396,-10.666689,0.98940194,0.009467093,0.00022138476,0.0005616354,0.00015436302,1.5977137e-05,0.00017751884,1.01308174e-07,0,,,,0.0024514615,Test
3295,0,-4.6900296,-0.8608132,6.6143765,-2.9277165,0.20628288,1.4989991,-8.594638,-10.263464,1.2217087e-05,0.0005623093,0.9917652,7.1175484e-05,0.0016345915,0.005954272,2.4616008e-07,4.6393385e-08,2,,,,0.078233056,-4.4504404,-0.49197212,6.6152625,-2.9983222,0.23062201,1.1398294,-8.886203,-9.899619,3.8089132e-05,0.0036115912,0.9886821,9.1141424e-05,0.002321526,0.0052549453,4.6854257e-07,1.7545104e-07,2,,,,0.0032416962,Test
3296,0,-2.5877266,-0.94139564,2.983635,-3.4101586,-0.20247133,2.317698,-7.2580123,-7.296536,0.0024077857,0.012491374,0.632746,0.0010578891,0.026152972,0.32509977,2.255996e-05,2.1707416e-05,2,,,,1.1933542,-2.8143413,-0.8483697,3.1182733,-3.4744983,-0.2758036,2.4921992,-7.4636483,-7.1295996,0.00195678,0.020000283,0.60199827,0.00092801,0.02454753,0.3504963,3.3165972e-05,3.9704093e-05,2,,,,0.049199775,Test
3297,0,4.402987,0.83580923,-1.7475154,-1.057976,-3.4121761,-2.9420555,-3.3013678,-9.925071,0.965141,0.02725117,0.002058077,0.0041013286,0.00038950096,0.0006232746,0.000435143,5.780882e-07,0,,,,0.25785163,4.5707617,1.0900958,-1.5090587,-1.2165133,-3.4494667,-2.9033267,-3.5274208,-9.9677925,0.95822364,0.033917107,0.0029152087,0.003322043,0.00040841885,0.0007644129,0.00044826744,9.362758e-07,0,,,,0.0052295034,Test
3298,0,-1.1590146,1.6519365,3.4815707,-3.313207,-1.1314912,0.26926988,-7.520056,-10.72586,0.0079021435,0.13137887,0.81870145,0.00091662357,0.008122659,0.032964088,1.3651478e-05,5.532446e-07,2,,,,0.90432286,-1.6435912,1.8051798,3.7810605,-3.4677181,-1.1355236,0.5026781,-8.001041,-10.788246,0.009339101,0.1605254,0.7852252,0.0009581506,0.0071830815,0.036754,1.3169514e-05,1.9447843e-06,2,,,,0.042582445,Test
3299,0,-0.5683244,1.6366376,2.7773304,-3.2100737,-1.5061427,0.2724047,-7.072815,-10.631066,0.02425338,0.21997587,0.6882903,0.0017277272,0.009494738,0.0562207,3.6300105e-05,1.034139e-06,2,,,,1.2952921,-0.7900843,1.3245648,2.8947546,-3.310329,-1.4683137,0.42352247,-6.9277053,-9.954235,0.023285393,0.18197896,0.71483743,0.0017471947,0.011320457,0.06676413,6.2605985e-05,3.803333e-06,2,,,,0.036796983,Test
3300,0,-4.704642,-0.6814807,7.0775704,-3.0682333,0.22753038,1.2481048,-9.335099,-11.015572,7.605224e-06,0.0004249605,0.99554694,3.906567e-05,0.0010546957,0.0029265562,7.415316e-08,1.3813706e-08,2,,,,0.046934582,-4.3245645,-0.76916593,7.3281097,-2.9987607,0.42885113,1.092362,-9.266527,-10.291669,4.271242e-05,0.0006536587,0.9951662,7.661914e-05,0.0012675102,0.0027929381,3.5405142e-07,9.3522644e-08,2,,,,0.0009677186,Test
3301,0,-3.256838,-1.1952616,2.6919699,-2.3666408,-0.1364365,1.6084135,-4.959089,-4.2374845,0.0018264628,0.014352979,0.700076,0.004448549,0.041379374,0.23689866,0.0003329144,0.00068504864,2,,,,1.1927531,-3.074762,-1.1473148,2.6271868,-2.3633049,-0.18388978,1.5453457,-5.0877066,-4.5061216,0.0034411936,0.021147868,0.68246984,0.0061072237,0.044358227,0.2411073,0.0005452238,0.0008231066,2,,,,0.026262587,Test
3302,0,-2.63345,0.81499404,5.6962633,-3.6628308,-1.1900554,0.9900369,-10.085817,-13.925871,0.00023698121,0.007453398,0.98234195,8.465635e-05,0.0010036273,0.0088792145,1.3746501e-07,2.954457e-09,2,,,,0.1524427,-2.311195,0.36060682,5.748548,-4.197934,-1.6553665,0.656696,-10.142834,-14.484202,0.0006388595,0.009410873,0.98021114,9.8110104e-05,0.00073797104,0.008902664,3.0859889e-07,6.4927805e-09,2,,,,0.0046976535,Test
3303,0,-4.1029162,-0.9159248,6.637533,-2.8806865,0.5732556,0.50593597,-8.436514,-9.583432,2.1540964e-05,0.0005216246,0.99490875,7.3126175e-05,0.0023126022,0.0021620437,2.8262318e-07,8.976501e-08,2,,,,0.05375278,-4.5269146,-1.1235148,6.815387,-2.8989635,0.7901846,0.8427273,-8.921949,-10.32434,5.2233074e-05,0.0005267109,0.992366,0.000105466504,0.003409904,0.0035391625,3.1086887e-07,9.424061e-08,2,,,,0.0016933988,Test
3304,0,1.0299785,0.108058244,0.38034606,-2.0832403,-1.1211463,-2.2600589,-3.243929,-4.1122108,0.46776462,0.18605548,0.2442843,0.020795705,0.054425906,0.01742538,0.0065146764,0.0027340285,0,,,,1.9780275,0.8915407,-0.08874576,0.5280751,-2.0610635,-1.1109664,-2.3944106,-3.1874557,-3.8077946,0.42636865,0.16760436,0.29522425,0.021945126,0.059290506,0.016985942,0.007906592,0.004674524,0,,,,0.04108165,Test
3305,0,-3.6041975,-1.7878575,2.0763922,-1.7966192,-0.80392706,0.6482292,-3.1110995,-1.2573812,0.002468029,0.015176677,0.72343415,0.015044285,0.040596846,0.17344256,0.0040411046,0.025796432,2,,,,1.336336,-3.685247,-1.9051832,2.164992,-1.7942721,-0.8029169,0.7270678,-2.97985,-0.9369358,0.0026772018,0.013576364,0.70437014,0.017316874,0.03740517,0.18315208,0.0071298243,0.034372322,2,,,,0.033885453,Test
3306,0,-2.7511294,0.09106337,5.134123,-2.8665862,-0.5158545,0.56845385,-8.123347,-10.338633,0.00036848127,0.006320683,0.9793475,0.00032830145,0.0034449499,0.010188071,1.7111604e-06,1.8672588e-07,2,,,,0.17929998,-2.894904,0.29177237,5.5424376,-3.060656,0.008757236,0.807596,-8.624008,-10.278704,0.00043227844,0.0108756535,0.9726752,0.00026260078,0.0047285184,0.011023518,1.9328859e-06,2.579067e-07,2,,,,0.0059534283,Test
3307,0,-0.7024901,1.3613216,1.8636276,-2.8592668,-0.68505096,-0.37082225,-5.535045,-6.7624254,0.040936604,0.32241404,0.53279805,0.0047362624,0.041656777,0.057036567,0.00032610688,9.556865e-05,2,,,,1.6675138,-0.7669877,1.6551651,1.7433965,-2.7999566,-0.9288136,-0.27341077,-5.365666,-7.113612,0.03915715,0.41594362,0.43980414,0.0049608317,0.03130751,0.068353266,0.00040240976,7.1059956e-05,2,,,,0.045644127,Test
3308,1,14.881884,-5.270993,-4.373456,4.4120994,-7.803768,-12.173902,-3.9392412,-18.691458,0.9999716,1.7689031e-09,4.340098e-09,2.838039e-05,1.4051876e-10,1.7774977e-12,6.700033e-09,2.625855e-15,0,,,,0.00046996842,14.621495,-5.1426277,-4.487086,4.2632837,-7.9561424,-12.081895,-3.655838,-17.251652,0.9999486,2.9144719e-08,9.75462e-09,5.1350635e-05,6.5372213e-10,1.42359275e-11,3.101399e-08,6.2000817e-13,0,,,,1.0253303e-05,Test
3309,0,17.596087,-7.7961173,-5.807077,8.434169,-10.374769,-11.28548,-3.8556938,-22.2223,0.9998951,9.38124e-12,6.856295e-11,0.00010495041,7.1181337e-13,2.8631896e-13,4.8257476e-10,5.0938845e-18,0,,,,0.0015385896,17.661165,-8.906591,-6.215381,8.727674,-11.555185,-11.391071,-3.528745,-22.858063,0.999822,2.3037763e-10,1.8107552e-10,0.00017802676,3.396132e-12,1.30603766e-11,2.930498e-09,7.117383e-17,0,,,,2.8758055e-05,Test
3310,0,-4.016231,-0.8047939,4.4142,-2.646692,-1.1853738,3.3164623,-7.5341163,-9.864475,0.00016231883,0.004027899,0.744147,0.0006384873,0.0027529278,0.24826609,4.814717e-06,4.682836e-07,2,,,,0.88065773,-3.7715397,-0.6543497,4.34776,-2.6002638,-0.86401385,3.507721,-7.5752077,-10.000403,0.00044477737,0.0072172284,0.65452015,0.001009736,0.00461547,0.3321815,9.687747e-06,1.4259195e-06,2,,,,0.054896746,Test
3311,0,-3.5234704,-1.5240787,1.1244991,-1.5510824,-1.4323726,2.9245868,-2.9419098,-3.8292394,0.0013122692,0.009690533,0.13696527,0.009432359,0.0106212385,0.82866424,0.0023474237,0.00096656074,5,,,,0.85819113,-3.3167157,-1.7979429,1.1194832,-1.5495398,-1.5102227,2.8440754,-2.879841,-3.7386754,0.0021033583,0.008277603,0.1551382,0.011824844,0.01160167,0.8054223,0.004037329,0.0015946357,5,,,,0.020360697,Test
3312,1,-3.4030962,-1.3578259,1.9067672,-1.7465028,-1.0805118,1.0631686,-3.2321076,-2.5254557,0.0031533802,0.024379566,0.63800013,0.016528208,0.03217081,0.274442,0.0037414134,0.0075845676,2,,,,1.4233592,-3.3776143,-1.2569997,1.9328483,-1.7760379,-1.1092579,1.2091854,-3.3286395,-2.6547935,0.003394977,0.028703317,0.60716254,0.01622403,0.029627925,0.30386654,0.0044920933,0.006528592,2,,,,0.029610867,Test
3313,0,5.848384,4.0772715,-2.086111,-2.6613107,-4.3386273,-5.364506,-4.9501176,-12.875018,0.85413516,0.14532563,0.000305928,0.00017211272,3.2163523e-05,1.1530032e-05,1.7450055e-05,6.310393e-09,0,,,,0.6053423,6.5760756,4.348667,-2.000721,-2.5570016,-4.873002,-5.565237,-5.1500793,-14.006604,0.86623776,0.13330154,0.0002978961,0.00011226416,2.7223054e-05,9.635859e-06,1.3770109e-05,5.8105636e-09,0,,,,0.039554194,Test
3314,0,1.1715492,1.2502519,0.8131184,-2.558519,-1.6189504,-2.5665739,-4.37083,-6.4667144,0.34551457,0.3738062,0.24143592,0.008289311,0.021211326,0.008222807,0.0013534483,0.00016642199,1,,,,1.8025887,1.401068,1.2920477,0.43414026,-2.51498,-1.6440105,-2.6431642,-4.261121,-6.825099,0.41615662,0.3626123,0.17453562,0.009734324,0.021922888,0.012739696,0.0020861276,0.00021241966,0,,,,0.05319857,Test
3315,0,-3.668337,-0.09763977,4.863405,-3.095301,-0.6961681,2.2927105,-8.121096,-9.957356,0.00018118715,0.006439639,0.91921246,0.00032136147,0.0035393536,0.07030357,2.1101766e-06,3.363883e-07,2,,,,0.46271196,-4.1662955,-0.027666282,5.0171967,-3.209504,-0.8422186,2.707791,-8.18592,-10.014111,0.0002582368,0.008162023,0.85709953,0.00044890045,0.004518501,0.12950785,4.362445e-06,6.227961e-07,2,,,,0.035415396,Test
3316,0,-2.0172122,1.5102148,4.5577335,-3.505617,-1.3087867,0.89769626,-8.931222,-12.90912,0.0012942512,0.044051487,0.92785716,0.00029215438,0.002628353,0.023875205,1.2861813e-06,2.4083677e-08,2,,,,0.46571887,-1.8101273,1.2984221,4.5386615,-3.8002918,-1.1859697,0.52301824,-9.1525955,-12.992381,0.0024754887,0.051979404,0.9172643,0.0004871728,0.0037067782,0.02408271,3.9546735e-06,2.1849921e-07,2,,,,0.01662857,Test
3317,0,-2.3501248,0.9374144,4.208388,-3.1642067,-1.5034026,1.3251003,-7.951174,-11.543789,0.0012899309,0.03454034,0.9096877,0.0005714984,0.0030081065,0.050897505,4.76499e-06,1.3116232e-07,2,,,,0.5544302,-2.7122934,0.65927166,4.1857977,-3.5267956,-1.2005433,1.1175754,-8.335586,-10.821684,0.0014180911,0.033187,0.9060364,0.0005059053,0.0050370116,0.053808957,5.728352e-06,9.0121114e-07,2,,,,0.0142124565,Test
3318,0,-3.0975974,-1.1256629,1.6579539,-1.6369739,-1.1567295,1.8684611,-3.0803246,-4.0172606,0.0035642723,0.025607742,0.4142673,0.015357189,0.024824427,0.5113318,0.0036263727,0.0014209093,5,,,,1.4535983,-3.0802255,-1.1181595,1.6976131,-1.7225759,-1.0950941,1.7640254,-2.977045,-3.811214,0.004138439,0.030056968,0.44476336,0.015913922,0.027395442,0.47000855,0.005372489,0.002350889,5,,,,0.0343993,Test
3319,1,-6.1974072,-1.7968569,9.506451,-3.500827,0.78672516,1.2043512,-11.569332,-12.485679,1.5125731e-07,1.23268155e-05,0.9995741,2.242984e-06,0.00016326245,0.00024789007,7.026173e-10,2.8103098e-10,2,,,,0.0058840066,-6.5343566,-1.8232448,9.534502,-3.2034695,0.8140174,1.3427962,-12.05657,-12.0898905,2.6822283e-07,2.7770711e-05,0.99913424,6.0900297e-06,0.00023784328,0.00059376255,1.3885385e-09,1.7234484e-09,2,,,,0.00021327342,Test
3320,0,1.002736,3.3328784,1.6632217,-3.288414,-2.5842772,-0.9465089,-7.029539,-12.599926,0.07463123,0.7671647,0.1444661,0.0010216403,0.0020658593,0.010626108,2.4240859e-05,9.2333586e-08,1,,,,1.0746324,1.1224257,3.6316772,1.6633142,-3.6881511,-2.6941185,-0.9962657,-7.2116294,-12.607992,0.08621167,0.7453205,0.14891191,0.00057995686,0.0020922744,0.016864011,1.947972e-05,1.7456829e-07,1,,,,0.042672545,Test
3321,0,-4.1031504,-0.35137632,5.726907,-2.9639144,-0.06099336,1.4690534,-8.371574,-9.625502,5.276845e-05,0.0022477552,0.9806497,0.00016486878,0.0030051135,0.01387879,7.389607e-07,2.1088596e-07,2,,,,0.16108377,-4.043828,-0.28511375,5.4728994,-3.005976,-0.13502964,1.5065546,-8.479542,-9.887974,0.0002956457,0.0056298063,0.9662344,0.000374385,0.0057105673,0.021749595,2.6480993e-06,2.8544973e-06,2,,,,0.005793317,Test
3322,0,10.649459,-2.4329228,-3.0557172,1.797563,-5.7015634,-8.973422,-3.911243,-14.862855,0.99985313,2.0812765e-06,1.1164872e-06,0.00014308908,7.920951e-08,3.0048812e-09,4.74574e-07,8.319153e-12,0,,,,0.0021124245,10.776167,-3.0963836,-3.337363,1.7628425,-5.9311876,-9.325477,-3.8252378,-15.090474,0.99957544,4.0453124e-06,3.988497e-06,0.0004146564,3.864905e-07,1.9185688e-08,1.5554549e-06,2.2065785e-10,0,,,,0.0001956517,Test
3323,0,-3.9638538,0.07073562,7.00533,-3.5860324,-0.70899296,1.7619634,-10.704679,-13.759931,1.7108998e-05,0.00096699543,0.99330044,2.496379e-05,0.00044339694,0.005247052,2.0217227e-08,9.524507e-10,2,,,,0.06465149,-4.46859,0.05103305,7.5265946,-3.7224288,-0.9191473,2.2326932,-11.441693,-14.189615,1.549959e-05,0.0008415201,0.99128455,2.9967103e-05,0.0004585159,0.007369912,5.4905634e-08,9.788282e-10,2,,,,0.0014666562,Test
3324,0,4.0303063,0.7124901,-1.1189656,-1.8128064,-2.3282921,-4.8076396,-2.8886876,-6.9554834,0.95436424,0.034578398,0.0055387756,0.002767467,0.0016527601,0.00013849785,0.0009436986,1.6167618e-05,0,,,,0.32398066,4.1259747,1.1804955,-1.4373025,-2.079788,-2.5861628,-5.2146626,-2.9829469,-7.4328766,0.93427646,0.055353016,0.00494642,0.0024195577,0.0018130189,0.00013833483,0.0010311888,2.1988428e-05,0,,,,0.0071757617,Test
3325,0,2.8598135,2.079406,-0.6654497,-2.52879,-2.677796,-1.8132101,-4.709656,-9.482887,0.6639965,0.30425602,0.019550754,0.0030333686,0.0026134413,0.0062043658,0.0003425997,2.8960021e-06,0,,,,1.1228257,2.7035737,1.86358,-0.6432528,-2.6066108,-2.741534,-1.5431889,-4.8792925,-9.660107,0.65025187,0.29681987,0.032100346,0.0038236205,0.0041864025,0.012316536,0.0004932168,8.161905e-06,0,,,,0.032960925,Test
3326,0,-1.6971424,1.6805297,4.4907136,-3.4173691,-1.0257593,0.42740995,-8.452271,-12.402333,0.0018953396,0.055538125,0.9226535,0.00033931405,0.003709069,0.01586238,2.2078596e-06,4.2509047e-08,2,,,,0.4846434,-1.1641757,1.748139,4.2608085,-2.8337853,-0.9487427,0.4558661,-7.9503655,-12.576693,0.0066818846,0.103,0.85520965,0.0011848285,0.007854947,0.02605367,1.4565487e-05,5.2391886e-07,2,,,,0.030724196,Test
3327,0,5.3890133,1.8520807,-1.7595222,-1.7427013,-3.200913,-4.5174174,-3.8275688,-10.793377,0.9699103,0.02822678,0.00076236326,0.00077529537,0.00018037412,4.8352973e-05,9.6387506e-05,9.095128e-08,0,,,,0.20815939,5.333486,2.1212623,-1.7782109,-1.9535431,-3.0530121,-4.652686,-3.6664073,-11.092522,0.95023525,0.04751412,0.0009587804,0.0007782631,0.00026467038,6.509755e-05,0.00018363778,1.3270343e-07,0,,,,0.008004857,Test
3328,0,-1.9494393,1.1306171,5.1899085,-3.5334656,-0.68623585,0.12576103,-9.240174,-12.367264,0.0007721563,0.01680184,0.97338504,0.00015840588,0.0027309111,0.006151108,5.2647715e-07,2.3083487e-08,2,,,,0.21536407,-1.4552684,1.1116667,5.32848,-3.313127,-0.42235813,0.027713705,-9.525875,-13.019928,0.0023104027,0.030284923,0.95690346,0.0003001666,0.003535979,0.006664003,1.1320101e-06,2.583333e-08,2,,,,0.00949009,Test
3329,0,-3.068277,0.43192697,4.8891973,-3.1184978,-0.76998496,1.8544186,-8.610005,-11.1692095,0.00032902797,0.010898128,0.93998295,0.00031291193,0.0032761835,0.045199372,1.289706e-06,9.977977e-08,2,,,,0.3914363,-2.6109328,0.5016482,4.77581,-2.88836,-0.46551314,1.5504806,-8.137723,-11.123476,0.0016033748,0.017295446,0.92890656,0.000635876,0.0060257637,0.0455149,1.4329213e-05,3.859035e-06,2,,,,0.012103262,Test
3330,0,-3.3497283,-0.22016211,4.053054,-2.5684805,-0.34651965,1.2976705,-6.328218,-7.2133374,0.0005583079,0.0127651915,0.91592807,0.0012194543,0.0112499595,0.05823895,2.8400927e-05,1.1720053e-05,2,,,,0.5265348,-3.49119,-0.14268911,4.164391,-2.5121605,-0.02416541,1.1963351,-6.250353,-6.723427,0.00073178305,0.013909628,0.91157085,0.002141132,0.016023802,0.05543425,0.00013227653,5.6274886e-05,2,,,,0.012414337,Test
3331,0,4.992355,3.962983,0.37802434,-3.2598922,-3.1901999,-4.793061,-7.9714866,-16.361877,0.73113364,0.2611838,0.00724467,0.00019058623,0.00020434245,4.1138148e-05,1.7134521e-06,3.8901943e-10,0,,,,0.89319146,5.143819,3.7373848,0.53934646,-3.1798687,-3.0694897,-4.9238954,-8.106449,-15.644893,0.73928916,0.23780736,0.022133773,0.00025503364,0.0004124559,0.00010045753,1.7614309e-06,3.9564627e-09,0,,,,0.06536816,Test
3332,0,5.1866446,5.0031524,-1.2336552,-3.1465137,-4.271736,-3.6852512,-7.0185804,-15.97033,0.54512244,0.45373723,0.00088755117,0.0001310537,4.2537456e-05,7.646782e-05,2.7279234e-06,3.532943e-10,0,,,,1.0068663,5.594043,5.0526876,-1.4678146,-3.518428,-4.9113913,-4.177086,-7.1470003,-16.571928,0.5963415,0.40246335,0.00093745877,0.000121032666,3.5780035e-05,9.671695e-05,4.2161623e-06,1.0170083e-09,0,,,,0.05153538,Test
3333,0,6.430705,-1.0306808,-1.6048448,-0.19212268,-3.3655987,-6.6721106,-3.2730508,-9.626507,0.9976584,0.0005735129,0.0003229883,0.0013265525,5.5526616e-05,2.0347043e-06,6.091076e-05,1.0602858e-07,0,,,,0.027653394,6.5697823,-1.0539805,-1.5622174,0.042653315,-3.527335,-6.5251207,-3.319128,-10.218886,0.99555635,0.0009258188,0.0006731281,0.0025672622,0.00012513912,1.0850928e-05,0.00014109018,3.5317572e-07,0,,,,0.0013169395,Test
3334,0,-1.9948461,-0.6639406,0.61798996,-1.5852926,-1.4829364,1.4588218,-2.496036,-3.0759842,0.018464517,0.069878384,0.25181305,0.027810242,0.030807575,0.58377683,0.011185977,0.0062633334,5,,,,1.7456645,-2.1620605,-0.6748055,0.613371,-1.5695914,-1.4395144,1.36831,-2.6065443,-3.1480885,0.018168105,0.0792115,0.26366666,0.031282194,0.03471407,0.5545314,0.01185002,0.006576077,5,,,,0.025697486,Test
3335,0,-2.5137563,0.061487526,2.0368195,-2.4269965,-1.2744724,2.0748613,-4.8108134,-6.734581,0.0047205715,0.062002417,0.4469762,0.005148418,0.016300788,0.46430758,0.0004746739,6.932877e-05,5,,,,1.4605271,-2.5039628,-0.07681981,1.8718264,-2.5443773,-1.4964597,2.3275712,-4.953944,-7.0086646,0.005750753,0.055594664,0.362306,0.004689962,0.013209274,0.55779797,0.00057770935,7.369954e-05,5,,,,0.033709336,Test
3336,0,-2.8783972,-0.46152055,3.6309776,-2.2409153,-0.46262518,-0.09724447,-4.8776035,-4.780122,0.0014022695,0.015720543,0.94149274,0.0026526887,0.01570319,0.022629278,0.00018992717,0.00020937408,2,,,,0.43476453,-2.6412559,-0.44558007,3.5949912,-2.2353244,-0.68613684,-0.44804746,-4.7991257,-4.92253,0.0023312753,0.018754164,0.94179165,0.0031842466,0.015128407,0.01826508,0.00027035136,0.00027481213,2,,,,0.006195106,Test
3337,0,-2.210439,-0.3135859,4.5036397,-2.7059407,0.03338103,-1.1612165,-6.283338,-6.6335588,0.0011841154,0.007891999,0.9756217,0.00072144036,0.011165361,0.0033811603,2.0163065e-05,1.4205536e-05,2,,,,0.20961073,-1.9968634,-0.25348276,4.3674893,-2.6520705,-0.08715911,-1.1218129,-5.9812555,-7.029044,0.004047552,0.016905906,0.9611081,0.0011102061,0.012493735,0.0042432477,7.250888e-05,1.870414e-05,2,,,,0.008641974,Test
3338,1,-0.31227803,0.4295799,0.72949314,-2.2127285,-1.1290967,-0.7325524,-4.0336294,-4.228613,0.13838181,0.29057872,0.3922062,0.020688254,0.061141923,0.09089838,0.0033490113,0.002755728,2,,,,2.170243,-0.14597791,0.43879685,0.85455906,-2.0709283,-1.0814722,-0.5589652,-3.8672912,-4.2621994,0.14933866,0.26619926,0.39680997,0.02222905,0.058106016,0.10006233,0.004503683,0.0027510426,2,,,,0.0338552,Test
3339,0,-2.3580678,-1.605817,2.6409001,-2.3004458,0.18451922,-2.2785199,-3.396906,0.62674147,0.0053655813,0.011384535,0.7955016,0.005683838,0.06821006,0.0058098375,0.001898695,0.10614585,2,,,,1.0869653,-2.263364,-1.5319648,2.575252,-2.3512793,0.27172953,-2.0710022,-3.382352,0.39432314,0.00786716,0.014623414,0.7727299,0.006182323,0.07982046,0.009469187,0.0024971415,0.106810465,2,,,,0.027859546,Test
3340,1,8.635561,3.0441625,-2.1714413,-1.6937774,-5.3155284,-6.241928,-6.824301,-18.240738,0.99623007,0.003715748,2.0180796e-05,3.253757e-05,8.69918e-07,3.4446748e-07,1.924097e-07,2.1190018e-12,0,,,,0.036251534,8.627109,3.1090224,-2.352657,-1.6125677,-5.103272,-6.443264,-6.8376794,-18.284668,0.9930209,0.0068623596,6.1009086e-05,4.9364928e-05,4.3304653e-06,1.5031487e-06,4.2787138e-07,1.260973e-11,0,,,,0.0021072428,Test
3341,0,-4.188418,-1.8851151,1.4714851,-1.4563246,-1.3967985,2.1038165,-3.0439365,-3.092267,0.0011411705,0.011419898,0.3276538,0.017534105,0.01860953,0.6166422,0.003584203,0.0034150952,5,,,,1.3087412,-4.1582775,-1.9205873,1.5088022,-1.2907683,-1.3386916,2.138039,-3.0701194,-3.1953971,0.0016238217,0.012238143,0.32954302,0.023367101,0.020789057,0.60476315,0.00384387,0.0038318317,5,,,,0.03420966,Test
3342,0,4.7623787,0.86347437,-1.6821451,-1.0898169,-3.3194082,-3.1269462,-3.615273,-10.055753,0.9750001,0.019757502,0.0015494713,0.002801743,0.0003013902,0.00036535432,0.00022420069,3.5774366e-07,0,,,,0.19611152,4.9360757,0.9401558,-1.830773,-0.97856504,-3.637565,-3.5037715,-3.9661999,-10.474582,0.9678162,0.024394244,0.0019836253,0.00462476,0.00033584842,0.0005756199,0.00026892786,7.953173e-07,0,,,,0.006836089,Test
3343,0,-1.3513274,1.2627378,3.6399524,-3.6981764,-1.3223557,0.6191136,-8.697719,-10.976442,0.0058796336,0.08028312,0.8650385,0.00056250516,0.006052468,0.04217954,3.791865e-06,3.8834324e-07,2,,,,0.7600266,-1.4167778,1.2655209,3.6383953,-3.7538269,-1.4243165,0.742053,-8.610775,-10.908826,0.009233463,0.08770299,0.8345723,0.0007390095,0.006240868,0.061504968,5.3668036e-06,1.0111886e-06,2,,,,0.02215852,Test
3344,0,-0.54805034,0.40783083,3.259066,-2.9205031,-0.008330537,-1.6077976,-6.380572,-7.59476,0.019692592,0.05121967,0.886569,0.001836368,0.033783156,0.0068243374,5.7712645e-05,1.7137821e-05,2,,,,0.7171551,-0.5815297,0.45858002,3.4406483,-2.891777,0.22276266,-1.5949132,-6.541304,-7.544339,0.020139191,0.06598478,0.86572474,0.001958568,0.03717319,0.0089166295,8.270068e-05,2.0234123e-05,2,,,,0.023668101,Test
3345,0,4.55751,1.1668761,-0.91910106,-1.6879958,-2.5554826,-4.5223217,-3.6583555,-9.372446,0.960606,0.03236024,0.004018679,0.0018627585,0.00078236964,0.00010945216,0.00025968114,8.567263e-07,0,,,,0.2773719,4.62339,1.3387215,-0.7525182,-1.5228316,-2.4814153,-4.5373216,-3.647119,-9.408274,0.94905126,0.04067438,0.0059181,0.0025564576,0.0010947676,0.00016415333,0.0005366257,4.2066154e-06,0,,,,0.007872598,Test
3346,0,-2.7978065,-2.1365232,2.3558636,-1.885594,-0.34717155,-2.2444298,-2.663236,1.330865,0.00392054,0.007595173,0.67851037,0.009761463,0.045461446,0.006818276,0.004485278,0.24344747,2,,,,1.3126783,-2.9000993,-2.05704,2.3245633,-1.8658493,-0.3409504,-2.3275,-2.4468462,1.3146541,0.0038360562,0.009496147,0.66618603,0.011201647,0.04826229,0.0072770095,0.006866628,0.24687417,2,,,,0.015878754,Test
3347,0,-4.082444,-0.54044956,6.5102596,-3.0112767,-0.37842932,1.6183058,-9.377089,-12.5268345,2.486249e-05,0.0008586443,0.9905979,7.256829e-05,0.0010096661,0.0074361614,1.2476988e-07,5.348013e-09,2,,,,0.08625818,-4.131291,-0.4017759,6.586774,-3.567473,-0.5263127,1.6105759,-9.91309,-12.733516,5.2954078e-05,0.0010594177,0.9869474,7.073083e-05,0.001217413,0.010651868,1.4657199e-07,1.03e-08,2,,,,0.0029194185,Test
3348,0,-3.0285738,-0.48071757,5.777171,-2.7047715,0.08256676,0.4169789,-8.16791,-9.968793,0.00014833617,0.0018956887,0.9897684,0.00020505599,0.003329648,0.0046519134,8.694847e-07,1.4359797e-07,2,,,,0.099695094,-3.2095647,-0.7057966,6.2399435,-3.0658176,0.23832452,1.1279097,-8.641726,-10.369841,0.00075331115,0.002857112,0.98507214,0.00021753463,0.003335075,0.007762569,1.7890072e-06,4.9010384e-07,2,,,,0.0033959777,Test
3349,0,-3.9240892,-1.8367282,1.7909397,-1.3854146,-1.4324371,1.2186526,-2.4938688,-1.9653059,0.0019243521,0.015517217,0.5838348,0.024367828,0.023248516,0.3294192,0.008043059,0.0136449905,2,,,,1.4888686,-3.8113506,-1.8693393,1.6728996,-1.214174,-1.5220324,1.2096789,-2.320657,-1.8527353,0.0027806151,0.017968122,0.54296046,0.032416724,0.021695279,0.3521148,0.012714314,0.017349701,2,,,,0.043285683,Test
3350,0,-1.8962996,1.0515705,5.3093395,-3.41519,-1.3210717,-0.045414727,-9.392067,-12.579679,0.00072704395,0.013861309,0.97933185,0.0001591897,0.0012923463,0.00462796,4.0382218e-07,1.6665856e-08,2,,,,0.1729609,-1.659174,1.2321962,5.442748,-3.296161,-1.4814317,-0.045332074,-9.280732,-12.689248,0.0015467954,0.026751136,0.9626194,0.00039856037,0.001380363,0.0073021664,1.5004498e-06,1.3429043e-07,2,,,,0.013046696,Test
3351,0,-3.940188,-1.9819638,0.9164148,-1.231446,-1.8569968,2.4859903,-2.265435,-2.7376373,0.0012719604,0.009014038,0.16355704,0.019092603,0.010213908,0.7858275,0.006789057,0.0042338413,5,,,,1.03281,-3.849474,-1.8914493,1.008252,-1.2980042,-1.7238197,2.4345458,-2.4219408,-2.7055397,0.001550106,0.011308338,0.19308677,0.019481163,0.01408353,0.74563587,0.0069173784,0.007936816,5,,,,0.028420024,Test
3352,1,-3.195628,0.32898846,4.7205405,-2.9420178,-0.46136507,1.1043186,-7.479439,-9.154087,0.00034884692,0.011840125,0.9562756,0.0004495481,0.0053716786,0.025708565,4.810599e-06,9.0138155e-07,2,,,,0.32285565,-3.1547039,0.010129723,4.2951217,-2.6918247,-0.6213691,1.1253489,-7.2144647,-9.412789,0.00087121164,0.019647077,0.9200274,0.0010759084,0.009110128,0.049250014,1.6775972e-05,1.5820406e-06,2,,,,0.01743529,Test
3353,0,-4.1779647,-2.1654546,1.9960678,-1.7549275,-0.7485463,1.6646526,-3.3379805,-1.3447098,0.001117648,0.008362322,0.53660303,0.012607141,0.03448914,0.3852311,0.0025888411,0.019000802,2,,,,1.4587142,-4.053022,-2.0408568,1.9737755,-1.6618235,-0.89649594,1.6168544,-3.1523454,-1.302686,0.0017870186,0.01047227,0.5290569,0.016317321,0.031626545,0.3813972,0.0040476946,0.025295097,2,,,,0.03874722,Test
3354,0,-0.9361721,1.7757924,3.7585073,-3.4312472,-1.1310625,-1.060555,-7.85903,-10.321148,0.007860888,0.118375756,0.85969603,0.0006484466,0.00646892,0.0069414913,7.743065e-06,6.6012865e-07,2,,,,0.71071374,-1.3098015,1.3727604,4.045936,-3.5764256,-1.2776879,-0.66841996,-8.188629,-10.357563,0.0064636813,0.079586744,0.898355,0.00062738574,0.005051142,0.009905433,9.526093e-06,1.1099793e-06,2,,,,0.015807584,Test
3355,0,12.069892,0.43060815,-4.1316886,0.19097535,-6.046769,-10.26987,-4.241716,-17.666975,0.99998415,8.812847e-06,9.198909e-08,6.9349785e-06,1.3552742e-08,1.9859023e-10,8.240471e-08,1.2174085e-13,0,,,,0.00029432986,12.28981,0.24800757,-4.5720487,0.100792244,-6.4674745,-10.671776,-4.4101477,-18.319231,0.9990916,0.000884638,3.1291435e-07,2.3266417e-05,8.9431225e-08,4.4937742e-09,1.5922546e-07,4.2198252e-11,0,,,,0.0007074892,Test
3356,0,3.5978458,3.8630114,0.05613835,-3.051272,-2.9812844,-2.922468,-6.823054,-13.440569,0.42793608,0.5578775,0.012394667,0.0005542475,0.00059442775,0.00063043815,1.2753796e-05,1.704861e-08,1,,,,1.0915285,3.5658975,3.3960662,0.09602712,-3.2563038,-3.2630322,-3.2796867,-7.215996,-13.741966,0.5272594,0.45148164,0.017998625,0.00077769184,0.00097647327,0.0014873863,1.8689483e-05,6.503673e-08,0,,,,0.06149445,Test
3357,0,-3.573162,-1.396995,1.9265893,-1.3612105,-1.5819927,1.7823385,-2.890004,-3.830555,0.0020600539,0.01815415,0.5039531,0.018815544,0.015088021,0.43625742,0.0040791556,0.0015925544,2,,,,1.3900145,-3.0742617,-1.187865,1.8045511,-1.1837201,-1.5173961,1.7207304,-2.437582,-3.8843923,0.0049356963,0.027743002,0.47373635,0.028152268,0.02005176,0.43505317,0.008547844,0.0017799636,2,,,,0.021412194,Test
3358,0,-2.805392,-0.13351832,1.4898422,-2.3691812,-1.7043217,2.8701658,-4.310614,-6.138573,0.0025955194,0.03754952,0.19037981,0.004014841,0.0078057223,0.75698596,0.0005761224,9.260661e-05,5,,,,1.0537846,-2.6991527,0.02581684,1.5510336,-2.1725216,-1.7783146,2.7622743,-4.1424346,-6.398306,0.0039260546,0.055713505,0.22400348,0.005477343,0.008966007,0.7010237,0.00078928797,0.000100607416,5,,,,0.03254734,Test
3359,0,7.823521,-3.0054913,-2.4044464,1.5307728,-4.025868,-7.348497,-2.022559,-9.467951,0.9980379,1.9777295e-05,3.6074245e-05,0.00184604,7.1289032e-06,2.5705336e-07,5.285047e-05,3.0871405e-08,0,,,,0.02131329,7.6067224,-2.8708556,-2.2663188,1.5677638,-3.9778771,-7.155343,-1.9657326,-9.036974,0.9954855,8.1896505e-05,8.398763e-05,0.004225289,1.615332e-05,1.7142818e-06,0.000105202394,2.7816236e-07,0,,,,0.0014535607,Test
3360,0,-0.88808644,0.98276705,4.500621,-2.9753902,-0.67874295,-0.77962184,-8.348945,-11.393908,0.004368986,0.02837148,0.95645916,0.00054184615,0.005386384,0.0048695193,2.5128759e-06,1.1960806e-07,2,,,,0.32541776,-0.7078473,1.2233984,4.303095,-3.248001,-0.9115081,-0.79146224,-8.621523,-12.068553,0.016500037,0.069657624,0.8980007,0.0006530344,0.0069396556,0.008243958,4.586242e-06,3.1685465e-07,2,,,,0.02424426,Test
3361,0,0.40109017,0.7672937,1.5076505,-2.4965038,-1.3886012,-1.7575152,-4.802685,-6.1937532,0.17209618,0.24820548,0.52040833,0.009492097,0.028742075,0.019874709,0.0009458026,0.0002353245,2,,,,1.7619114,0.25372276,0.6623529,1.6823618,-2.3426237,-1.3444915,-1.6044462,-4.973576,-6.382977,0.15984546,0.20566416,0.5686353,0.011531614,0.02865988,0.024350252,0.0010585418,0.00025480427,2,,,,0.044798914,Test
3362,0,1.4444969,2.66177,1.0572191,-3.2447734,-1.8722553,-1.661375,-6.0417414,-9.735048,0.19426188,0.65620965,0.13188487,0.0017859252,0.007045965,0.008700107,0.00010893206,2.7112708e-06,1,,,,1.3712088,1.3565713,2.6651711,0.891228,-3.336142,-1.8653189,-1.5988096,-6.1603823,-9.733992,0.19975169,0.64279616,0.13274543,0.003099413,0.009467543,0.011921692,0.00021133476,6.6583416e-06,1,,,,0.03971286,Test
3363,0,-4.473907,-1.071334,6.370285,-2.7222855,0.32450056,1.3632966,-8.162296,-9.152893,1.9328638e-05,0.0005806576,0.99031687,0.0001114092,0.0023448947,0.0066262325,4.8345305e-07,1.795327e-07,2,,,,0.09036748,-4.6668696,-1.2545648,6.2649765,-2.2997785,0.2697982,1.519858,-7.7454796,-8.874623,5.1553354e-05,0.0009769188,0.98261726,0.0003133327,0.003600256,0.012438526,1.4414063e-06,6.5849275e-07,2,,,,0.003375475,Test
3364,0,14.328598,-3.953499,-4.9933023,3.8411117,-7.314726,-10.925994,-3.1820102,-18.123768,0.9999721,1.1486139e-08,4.060632e-09,2.788243e-05,3.984848e-10,1.0766079e-11,2.4844322e-08,8.055722e-15,0,,,,0.0004631691,13.857274,-3.3472285,-4.30489,3.9633923,-6.9367056,-10.189486,-2.983277,-16.807755,0.9998207,3.9930245e-07,9.4665765e-08,0.00017805646,1.1963697e-08,5.5134014e-10,7.3761464e-07,3.8533573e-12,0,,,,9.701223e-05,Test
3365,0,-3.9570124,-0.5664064,7.286349,-2.9987404,-0.19844513,0.83617795,-9.8241205,-12.633237,1.30602675e-05,0.00038768028,0.99742883,3.4050565e-05,0.0005601149,0.0015761888,3.6974242e-08,2.2280018e-09,2,,,,0.02953996,-3.995681,-0.7959658,7.1221604,-2.7145934,-0.13211294,1.2268913,-9.783922,-13.176249,7.5517084e-05,0.0007889221,0.991191,0.0001778881,0.0013741382,0.006391638,9.247976e-07,1.2497689e-08,2,,,,0.0027905954,Test
3366,0,5.1392484,1.3067955,-1.5149877,-1.4520375,-2.9074903,-4.381985,-3.2467308,-9.854356,0.9756678,0.021129481,0.0012571991,0.001338884,0.00031235453,7.1496164e-05,0.00022249369,3.003739e-07,0,,,,0.18447173,5.1428156,0.8553647,-1.6016972,-1.4089698,-2.8124652,-4.093731,-3.0810468,-9.943662,0.9716455,0.022986881,0.0017870087,0.002192667,0.00066652853,0.00021148068,0.00050927786,7.5493335e-07,0,,,,0.008352587,Test
3367,1,9.244188,-1.5441433,-3.1757057,1.5513691,-4.8211613,-7.1288333,-2.602397,-12.772529,0.99951136,2.0628835e-05,4.0354894e-06,0.0004558677,7.7854554e-07,7.745948e-08,7.159474e-06,2.7418864e-10,0,,,,0.0062977374,9.059736,-1.7495558,-3.021098,1.4136391,-5.0358586,-6.627066,-2.7601042,-12.836466,0.9988896,5.4753764e-05,2.0990306e-05,0.0010075343,2.6403063e-06,3.8891977e-07,2.4009647e-05,2.9239053e-09,0,,,,0.0002946307,Test
3368,0,2.7033844,0.94195616,0.14792204,-1.9492217,-2.0596879,-4.463725,-4.1614127,-7.7827244,0.7877893,0.13534166,0.061176818,0.0075129233,0.006727197,0.0006078186,0.00082236866,2.1996364e-05,0,,,,1.0250111,2.725417,0.8734416,-0.060356665,-2.0013833,-2.3304553,-4.76772,-4.243906,-7.822141,0.7652596,0.1353085,0.08037897,0.0077734515,0.009504011,0.0008873971,0.0008526213,3.5453882e-05,0,,,,0.03587732,Test
3369,0,-4.3746924,-2.546409,1.4400958,-0.2566181,-1.807509,-0.8902241,-1.0932685,1.0938711,0.0014020297,0.008725108,0.469989,0.08614185,0.018267153,0.04571331,0.03731312,0.33244842,2,,,,1.9038091,-4.365518,-2.4896092,1.4575857,-0.35082346,-1.6740944,-1.1247085,-1.3260238,1.2173195,0.0015536819,0.010133981,0.45769542,0.07489314,0.02093969,0.03686232,0.028562644,0.36935908,2,,,,0.032725677,Test
3370,0,-4.0988193,-0.24708289,5.769208,-3.298368,0.4790818,1.054912,-8.78982,-9.410839,5.0958235e-05,0.0023988446,0.98365754,0.000113460825,0.004958739,0.008819648,4.6766897e-07,2.513236e-07,2,,,,0.14464843,-3.7887642,-0.23479736,5.549346,-3.025741,0.3634282,1.2957029,-8.473953,-9.272254,0.00019451257,0.0047080643,0.95735216,0.00033237442,0.007354048,0.03005584,2.2298177e-06,7.652364e-07,2,,,,0.011682355,Test
3371,0,5.5630774,2.3124087,-1.7464154,-1.9707088,-3.3854532,-4.821972,-4.597873,-11.172143,0.9613982,0.037252534,0.00064332556,0.00051406905,0.00012491252,2.9698427e-05,3.7158527e-05,5.186682e-08,0,,,,0.24647306,5.5757055,2.296213,-1.6003582,-1.9814117,-3.183085,-4.717139,-4.6480193,-11.466199,0.9400819,0.057898123,0.000934006,0.00077060884,0.00019874117,5.3781096e-05,6.279214e-05,9.5260326e-08,0,,,,0.013154321,Test
3372,0,-2.8012433,-0.39636144,1.1944592,-2.138594,-1.397667,2.6741552,-3.8615794,-4.9679303,0.0032086526,0.035542637,0.17443524,0.006224547,0.013058346,0.76605165,0.0011112827,0.00036757204,5,,,,1.0741156,-2.5970826,-0.3105604,1.4188544,-2.1185663,-1.3276552,2.5363336,-3.9652572,-5.215172,0.0043912344,0.0493393,0.23269889,0.007217088,0.016411003,0.6878316,0.0015571963,0.0005537459,5,,,,0.029034194,Test
3373,0,-1.0613315,-0.8279552,1.3555532,-2.1885433,-0.6192309,-1.4668412,-2.9583025,-1.654926,0.05979917,0.07551777,0.6704013,0.019371057,0.09304584,0.039864335,0.0089712115,0.03302938,2,,,,1.749046,-0.9937676,-0.60454184,1.2229894,-2.2455258,-0.70624405,-1.4458318,-2.9154744,-1.973402,0.07121788,0.10516236,0.62601346,0.020200852,0.09275025,0.04731221,0.010332346,0.0270107,2,,,,0.022598222,Test
3374,0,1.9612832,2.9061067,1.9092253,-3.563321,-1.754433,-3.3246362,-7.2691383,-10.918702,0.21953309,0.564718,0.20839705,0.00087537616,0.0053429976,0.001111359,2.1516853e-05,5.5949135e-07,1,,,,1.4777694,1.9752083,3.0127716,1.6311147,-3.6455255,-1.721365,-3.465921,-7.3201914,-11.08586,0.23087385,0.58053875,0.18015267,0.00092031853,0.005767413,0.0017212026,2.4005514e-05,1.7772767e-06,1,,,,0.044486385,Test
3375,0,2.999142,2.6609347,0.93377775,-2.8786492,-3.0004458,-3.313139,-6.190811,-12.055239,0.54141366,0.38605365,0.06863616,0.0015164806,0.0013425832,0.0009820658,5.5256503e-05,1.5685373e-07,0,,,,1.3122382,3.7670708,3.0498838,0.77875215,-2.865149,-3.2689376,-3.2422135,-6.27511,-13.344215,0.61598706,0.34138122,0.040194094,0.0009062773,0.0005943416,0.000891715,4.5229648e-05,6.491963e-08,0,,,,0.04892334,Test
3376,0,9.120066,-2.213115,-3.4508696,1.7966841,-4.5710583,-7.245316,-1.7062128,-11.266367,0.99930406,1.1960791e-05,3.4690443e-06,0.00065946765,1.1316655e-06,7.803741e-08,1.9856587e-05,1.3995307e-09,0,,,,0.008564781,9.62248,-2.5813336,-3.9326642,2.135619,-5.2537084,-7.8120666,-1.4916526,-12.096085,0.9988564,1.0629998e-05,2.7155093e-06,0.0010950528,7.135062e-07,1.5106744e-07,3.4305194e-05,2.6531073e-09,0,,,,0.00033384908,Test
3377,0,2.471349,2.5914612,0.40231448,-2.957787,-2.7164884,-1.6208364,-6.0235834,-11.49992,0.43844068,0.49439594,0.05537842,0.0019233886,0.0024482834,0.0073231407,8.966203e-05,3.752026e-07,1,,,,1.3469085,2.8802342,2.8986697,0.36895126,-2.9722793,-2.81623,-1.714419,-6.0634837,-11.243288,0.45409122,0.47477317,0.058125623,0.0017343906,0.0032386188,0.007910638,0.0001237934,2.5538752e-06,1,,,,0.0575778,Test
3378,0,14.442535,-5.3546724,-4.8646574,4.7221637,-7.7317443,-10.537116,-3.1893697,-18.336254,0.9999399,2.5243885e-09,4.120654e-09,6.0044094e-05,2.343184e-10,1.4172573e-11,2.2005693e-08,5.812012e-15,0,,,,0.0009293808,14.040483,-5.5517035,-4.6279097,4.937709,-7.7555823,-10.126239,-2.8349075,-17.304548,0.99981177,1.3075686e-08,4.3538908e-08,0.00018804423,2.8898066e-09,2.0118078e-10,1.7039895e-07,1.2520539e-13,0,,,,5.3249223e-05,Test
3379,1,-3.3678977,0.34266824,6.4912653,-3.5854685,-0.017217593,0.6045893,-9.990401,-12.231139,5.1928637e-05,0.0021226837,0.9935441,4.177509e-05,0.0014811155,0.0027582669,6.907013e-08,7.3476794e-09,2,,,,0.06685354,-3.8584137,0.038615704,6.843158,-3.810329,-0.017741729,0.62083685,-10.690138,-12.607695,7.7992816e-05,0.001376347,0.99336827,4.743269e-05,0.001841411,0.0032885452,1.01284435e-07,2.598479e-08,2,,,,0.0015802524,Test
3380,0,-0.7122749,1.069705,0.98054856,-2.5925314,-1.9494759,1.1161038,-4.7036405,-7.6341214,0.052459273,0.31169248,0.28510585,0.008002711,0.015223437,0.32649538,0.0009691573,5.172525e-05,5,,,,1.9488001,-0.5881604,0.7404612,0.7795881,-2.56795,-2.0682306,1.2810559,-4.5254602,-7.6463633,0.07179786,0.24144264,0.24803524,0.00871082,0.014013505,0.41449913,0.0013900313,0.00011080313,5,,,,0.056367334,Test
3381,0,-1.6470238,0.976126,3.0918097,-3.1170735,-0.65278727,0.54324436,-6.6810193,-8.075461,0.0070943036,0.097752795,0.8108845,0.0016310798,0.01917349,0.06340611,4.6203328e-05,1.1457107e-05,2,,,,1.0014621,-1.641185,0.96697253,3.0957537,-2.8702404,-0.67863834,0.49193317,-6.551051,-7.69177,0.009494573,0.13444482,0.75998527,0.002504824,0.019124728,0.07431555,0.00010077052,2.9541876e-05,2,,,,0.040748928,Test
3382,0,-2.811542,-0.85982096,2.2071092,-2.1718886,-0.5115744,0.9545904,-3.845819,-3.5634747,0.004647765,0.032723945,0.7027754,0.008811341,0.046356138,0.200842,0.0016522027,0.0021912085,2,,,,1.3203856,-2.5954792,-0.85778177,2.1130152,-1.9780686,-0.4574469,0.75564754,-3.7753043,-3.4424775,0.0071757548,0.03871472,0.694599,0.011976021,0.059132982,0.18314391,0.0020386893,0.003218903,2,,,,0.017882667,Test
3383,0,-0.04175301,2.8905032,3.184775,-3.7706723,-2.194294,-0.14634226,-8.82303,-13.889007,0.021737697,0.40801513,0.547617,0.0005221131,0.0025256712,0.019579023,3.3385134e-06,2.1058511e-08,2,,,,1.2621585,-0.18852134,2.2625346,2.9236035,-3.3957324,-1.293855,-0.18882361,-7.938333,-11.59503,0.044756472,0.34177238,0.5659896,0.0012557788,0.011440093,0.034761935,1.6416509e-05,7.2911253e-06,2,,,,0.07308835,Test
3384,0,-0.0857742,-1.3884596,1.4029391,-1.9115738,-0.42399102,-3.2914948,-3.552316,-1.4994045,0.14508875,0.03943526,0.6429448,0.023372173,0.10345419,0.0058803996,0.004530371,0.035294075,2,,,,1.7120928,0.15061872,-1.3862184,1.1648738,-1.8413969,-0.6799491,-3.4538276,-3.2504966,-1.5661854,0.213321,0.048488334,0.5599412,0.028284797,0.08896034,0.0073519163,0.0071555832,0.046496864,2,,,,0.036082067,Test
3385,0,-6.736465,-2.8120275,7.3145337,-2.9245033,-0.16332598,4.645446,-10.060696,-11.408239,7.385201e-07,3.7387283e-05,0.9346167,3.341e-05,0.0005284945,0.06478335,2.6586887e-08,6.9093424e-09,2,,,,0.3537705,-7.117616,-2.790054,7.783254,-2.7594805,-0.47556219,5.087247,-10.072752,-12.367778,7.021677e-07,3.9197184e-05,0.9174582,4.3706088e-05,0.00031911556,0.08213901,8.0471615e-08,5.855289e-09,2,,,,0.013579943,Test
3386,0,-1.839099,0.83735085,5.4216433,-3.7072453,0.16005479,-1.822754,-8.963763,-9.847507,0.00069089356,0.010041036,0.9833575,0.00010668056,0.005100732,0.0007022791,5.561715e-07,2.2982832e-07,2,,,,0.14533834,-2.6084409,0.84014016,5.6277933,-3.9656405,0.42489615,-1.988491,-9.591009,-9.37258,0.00084857765,0.016661292,0.97366554,0.00012112396,0.008012174,0.00069009676,7.100114e-07,5.280096e-07,2,,,,0.008025607,Test
3387,0,-3.4622324,-1.9794841,2.5658658,-1.439786,-0.6048973,-1.6249723,-2.959164,0.07700184,0.0020505432,0.009032712,0.8508219,0.015495527,0.035710324,0.012875998,0.003391164,0.070621796,2,,,,0.92149884,-3.457688,-2.1237094,2.742416,-1.4442009,-0.53654444,-1.9274279,-2.9774292,0.31880388,0.0021304707,0.007346871,0.8477131,0.014551374,0.034173854,0.009836051,0.003636585,0.08061166,2,,,,0.012110372,Test
3388,0,3.980603,2.2666419,-1.2481471,-2.4222782,-2.5495248,-3.866979,-3.90075,-9.187387,0.84076226,0.15146397,0.004506671,0.0013929555,0.0012265205,0.0003284821,0.00031757413,1.6065251e-06,0,,,,0.69053745,4.404371,2.418441,-1.3870995,-2.7440276,-2.5904658,-4.6467237,-4.5995345,-9.583115,0.84527576,0.14901048,0.0037053241,0.00080508814,0.00093174435,0.0001378301,0.00013258177,1.2876591e-06,0,,,,0.027731625,Test
3389,1,8.9167385,-2.512736,-3.0630836,2.0458379,-4.7196565,-6.7387624,-2.322726,-11.679059,0.99893194,1.08587055e-05,6.2627523e-06,0.0010364341,1.194882e-06,1.5864941e-07,1.3131017e-05,1.1347345e-09,0,,,,0.012342811,8.701715,-2.5698829,-3.2203603,2.0056708,-4.7789874,-6.930337,-2.138108,-11.626862,0.99785554,3.8119782e-05,1.24641665e-05,0.002038065,4.7090075e-06,1.0627448e-06,4.9922557e-05,1.8641343e-08,0,,,,0.0004987479,Test
3390,0,-4.0607576,-1.7365304,1.4951273,-1.4860919,-1.56987,3.7188504,-3.4276114,-5.1935334,0.00037192478,0.0038006161,0.09623769,0.0048822286,0.0044898707,0.8893973,0.0007005305,0.000119810975,5,,,,0.5916145,-3.9638772,-1.7347485,1.473572,-1.558691,-1.458124,3.7628903,-3.6124852,-5.1954584,0.00049740134,0.0042141387,0.097632125,0.0057604806,0.005576937,0.885402,0.00077060756,0.00014630394,5,,,,0.0121624265,Test
3391,0,-3.2487674,-1.1491581,1.4631202,-2.0000129,-1.1924922,2.1302617,-3.5718207,-3.6307,0.0028575838,0.023326403,0.31794053,0.009961534,0.022337167,0.6195577,0.0020687056,0.001950419,5,,,,1.3289038,-3.1242168,-1.0501702,1.2596766,-1.9309998,-1.1470548,1.9515674,-3.5128417,-3.53833,0.004340435,0.035232868,0.30670983,0.012873098,0.032126907,0.60266525,0.0031647296,0.0028869158,5,,,,0.031765383,Test
3392,0,-3.9808576,-1.8183227,1.7720338,-2.184599,-1.0216525,3.7332053,-4.2268424,-4.8021603,0.00038595917,0.0033551985,0.12161587,0.002326197,0.0074423077,0.8644029,0.00030179456,0.00016976721,5,,,,0.6619576,-3.6250012,-1.6779537,1.6544993,-2.1804001,-1.049455,3.4933395,-3.9434028,-4.7336144,0.0010762461,0.0057182717,0.14541288,0.0034231644,0.010535637,0.8325874,0.00090080185,0.00034551616,5,,,,0.019849028,Test
3393,0,7.1988325,-1.765901,-1.3262687,1.1040801,-3.8890562,-6.2108083,-3.3683348,-11.396814,0.9973834,0.00012750523,0.00019790554,0.0022487692,1.5256442e-05,1.4966799e-06,2.5680276e-05,8.372897e-09,0,,,,0.02830088,7.193862,-1.7674134,-1.366086,1.1972578,-3.7498555,-6.4515657,-2.8498073,-10.804598,0.9957336,0.00031371397,0.00023749055,0.0036068591,3.0562354e-05,3.089286e-06,7.4663796e-05,4.2671726e-08,0,,,,0.00084272295,Test
3394,0,-3.8973417,-0.14878727,5.801705,-2.9999726,-0.36109862,1.9259179,-8.7251425,-11.317459,5.980719e-05,0.0025393937,0.9749808,0.0001467155,0.0020536408,0.02021916,4.7870304e-07,3.5829256e-08,2,,,,0.19238113,-3.6526737,0.011068583,5.39173,-2.95754,-0.31033552,1.7756878,-8.109851,-10.709225,0.0014585323,0.013255072,0.9377824,0.00059831596,0.0051484564,0.041750256,6.4097103e-06,5.9020334e-07,2,,,,0.016037917,Test
3395,0,3.9150054,1.3653828,-0.491592,-2.2945204,-2.532326,-6.079912,-3.961631,-7.8286138,0.9137963,0.07137767,0.011145213,0.0018369041,0.0014481345,4.169766e-05,0.00034679243,7.2553853e-06,0,,,,0.49805096,4.4126186,1.5503727,-0.8205188,-2.5674205,-2.7559383,-6.5313883,-4.364122,-8.933776,0.93019855,0.060464002,0.0072206417,0.0010361273,0.00088834297,2.1066666e-05,0.00016839428,2.7928513e-06,0,,,,0.009056276,Test
3396,0,-2.8700693,-0.4029259,4.266348,-2.5816433,-0.13021603,0.49575573,-6.416997,-6.953452,0.0007601511,0.008961212,0.955447,0.0010142894,0.011770722,0.022011986,2.1902259e-05,1.2808828e-05,2,,,,0.33891168,-2.7339146,-0.34097633,4.332938,-2.6494024,0.009852767,0.75224566,-6.506044,-7.22832,0.0010959842,0.010019568,0.9445323,0.00130793,0.013419074,0.029569993,3.5527104e-05,1.964556e-05,2,,,,0.006185896,Test
3397,0,-0.41231823,1.6304344,1.4499234,-2.9813719,-2.263428,0.67816114,-6.1579304,-10.439988,0.054458592,0.41997427,0.3506128,0.0041719642,0.00855342,0.16205247,0.00017409198,2.4049439e-06,1,,,,1.8038679,-0.33392844,1.7399858,1.4988636,-2.8487782,-2.3782907,0.73226404,-5.8168564,-10.578951,0.05722146,0.4265254,0.33222336,0.004461008,0.007623191,0.17167622,0.00026574772,3.5835624e-06,1,,,,0.06709802,Test
3398,1,-5.129657,-1.3724954,6.883288,-3.1694431,0.7537103,1.6573969,-9.257571,-9.399703,6.017874e-06,0.00025772577,0.99219924,4.2732023e-05,0.0021605142,0.0053336336,9.69868e-08,8.413672e-08,2,,,,0.07441407,-4.997522,-1.4958313,6.1646523,-2.8982368,0.86058486,1.4689661,-8.595669,-8.3225,9.8620636e-05,0.0021417737,0.97608596,0.0003462021,0.010894888,0.010414798,1.4302799e-05,3.4900945e-06,2,,,,0.0077264397,Test
3399,0,6.123107,2.981052,-2.0158317,-2.0439246,-3.519476,-5.310869,-4.336652,-11.881995,0.9579699,0.041378498,0.00027967626,0.00027192882,6.217722e-05,1.0366666e-05,2.7462265e-05,1.4515612e-08,0,,,,0.25745636,6.396846,3.329462,-1.921284,-2.5039172,-3.4810748,-5.606632,-4.63903,-12.301961,0.92339563,0.07598158,0.0003563933,0.00016475409,6.180904e-05,1.4143317e-05,2.5630648e-05,1.5019626e-08,0,,,,0.021413526,Test
3400,0,6.785152,-0.37370116,-2.2451434,-0.07729093,-3.4200811,-6.1345263,-2.2589102,-9.930997,0.99790287,0.0007763149,0.00011947604,0.0010441603,3.6898786e-05,2.4442381e-06,0.00011784257,5.4872817e-08,0,,,,0.025068559,6.8371177,0.07641882,-2.079129,0.06351657,-3.343665,-5.8126984,-2.6185858,-10.573171,0.995959,0.0019406279,0.00031030382,0.0013776624,8.2723454e-05,1.0901425e-05,0.00031860243,1.7949014e-07,0,,,,0.0010359914,Test
3401,0,-2.973531,0.029749246,4.7869883,-3.018098,-0.19866902,0.70765597,-7.5236173,-8.891167,0.00041254584,0.00831343,0.9678829,0.00039456357,0.0066157547,0.016375376,4.359077e-06,1.1103901e-06,2,,,,0.25727245,-2.880344,0.10422196,4.8442917,-2.8734295,0.008329528,1.0610418,-7.731214,-9.016073,0.00077189424,0.013807306,0.948191,0.00047581288,0.009073777,0.027671644,6.3784983e-06,2.1663493e-06,2,,,,0.00845017,Test
3402,1,6.249407,1.00432,-2.1005065,-1.0964952,-3.2936783,-5.3312435,-3.1797276,-10.602837,0.9937232,0.005240265,0.00023493302,0.00064118113,7.1245304e-05,9.2865175e-06,7.984439e-05,4.7690197e-08,0,,,,0.060586046,6.392501,0.9014494,-2.0906558,-1.1318923,-3.1541305,-5.3515434,-3.4063416,-11.260088,0.99161655,0.006691549,0.00049436383,0.0009537074,0.00011341982,2.1234158e-05,0.00010904849,8.586707e-08,0,,,,0.0019925442,Test
3403,0,-2.9531922,-1.1144446,2.75803,-2.0021312,-0.4095541,0.68956465,-3.912573,-3.6696892,0.0027479182,0.017280715,0.8305315,0.00711286,0.0349697,0.10496223,0.0010528102,0.0013422492,2,,,,0.931536,-2.8884263,-0.9607216,2.7137609,-2.130491,-0.3551005,0.6170245,-4.0360813,-3.7031798,0.003260939,0.022319851,0.81048137,0.0072801067,0.039457895,0.11433295,0.0013523877,0.0015145126,2,,,,0.022581132,Test
3404,0,-5.3638673,-1.6198962,7.747537,-2.6807892,0.93687636,0.8635412,-8.818198,-9.842367,2.0175125e-06,8.527115e-05,0.9977617,2.9516315e-05,0.0010994979,0.0010217517,6.377047e-08,2.2899618e-08,2,,,,0.02582011,-5.3374376,-1.7961916,7.709979,-2.3130631,1.1481562,0.87817794,-8.398786,-9.700662,2.060876e-05,0.00023536682,0.9964366,0.00016558036,0.0016879316,0.0014515201,2.2338108e-06,9.0190994e-08,2,,,,0.0007979944,Test
3405,0,-4.247745,-0.8922926,7.0305395,-2.9192915,0.2573713,0.7920426,-8.967302,-11.08715,1.2600202e-05,0.00036110362,0.99649256,4.756827e-05,0.0011400516,0.0019459395,1.1238275e-07,1.3491544e-08,2,,,,0.038741343,-4.3031297,-1.1262331,6.527878,-3.1534815,0.14902714,0.47505838,-8.862781,-10.179121,3.7263166e-05,0.00072207174,0.99414235,0.00010688999,0.0021821219,0.0028085925,6.128704e-07,1.0143119e-07,2,,,,0.0009011261,Test
3406,0,-2.595489,-0.26473343,1.6025392,-2.129567,-1.0357902,2.0190861,-4.02787,-4.9682,0.0053917514,0.055457998,0.35884795,0.008591665,0.025650661,0.5442701,0.0012872261,0.0005026602,5,,,,1.4926451,-2.8023572,-0.20816588,1.8310363,-2.2170186,-0.84043086,2.0873017,-4.3594494,-4.967194,0.004323407,0.0564012,0.39867172,0.0068943845,0.028829526,0.50349116,0.00088811654,0.0005004512,5,,,,0.037273973,Test
3407,0,-1.5317342,1.5817226,3.4073403,-2.8602636,-0.7740454,-0.018946003,-6.576019,-9.721104,0.00587945,0.13227989,0.821012,0.0015572694,0.012542868,0.026689,3.789934e-05,1.6320703e-06,2,,,,0.89706767,-1.4681835,1.3942554,3.5151563,-2.95015,-0.8551607,-0.19429429,-6.615865,-9.893232,0.007934221,0.14026318,0.8133832,0.0017261601,0.010753056,0.025881415,5.6193607e-05,2.6184546e-06,2,,,,0.032744527,Test
3408,0,-2.9969542,1.0354,6.8398676,-4.287234,-0.40033257,0.6954112,-11.598152,-14.847388,5.313107e-05,0.0029962468,0.9940904,1.46213315e-05,0.00071293005,0.0021326637,9.770033e-09,3.7911443e-10,2,,,,0.060982797,-2.813953,1.2892535,6.93043,-4.294589,0.079239294,0.40543643,-11.56346,-13.706381,0.00010395811,0.00786112,0.98822486,2.1734973e-05,0.0017143714,0.002073958,3.5515246e-08,9.446039e-09,2,,,,0.0033277401,Test
3409,0,2.746455,3.642592,0.7734328,-3.3852878,-2.9770947,-2.111169,-7.715749,-14.480999,0.27759314,0.6801365,0.038595445,0.0006031519,0.00090719934,0.0021565987,7.938366e-06,9.154207e-09,1,,,,1.107561,2.4085803,3.3324761,1.3510063,-3.6627288,-2.9992206,-1.8146207,-8.758682,-14.721369,0.26399577,0.6209683,0.10827354,0.0006521426,0.0018885343,0.0042135245,8.252889e-06,6.984253e-08,1,,,,0.048059065,Test
3410,0,-4.45918,-2.652046,2.0446897,-1.3933738,-1.4388396,0.48135668,-2.1710248,-0.74875706,0.001102127,0.0067152167,0.7359127,0.023642546,0.022591695,0.15412724,0.010863375,0.045045123,2,,,,1.3242716,-4.4337215,-2.5542085,1.8957589,-1.3617166,-1.4459376,0.6519811,-2.0832863,-0.78726727,0.0012864716,0.0085479785,0.6641611,0.025776098,0.024513023,0.21063814,0.012751716,0.052325476,2,,,,0.03235795,Test
3411,0,-3.384611,-1.188725,1.0666113,-1.5039396,-1.6567336,1.5073019,-2.43759,-2.8687286,0.004075519,0.03663061,0.34940103,0.026726874,0.022939846,0.54289234,0.010506762,0.0068269675,5,,,,1.5983658,-3.3604732,-1.0927457,1.1620566,-1.6483027,-1.5725565,1.4424756,-2.639777,-2.8909545,0.004967245,0.041024722,0.38106626,0.025442842,0.026396994,0.5042766,0.009348931,0.0074764453,5,,,,0.04089403,Test
3412,0,-0.7895905,0.4070283,4.566056,-2.932093,-0.24154933,-1.9444641,-7.5631285,-10.320533,0.004581414,0.015159483,0.9703471,0.0005376782,0.007925209,0.0014435911,5.2394917e-06,3.3247855e-07,2,,,,0.24422875,-0.9723979,0.47051582,4.6679726,-3.2139592,-0.030435681,-1.7917397,-7.709422,-10.543022,0.007495469,0.03402016,0.93899107,0.0005613105,0.016738512,0.0021757302,1.5615047e-05,2.141212e-06,2,,,,0.027572537,Test
3413,0,-1.4238739,1.7968453,3.8540006,-3.4310913,-1.8276935,0.6922798,-8.407227,-12.7202,0.0043271068,0.108377285,0.8479093,0.00058139884,0.0028894888,0.035911333,4.01205e-06,5.3736073e-08,2,,,,0.7862873,-0.9177605,1.985019,3.589822,-3.0088553,-2.124695,0.320542,-7.784238,-12.946136,0.018492395,0.20617947,0.735641,0.0016891223,0.0030638655,0.034915682,1.8274504e-05,9.8485124e-08,2,,,,0.047634676,Test
3414,0,-1.7344303,0.75338185,4.145044,-3.025641,-0.5902056,0.2741791,-7.707645,-10.099256,0.0026210481,0.031544097,0.9373423,0.00072062504,0.008230107,0.01953453,6.6733037e-06,6.1048894e-07,2,,,,0.44283,-1.719826,0.9819892,4.4206467,-3.2523224,-0.33132154,0.17572555,-7.6283875,-10.098858,0.0038929817,0.057660572,0.9126561,0.00090525125,0.010266225,0.014594717,2.2258348e-05,1.8575158e-06,2,,,,0.021903321,Test
3415,0,11.004094,-0.64607584,-4.227332,1.1672117,-5.7616167,-8.435441,-2.8119504,-15.746604,0.9999367,8.717016e-06,2.426879e-07,5.3440275e-05,5.2325912e-08,3.6098542e-09,9.994027e-07,2.411526e-12,0,,,,0.0010230346,10.497038,0.04517744,-3.3323712,1.2211117,-5.340617,-8.044943,-2.7871258,-14.34415,0.99962485,0.00018084407,2.7031297e-06,0.00018570443,4.010727e-07,7.323482e-08,5.425397e-06,1.6802722e-10,0,,,,0.00015284208,Test
3416,0,-3.6695223,-0.40721527,4.14275,-2.8028083,-0.5051474,2.3760858,-6.981192,-8.342422,0.00033942016,0.008862161,0.83861816,0.0008075078,0.008035412,0.14332166,1.2373652e-05,3.1719276e-06,2,,,,0.7434333,-3.3369656,-0.43201834,4.2861934,-2.8176656,-0.26322296,2.3931594,-7.0996385,-8.565104,0.0006369515,0.012276809,0.83508176,0.0010028473,0.010043489,0.14091352,3.112483e-05,1.3374629e-05,2,,,,0.018871829,Test
3417,0,-2.6305258,-1.1925235,1.2398813,-1.676525,-1.0166566,0.93393534,-2.5773377,-2.0719264,0.0101096155,0.04258446,0.48487645,0.026245328,0.05077257,0.35707587,0.010661884,0.017673856,2,,,,1.8266848,-2.7496784,-1.4035113,1.2299577,-1.5632638,-1.2615285,0.97563773,-2.5947382,-2.0554535,0.009465404,0.034776315,0.47785863,0.0305994,0.04016885,0.37631193,0.011123725,0.019695748,2,,,,0.033785455,Test
3418,0,-3.6219726,-1.309013,1.0146892,-0.70400405,-2.059144,1.2852579,-2.1443965,-3.5911825,0.0035937957,0.036312733,0.37087706,0.06649836,0.017150674,0.48611215,0.015749125,0.0037061693,5,,,,1.7243562,-3.4290295,-1.4403139,1.0412979,-0.7032247,-2.1690288,1.1131468,-1.9831808,-3.6276214,0.0057016937,0.038439885,0.40278,0.07536252,0.017624084,0.43178463,0.023227006,0.005080155,5,,,,0.027382191,Test
3419,0,3.0767453,1.5395106,-0.6460014,-2.2221675,-2.037242,-3.046275,-3.6467073,-7.6814327,0.7977237,0.17149046,0.019278986,0.003986243,0.004795967,0.0017484718,0.0009591668,1.696818e-05,0,,,,0.90077764,3.0218158,1.3392947,-0.37413868,-2.2710183,-1.5854545,-2.9564724,-3.6089363,-7.4677153,0.7810732,0.15878785,0.037610188,0.0048149237,0.0134178875,0.0025217994,0.0017236641,5.040536e-05,0,,,,0.032613285,Test
3420,0,-0.96341634,-1.3839749,1.5757432,-1.8531651,-0.1078731,-2.5794783,-2.5535605,0.09832008,0.04906031,0.032216918,0.62154603,0.020151962,0.115421854,0.009747282,0.01000321,0.14185238,2,,,,1.8037728,-0.79701173,-1.1780032,1.5344929,-1.7057645,-0.1338093,-2.5107725,-2.547421,0.03992585,0.0657816,0.04148937,0.5948954,0.024472587,0.11320009,0.011891553,0.010777244,0.13749215,2,,,,0.023617374,Test
